system,method,run_id,variant,is_simulated,iteration,qps,latency,throughput,cost,fidelity,prepare_time,run_time,clean_time,config_json
tomcat,tpe,3301,plain,false,1,2348.56,21.66,2348.56,10.031820297241211,"[8, 50, 10, False]",0.0,10.03062891960144,0.0,"{""acceptCount"": ""81"", ""allowBackslash"": ""FALSE"", ""compression"": ""force"", ""compressionMinSize"": ""6732"", ""connectionTimeout"": ""65990"", ""connectionUploadTimeout"": ""518648"", ""disableUploadTimeout"": ""FALSE"", ""executorTerminationTimeoutMillis"": ""417635"", ""keepAliveTimeout"": ""413563"", ""maxConnections"": ""14103"", ""maxHeaderCount"": ""706"", ""maxHttpHeaderSize"": ""14689"", ""maxHttpRequestHeaderSize"": ""13217"", ""maxHttpResponseHeaderSize"": ""14760"", ""maxKeepAliveRequests"": ""2410"", ""maxParameterCount"": ""87406"", ""maxSwallowSize"": ""12753754"", ""maxThreads"": ""89"", ""minSpareThreads"": ""257"", ""processorCache"": ""233"", ""tcpNoDelay"": ""FALSE"", ""threadPriority"": ""4"", ""threadsMaxIdleTime"": ""53217"", ""throughput__2"": ""2348.56"", ""useAsyncIO"": ""TRUE"", ""useVirtualThreads"": ""TRUE""}"
tomcat,tpe,3301,plain,false,2,2264.1,28.91,2264.1,10.039127826690674,"[8, 50, 10, False]",0.0,10.038997888565063,0.0,"{""acceptCount"": ""631"", ""allowBackslash"": ""FALSE"", ""compression"": ""off"", ""compressionMinSize"": ""1954"", ""connectionTimeout"": ""489961"", ""connectionUploadTimeout"": ""410252"", ""disableUploadTimeout"": ""TRUE"", ""executorTerminationTimeoutMillis"": ""34694"", ""keepAliveTimeout"": ""366925"", ""maxConnections"": ""14548"", ""maxHeaderCount"": ""541"", ""maxHttpHeaderSize"": ""51034"", ""maxHttpRequestHeaderSize"": ""4300"", ""maxHttpResponseHeaderSize"": ""12773"", ""maxKeepAliveRequests"": ""2825"", ""maxParameterCount"": ""13384"", ""maxSwallowSize"": ""6267786"", ""maxThreads"": ""127"", ""minSpareThreads"": ""234"", ""processorCache"": ""102"", ""tcpNoDelay"": ""TRUE"", ""threadPriority"": ""7"", ""threadsMaxIdleTime"": ""187754"", ""throughput__2"": ""2264.1"", ""useAsyncIO"": ""TRUE"", ""useVirtualThreads"": ""FALSE""}"
tomcat,tpe,3301,plain,false,3,2338.96,21.24,2338.96,10.026957035064697,"[8, 50, 10, False]",0.0,10.026867628097534,0.0,"{""acceptCount"": ""284"", ""allowBackslash"": ""FALSE"", ""compression"": ""on"", ""compressionMinSize"": ""2858"", ""connectionTimeout"": ""326620"", ""connectionUploadTimeout"": ""452858"", ""disableUploadTimeout"": ""TRUE"", ""executorTerminationTimeoutMillis"": ""354007"", ""keepAliveTimeout"": ""329171"", ""maxConnections"": ""17969"", ""maxHeaderCount"": ""92"", ""maxHttpHeaderSize"": ""46434"", ""maxHttpRequestHeaderSize"": ""35619"", ""maxHttpResponseHeaderSize"": ""54083"", ""maxKeepAliveRequests"": ""4824"", ""maxParameterCount"": ""11063"", ""maxSwallowSize"": ""19276958"", ""maxThreads"": ""191"", ""minSpareThreads"": ""131"", ""processorCache"": ""263"", ""tcpNoDelay"": ""FALSE"", ""threadPriority"": ""7"", ""threadsMaxIdleTime"": ""70703"", ""throughput__2"": ""2338.96"", ""useAsyncIO"": ""FALSE"", ""useVirtualThreads"": ""TRUE""}"
tomcat,tpe,3301,plain,false,4,2463.78,23.74,2463.78,10.018085479736328,"[8, 50, 10, False]",0.0,10.017990112304688,0.0,"{""acceptCount"": ""297"", ""allowBackslash"": ""TRUE"", ""compression"": ""force"", ""compressionMinSize"": ""7506"", ""connectionTimeout"": ""79245"", ""connectionUploadTimeout"": ""22212"", ""disableUploadTimeout"": ""FALSE"", ""executorTerminationTimeoutMillis"": ""529358"", ""keepAliveTimeout"": ""588570"", ""maxConnections"": ""13174"", ""maxHeaderCount"": ""324"", ""maxHttpHeaderSize"": ""6331"", ""maxHttpRequestHeaderSize"": ""27647"", ""maxHttpResponseHeaderSize"": ""11842"", ""maxKeepAliveRequests"": ""4076"", ""maxParameterCount"": ""7599"", ""maxSwallowSize"": ""7097794"", ""maxThreads"": ""250"", ""minSpareThreads"": ""416"", ""processorCache"": ""200"", ""tcpNoDelay"": ""FALSE"", ""threadPriority"": ""2"", ""threadsMaxIdleTime"": ""588993"", ""throughput__2"": ""2463.78"", ""useAsyncIO"": ""FALSE"", ""useVirtualThreads"": ""FALSE""}"
tomcat,tpe,3301,plain,false,5,2398.38,26.3,2398.38,10.031677484512329,"[8, 50, 10, False]",0.0,10.03159499168396,0.0,"{""acceptCount"": ""620"", ""allowBackslash"": ""FALSE"", ""compression"": ""on"", ""compressionMinSize"": ""3287"", ""connectionTimeout"": ""468425"", ""connectionUploadTimeout"": ""388770"", ""disableUploadTimeout"": ""TRUE"", ""executorTerminationTimeoutMillis"": ""537404"", ""keepAliveTimeout"": ""229870"", ""maxConnections"": ""19017"", ""maxHeaderCount"": ""926"", ""maxHttpHeaderSize"": ""16135"", ""maxHttpRequestHeaderSize"": ""44551"", ""maxHttpResponseHeaderSize"": ""50182"", ""maxKeepAliveRequests"": ""4096"", ""maxParameterCount"": ""1946"", ""maxSwallowSize"": ""4547236"", ""maxThreads"": ""63"", ""minSpareThreads"": ""951"", ""processorCache"": ""12"", ""tcpNoDelay"": ""TRUE"", ""threadPriority"": ""7"", ""threadsMaxIdleTime"": ""592307"", ""throughput__2"": ""2398.38"", ""useAsyncIO"": ""FALSE"", ""useVirtualThreads"": ""FALSE""}"
tomcat,tpe,3301,plain,false,6,2228.67,22.4,2228.67,10.02818775177002,"[8, 50, 10, False]",0.0,10.028093576431274,0.0,"{""acceptCount"": ""578"", ""allowBackslash"": ""TRUE"", ""compression"": ""force"", ""compressionMinSize"": ""842"", ""connectionTimeout"": ""437288"", ""connectionUploadTimeout"": ""578126"", ""disableUploadTimeout"": ""FALSE"", ""executorTerminationTimeoutMillis"": ""508163"", ""keepAliveTimeout"": ""77278"", ""maxConnections"": ""4303"", ""maxHeaderCount"": ""271"", ""maxHttpHeaderSize"": ""60452"", ""maxHttpRequestHeaderSize"": ""40617"", ""maxHttpResponseHeaderSize"": ""22230"", ""maxKeepAliveRequests"": ""257"", ""maxParameterCount"": ""71909"", ""maxSwallowSize"": ""3151773"", ""maxThreads"": ""316"", ""minSpareThreads"": ""902"", ""processorCache"": ""339"", ""tcpNoDelay"": ""TRUE"", ""threadPriority"": ""8"", ""threadsMaxIdleTime"": ""514333"", ""throughput__2"": ""2228.67"", ""useAsyncIO"": ""TRUE"", ""useVirtualThreads"": ""TRUE""}"
tomcat,tpe,3301,plain,false,7,2256.94,22.01,2256.94,10.02670955657959,"[8, 50, 10, False]",0.0,10.026612520217896,0.0,"{""acceptCount"": ""944"", ""allowBackslash"": ""TRUE"", ""compression"": ""force"", ""compressionMinSize"": ""3516"", ""connectionTimeout"": ""303960"", ""connectionUploadTimeout"": ""396413"", ""disableUploadTimeout"": ""FALSE"", ""executorTerminationTimeoutMillis"": ""158107"", ""keepAliveTimeout"": ""151900"", ""maxConnections"": ""15274"", ""maxHeaderCount"": ""10"", ""maxHttpHeaderSize"": ""52525"", ""maxHttpRequestHeaderSize"": ""46088"", ""maxHttpResponseHeaderSize"": ""52618"", ""maxKeepAliveRequests"": ""2831"", ""maxParameterCount"": ""4276"", ""maxSwallowSize"": ""1305586"", ""maxThreads"": ""382"", ""minSpareThreads"": ""336"", ""processorCache"": ""61"", ""tcpNoDelay"": ""FALSE"", ""threadPriority"": ""3"", ""threadsMaxIdleTime"": ""429465"", ""throughput__2"": ""2256.94"", ""useAsyncIO"": ""TRUE"", ""useVirtualThreads"": ""TRUE""}"
tomcat,tpe,3301,plain,false,8,2321.93,23.31,2321.93,10.026760578155518,"[8, 50, 10, False]",0.0,10.026638507843018,0.0,"{""acceptCount"": ""876"", ""allowBackslash"": ""TRUE"", ""compression"": ""on"", ""compressionMinSize"": ""8079"", ""connectionTimeout"": ""265846"", ""connectionUploadTimeout"": ""489927"", ""disableUploadTimeout"": ""FALSE"", ""executorTerminationTimeoutMillis"": ""479494"", ""keepAliveTimeout"": ""98831"", ""maxConnections"": ""12238"", ""maxHeaderCount"": ""492"", ""maxHttpHeaderSize"": ""35830"", ""maxHttpRequestHeaderSize"": ""23413"", ""maxHttpResponseHeaderSize"": ""7951"", ""maxKeepAliveRequests"": ""4461"", ""maxParameterCount"": ""9319"", ""maxSwallowSize"": ""5336440"", ""maxThreads"": ""290"", ""minSpareThreads"": ""724"", ""processorCache"": ""192"", ""tcpNoDelay"": ""TRUE"", ""threadPriority"": ""6"", ""threadsMaxIdleTime"": ""533745"", ""throughput__2"": ""2321.93"", ""useAsyncIO"": ""FALSE"", ""useVirtualThreads"": ""FALSE""}"
tomcat,tpe,3301,plain,false,9,2224.6,22.33,2224.6,10.019796371459961,"[8, 50, 10, False]",0.0,10.019710779190063,0.0,"{""acceptCount"": ""736"", ""allowBackslash"": ""TRUE"", ""compression"": ""on"", ""compressionMinSize"": ""524"", ""connectionTimeout"": ""300445"", ""connectionUploadTimeout"": ""220299"", ""disableUploadTimeout"": ""FALSE"", ""executorTerminationTimeoutMillis"": ""202105"", ""keepAliveTimeout"": ""491491"", ""maxConnections"": ""12127"", ""maxHeaderCount"": ""614"", ""maxHttpHeaderSize"": ""11401"", ""maxHttpRequestHeaderSize"": ""4031"", ""maxHttpResponseHeaderSize"": ""5468"", ""maxKeepAliveRequests"": ""3928"", ""maxParameterCount"": ""6859"", ""maxSwallowSize"": ""13586404"", ""maxThreads"": ""197"", ""minSpareThreads"": ""820"", ""processorCache"": ""239"", ""tcpNoDelay"": ""TRUE"", ""threadPriority"": ""4"", ""threadsMaxIdleTime"": ""170194"", ""throughput__2"": ""2224.6"", ""useAsyncIO"": ""TRUE"", ""useVirtualThreads"": ""TRUE""}"
tomcat,tpe,3301,plain,false,10,2216.5,22.63,2216.5,10.036235570907593,"[8, 50, 10, False]",0.0,10.03614091873169,0.0,"{""acceptCount"": ""299"", ""allowBackslash"": ""TRUE"", ""compression"": ""off"", ""compressionMinSize"": ""5622"", ""connectionTimeout"": ""302862"", ""connectionUploadTimeout"": ""450732"", ""disableUploadTimeout"": ""TRUE"", ""executorTerminationTimeoutMillis"": ""315265"", ""keepAliveTimeout"": ""213792"", ""maxConnections"": ""3633"", ""maxHeaderCount"": ""475"", ""maxHttpHeaderSize"": ""53359"", ""maxHttpRequestHeaderSize"": ""39574"", ""maxHttpResponseHeaderSize"": ""38800"", ""maxKeepAliveRequests"": ""3354"", ""maxParameterCount"": ""12148"", ""maxSwallowSize"": ""12430264"", ""maxThreads"": ""248"", ""minSpareThreads"": ""431"", ""processorCache"": ""299"", ""tcpNoDelay"": ""TRUE"", ""threadPriority"": ""1"", ""threadsMaxIdleTime"": ""341252"", ""throughput__2"": ""2216.5"", ""useAsyncIO"": ""FALSE"", ""useVirtualThreads"": ""TRUE""}"
tomcat,tpe,3301,plain,false,11,2442.29,26.94,2442.29,10.042901039123535,"[8, 50, 10, False]",0.0,10.042810201644897,0.0,"{""acceptCount"": ""875"", ""allowBackslash"": ""FALSE"", ""compression"": ""off"", ""compressionMinSize"": ""7189"", ""connectionTimeout"": ""244843"", ""connectionUploadTimeout"": ""24566"", ""disableUploadTimeout"": ""TRUE"", ""executorTerminationTimeoutMillis"": ""224275"", ""keepAliveTimeout"": ""148571"", ""maxConnections"": ""6779"", ""maxHeaderCount"": ""402"", ""maxHttpHeaderSize"": ""21226"", ""maxHttpRequestHeaderSize"": ""46006"", ""maxHttpResponseHeaderSize"": ""33229"", ""maxKeepAliveRequests"": ""4015"", ""maxParameterCount"": ""12758"", ""maxSwallowSize"": ""10527305"", ""maxThreads"": ""391"", ""minSpareThreads"": ""387"", ""processorCache"": ""277"", ""tcpNoDelay"": ""FALSE"", ""threadPriority"": ""3"", ""threadsMaxIdleTime"": ""514698"", ""throughput__2"": ""2442.29"", ""useAsyncIO"": ""TRUE"", ""useVirtualThreads"": ""FALSE""}"
tomcat,tpe,3301,plain,false,12,2281.21,26.9,2281.21,10.033113241195679,"[8, 50, 10, False]",0.0,10.03299617767334,0.0,"{""acceptCount"": ""120"", ""allowBackslash"": ""TRUE"", ""compression"": ""force"", ""compressionMinSize"": ""4467"", ""connectionTimeout"": ""364486"", ""connectionUploadTimeout"": ""119369"", ""disableUploadTimeout"": ""TRUE"", ""executorTerminationTimeoutMillis"": ""508726"", ""keepAliveTimeout"": ""173902"", ""maxConnections"": ""14688"", ""maxHeaderCount"": ""60"", ""maxHttpHeaderSize"": ""37043"", ""maxHttpRequestHeaderSize"": ""39431"", ""maxHttpResponseHeaderSize"": ""15630"", ""maxKeepAliveRequests"": ""4167"", ""maxParameterCount"": ""45521"", ""maxSwallowSize"": ""16481860"", ""maxThreads"": ""153"", ""minSpareThreads"": ""393"", ""processorCache"": ""153"", ""tcpNoDelay"": ""TRUE"", ""threadPriority"": ""4"", ""threadsMaxIdleTime"": ""458423"", ""throughput__2"": ""2281.21"", ""useAsyncIO"": ""FALSE"", ""useVirtualThreads"": ""FALSE""}"
tomcat,tpe,3301,plain,false,13,2433.97,25.35,2433.97,10.027727603912354,"[8, 50, 10, False]",0.0,10.027587652206421,0.0,"{""acceptCount"": ""486"", ""allowBackslash"": ""FALSE"", ""compression"": ""off"", ""compressionMinSize"": ""3231"", ""connectionTimeout"": ""293029"", ""connectionUploadTimeout"": ""421866"", ""disableUploadTimeout"": ""FALSE"", ""executorTerminationTimeoutMillis"": ""262735"", ""keepAliveTimeout"": ""561317"", ""maxConnections"": ""16956"", ""maxHeaderCount"": ""593"", ""maxHttpHeaderSize"": ""50537"", ""maxHttpRequestHeaderSize"": ""28734"", ""maxHttpResponseHeaderSize"": ""35789"", ""maxKeepAliveRequests"": ""4049"", ""maxParameterCount"": ""18089"", ""maxSwallowSize"": ""14666089"", ""maxThreads"": ""325"", ""minSpareThreads"": ""338"", ""processorCache"": ""306"", ""tcpNoDelay"": ""TRUE"", ""threadPriority"": ""2"", ""threadsMaxIdleTime"": ""203927"", ""throughput__2"": ""2433.97"", ""useAsyncIO"": ""TRUE"", ""useVirtualThreads"": ""FALSE""}"
tomcat,tpe,3301,plain,false,14,2366.49,21.17,2366.49,10.023452997207642,"[8, 50, 10, False]",0.0,10.0233736038208,0.0,"{""acceptCount"": ""804"", ""allowBackslash"": ""TRUE"", ""compression"": ""on"", ""compressionMinSize"": ""4246"", ""connectionTimeout"": ""227008"", ""connectionUploadTimeout"": ""80106"", ""disableUploadTimeout"": ""TRUE"", ""executorTerminationTimeoutMillis"": ""54110"", ""keepAliveTimeout"": ""522990"", ""maxConnections"": ""10781"", ""maxHeaderCount"": ""390"", ""maxHttpHeaderSize"": ""53154"", ""maxHttpRequestHeaderSize"": ""53664"", ""maxHttpResponseHeaderSize"": ""8753"", ""maxKeepAliveRequests"": ""3539"", ""maxParameterCount"": ""12696"", ""maxSwallowSize"": ""16571024"", ""maxThreads"": ""312"", ""minSpareThreads"": ""707"", ""processorCache"": ""193"", ""tcpNoDelay"": ""FALSE"", ""threadPriority"": ""5"", ""threadsMaxIdleTime"": ""60346"", ""throughput__2"": ""2366.49"", ""useAsyncIO"": ""FALSE"", ""useVirtualThreads"": ""TRUE""}"
tomcat,tpe,3301,plain,false,15,2274.99,21.84,2274.99,10.036126613616943,"[8, 50, 10, False]",0.0,10.035699605941772,0.0,"{""acceptCount"": ""706"", ""allowBackslash"": ""TRUE"", ""compression"": ""off"", ""compressionMinSize"": ""2116"", ""connectionTimeout"": ""399622"", ""connectionUploadTimeout"": ""525048"", ""disableUploadTimeout"": ""FALSE"", ""executorTerminationTimeoutMillis"": ""460833"", ""keepAliveTimeout"": ""318974"", ""maxConnections"": ""19526"", ""maxHeaderCount"": ""357"", ""maxHttpHeaderSize"": ""43864"", ""maxHttpRequestHeaderSize"": ""4228"", ""maxHttpResponseHeaderSize"": ""56915"", ""maxKeepAliveRequests"": ""2000"", ""maxParameterCount"": ""67597"", ""maxSwallowSize"": ""17831638"", ""maxThreads"": ""40"", ""minSpareThreads"": ""524"", ""processorCache"": ""94"", ""tcpNoDelay"": ""TRUE"", ""threadPriority"": ""6"", ""threadsMaxIdleTime"": ""103921"", ""throughput__2"": ""2274.99"", ""useAsyncIO"": ""FALSE"", ""useVirtualThreads"": ""TRUE""}"
tomcat,tpe,3301,plain,false,16,2288.29,24.8,2288.29,10.0377357006073,"[8, 50, 10, False]",0.0,10.037617921829224,0.0,"{""acceptCount"": ""605"", ""allowBackslash"": ""FALSE"", ""compression"": ""on"", ""compressionMinSize"": ""8159"", ""connectionTimeout"": ""540150"", ""connectionUploadTimeout"": ""236245"", ""disableUploadTimeout"": ""FALSE"", ""executorTerminationTimeoutMillis"": ""370816"", ""keepAliveTimeout"": ""452771"", ""maxConnections"": ""14255"", ""maxHeaderCount"": ""748"", ""maxHttpHeaderSize"": ""25077"", ""maxHttpRequestHeaderSize"": ""21938"", ""maxHttpResponseHeaderSize"": ""63964"", ""maxKeepAliveRequests"": ""54"", ""maxParameterCount"": ""55313"", ""maxSwallowSize"": ""9323014"", ""maxThreads"": ""98"", ""minSpareThreads"": ""89"", ""processorCache"": ""18"", ""tcpNoDelay"": ""FALSE"", ""threadPriority"": ""5"", ""threadsMaxIdleTime"": ""491940"", ""throughput__2"": ""2288.29"", ""useAsyncIO"": ""FALSE"", ""useVirtualThreads"": ""FALSE""}"
tomcat,tpe,3301,plain,false,17,2403.41,25.31,2403.41,10.029434204101562,"[8, 50, 10, False]",0.0,10.02930498123169,0.0,"{""acceptCount"": ""446"", ""allowBackslash"": ""TRUE"", ""compression"": ""on"", ""compressionMinSize"": ""9506"", ""connectionTimeout"": ""70035"", ""connectionUploadTimeout"": ""56726"", ""disableUploadTimeout"": ""TRUE"", ""executorTerminationTimeoutMillis"": ""243830"", ""keepAliveTimeout"": ""103319"", ""maxConnections"": ""4640"", ""maxHeaderCount"": ""711"", ""maxHttpHeaderSize"": ""11619"", ""maxHttpRequestHeaderSize"": ""21275"", ""maxHttpResponseHeaderSize"": ""1529"", ""maxKeepAliveRequests"": ""2346"", ""maxParameterCount"": ""45482"", ""maxSwallowSize"": ""14333320"", ""maxThreads"": ""128"", ""minSpareThreads"": ""378"", ""processorCache"": ""27"", ""tcpNoDelay"": ""TRUE"", ""threadPriority"": ""3"", ""threadsMaxIdleTime"": ""3657"", ""throughput__2"": ""2403.41"", ""useAsyncIO"": ""FALSE"", ""useVirtualThreads"": ""FALSE""}"
tomcat,tpe,3301,plain,false,18,2510.8,26.89,2510.8,10.02321720123291,"[8, 50, 10, False]",0.0,10.023127794265747,0.0,"{""acceptCount"": ""493"", ""allowBackslash"": ""TRUE"", ""compression"": ""off"", ""compressionMinSize"": ""2795"", ""connectionTimeout"": ""206209"", ""connectionUploadTimeout"": ""403355"", ""disableUploadTimeout"": ""TRUE"", ""executorTerminationTimeoutMillis"": ""226581"", ""keepAliveTimeout"": ""123033"", ""maxConnections"": ""15477"", ""maxHeaderCount"": ""689"", ""maxHttpHeaderSize"": ""64990"", ""maxHttpRequestHeaderSize"": ""56180"", ""maxHttpResponseHeaderSize"": ""12467"", ""maxKeepAliveRequests"": ""2717"", ""maxParameterCount"": ""79674"", ""maxSwallowSize"": ""7584074"", ""maxThreads"": ""166"", ""minSpareThreads"": ""484"", ""processorCache"": ""160"", ""tcpNoDelay"": ""TRUE"", ""threadPriority"": ""2"", ""threadsMaxIdleTime"": ""184073"", ""throughput__2"": ""2510.8"", ""useAsyncIO"": ""FALSE"", ""useVirtualThreads"": ""FALSE""}"
tomcat,tpe,3301,plain,false,19,2386.6,24.48,2386.6,10.025407075881958,"[8, 50, 10, False]",0.0,10.025306940078735,0.0,"{""acceptCount"": ""70"", ""allowBackslash"": ""FALSE"", ""compression"": ""off"", ""compressionMinSize"": ""7537"", ""connectionTimeout"": ""199201"", ""connectionUploadTimeout"": ""208418"", ""disableUploadTimeout"": ""FALSE"", ""executorTerminationTimeoutMillis"": ""277804"", ""keepAliveTimeout"": ""385371"", ""maxConnections"": ""5459"", ""maxHeaderCount"": ""233"", ""maxHttpHeaderSize"": ""3178"", ""maxHttpRequestHeaderSize"": ""64400"", ""maxHttpResponseHeaderSize"": ""36343"", ""maxKeepAliveRequests"": ""3808"", ""maxParameterCount"": ""18597"", ""maxSwallowSize"": ""9464863"", ""maxThreads"": ""281"", ""minSpareThreads"": ""190"", ""processorCache"": ""4"", ""tcpNoDelay"": ""TRUE"", ""threadPriority"": ""4"", ""threadsMaxIdleTime"": ""313262"", ""throughput__2"": ""2386.6"", ""useAsyncIO"": ""TRUE"", ""useVirtualThreads"": ""FALSE""}"
tomcat,tpe,3301,plain,false,20,2246.26,22.39,2246.26,10.026169061660767,"[8, 50, 10, False]",0.0,10.026077270507812,0.0,"{""acceptCount"": ""116"", ""allowBackslash"": ""TRUE"", ""compression"": ""force"", ""compressionMinSize"": ""5840"", ""connectionTimeout"": ""34155"", ""connectionUploadTimeout"": ""315254"", ""disableUploadTimeout"": ""TRUE"", ""executorTerminationTimeoutMillis"": ""81633"", ""keepAliveTimeout"": ""102747"", ""maxConnections"": ""11174"", ""maxHeaderCount"": ""263"", ""maxHttpHeaderSize"": ""41418"", ""maxHttpRequestHeaderSize"": ""10333"", ""maxHttpResponseHeaderSize"": ""46523"", ""maxKeepAliveRequests"": ""2008"", ""maxParameterCount"": ""18890"", ""maxSwallowSize"": ""20025762"", ""maxThreads"": ""193"", ""minSpareThreads"": ""599"", ""processorCache"": ""9"", ""tcpNoDelay"": ""TRUE"", ""threadPriority"": ""1"", ""threadsMaxIdleTime"": ""148690"", ""throughput__2"": ""2246.26"", ""useAsyncIO"": ""TRUE"", ""useVirtualThreads"": ""TRUE""}"
tomcat,tpe,3301,plain,false,21,2350.41,24.08,2350.41,10.022385358810425,"[8, 50, 10, False]",0.0,10.022288799285889,0.0,"{""acceptCount"": ""969"", ""allowBackslash"": ""FALSE"", ""compression"": ""off"", ""compressionMinSize"": ""2353"", ""connectionTimeout"": ""325583"", ""connectionUploadTimeout"": ""36074"", ""disableUploadTimeout"": ""TRUE"", ""executorTerminationTimeoutMillis"": ""533894"", ""keepAliveTimeout"": ""407806"", ""maxConnections"": ""9355"", ""maxHeaderCount"": ""454"", ""maxHttpHeaderSize"": ""4962"", ""maxHttpRequestHeaderSize"": ""19010"", ""maxHttpResponseHeaderSize"": ""17421"", ""maxKeepAliveRequests"": ""3860"", ""maxParameterCount"": ""44113"", ""maxSwallowSize"": ""6322108"", ""maxThreads"": ""117"", ""minSpareThreads"": ""581"", ""processorCache"": ""364"", ""tcpNoDelay"": ""FALSE"", ""threadPriority"": ""7"", ""threadsMaxIdleTime"": ""519518"", ""throughput__2"": ""2350.41"", ""useAsyncIO"": ""TRUE"", ""useVirtualThreads"": ""FALSE""}"
tomcat,tpe,3301,plain,false,22,2410.59,26.91,2410.59,10.028796434402466,"[8, 50, 10, False]",0.0,10.028704643249512,0.0,"{""acceptCount"": ""144"", ""allowBackslash"": ""TRUE"", ""compression"": ""off"", ""compressionMinSize"": ""10053"", ""connectionTimeout"": ""103864"", ""connectionUploadTimeout"": ""34213"", ""disableUploadTimeout"": ""FALSE"", ""executorTerminationTimeoutMillis"": ""533433"", ""keepAliveTimeout"": ""510104"", ""maxConnections"": ""10022"", ""maxHeaderCount"": ""439"", ""maxHttpHeaderSize"": ""21109"", ""maxHttpRequestHeaderSize"": ""18681"", ""maxHttpResponseHeaderSize"": ""52810"", ""maxKeepAliveRequests"": ""4814"", ""maxParameterCount"": ""12404"", ""maxSwallowSize"": ""12693497"", ""maxThreads"": ""128"", ""minSpareThreads"": ""673"", ""processorCache"": ""10"", ""tcpNoDelay"": ""FALSE"", ""threadPriority"": ""7"", ""threadsMaxIdleTime"": ""77592"", ""throughput__2"": ""2410.59"", ""useAsyncIO"": ""FALSE"", ""useVirtualThreads"": ""FALSE""}"
tomcat,tpe,3301,plain,false,23,2496.45,25.36,2496.45,10.0274977684021,"[8, 50, 10, False]",0.0,10.027408838272095,0.0,"{""acceptCount"": ""307"", ""allowBackslash"": ""FALSE"", ""compression"": ""force"", ""compressionMinSize"": ""10222"", ""connectionTimeout"": ""14854"", ""connectionUploadTimeout"": ""262398"", ""disableUploadTimeout"": ""TRUE"", ""executorTerminationTimeoutMillis"": ""428431"", ""keepAliveTimeout"": ""212995"", ""maxConnections"": ""644"", ""maxHeaderCount"": ""703"", ""maxHttpHeaderSize"": ""51416"", ""maxHttpRequestHeaderSize"": ""62684"", ""maxHttpResponseHeaderSize"": ""65182"", ""maxKeepAliveRequests"": ""4774"", ""maxParameterCount"": ""30794"", ""maxSwallowSize"": ""7483795"", ""maxThreads"": ""195"", ""minSpareThreads"": ""452"", ""processorCache"": ""93"", ""tcpNoDelay"": ""FALSE"", ""threadPriority"": ""5"", ""threadsMaxIdleTime"": ""402354"", ""throughput__2"": ""2496.45"", ""useAsyncIO"": ""TRUE"", ""useVirtualThreads"": ""FALSE""}"
tomcat,tpe,3301,plain,false,24,2510.38,25.38,2510.38,10.034498929977417,"[8, 50, 10, False]",0.0,10.034406661987305,0.0,"{""acceptCount"": ""729"", ""allowBackslash"": ""FALSE"", ""compression"": ""off"", ""compressionMinSize"": ""7977"", ""connectionTimeout"": ""43706"", ""connectionUploadTimeout"": ""81017"", ""disableUploadTimeout"": ""FALSE"", ""executorTerminationTimeoutMillis"": ""22760"", ""keepAliveTimeout"": ""1064"", ""maxConnections"": ""7754"", ""maxHeaderCount"": ""197"", ""maxHttpHeaderSize"": ""57811"", ""maxHttpRequestHeaderSize"": ""6313"", ""maxHttpResponseHeaderSize"": ""54521"", ""maxKeepAliveRequests"": ""1115"", ""maxParameterCount"": ""58124"", ""maxSwallowSize"": ""18597008"", ""maxThreads"": ""154"", ""minSpareThreads"": ""859"", ""processorCache"": ""212"", ""tcpNoDelay"": ""FALSE"", ""threadPriority"": ""1"", ""threadsMaxIdleTime"": ""545741"", ""throughput__2"": ""2510.38"", ""useAsyncIO"": ""TRUE"", ""useVirtualThreads"": ""FALSE""}"
tomcat,tpe,3301,plain,false,25,2577.92,34.09,2577.92,10.053731918334961,"[8, 50, 10, False]",0.0,10.053622245788574,0.0,"{""acceptCount"": ""10"", ""allowBackslash"": ""FALSE"", ""compression"": ""off"", ""compressionMinSize"": ""9647"", ""connectionTimeout"": ""485393"", ""connectionUploadTimeout"": ""341214"", ""disableUploadTimeout"": ""TRUE"", ""executorTerminationTimeoutMillis"": ""223373"", ""keepAliveTimeout"": ""165356"", ""maxConnections"": ""1771"", ""maxHeaderCount"": ""163"", ""maxHttpHeaderSize"": ""60353"", ""maxHttpRequestHeaderSize"": ""58982"", ""maxHttpResponseHeaderSize"": ""21044"", ""maxKeepAliveRequests"": ""4694"", ""maxParameterCount"": ""91195"", ""maxSwallowSize"": ""19208523"", ""maxThreads"": ""307"", ""minSpareThreads"": ""401"", ""processorCache"": ""285"", ""tcpNoDelay"": ""FALSE"", ""threadPriority"": ""10"", ""threadsMaxIdleTime"": ""287924"", ""throughput__2"": ""2577.92"", ""useAsyncIO"": ""TRUE"", ""useVirtualThreads"": ""FALSE""}"
tomcat,tpe,3301,plain,false,26,2262.04,25.24,2262.04,10.026808023452759,"[8, 50, 10, False]",0.0,10.026694297790527,0.0,"{""acceptCount"": ""656"", ""allowBackslash"": ""TRUE"", ""compression"": ""off"", ""compressionMinSize"": ""9779"", ""connectionTimeout"": ""276508"", ""connectionUploadTimeout"": ""333004"", ""disableUploadTimeout"": ""TRUE"", ""executorTerminationTimeoutMillis"": ""257587"", ""keepAliveTimeout"": ""239656"", ""maxConnections"": ""15293"", ""maxHeaderCount"": ""613"", ""maxHttpHeaderSize"": ""62550"", ""maxHttpRequestHeaderSize"": ""46231"", ""maxHttpResponseHeaderSize"": ""3948"", ""maxKeepAliveRequests"": ""1757"", ""maxParameterCount"": ""69420"", ""maxSwallowSize"": ""16909409"", ""maxThreads"": ""189"", ""minSpareThreads"": ""935"", ""processorCache"": ""345"", ""tcpNoDelay"": ""FALSE"", ""threadPriority"": ""1"", ""threadsMaxIdleTime"": ""140446"", ""throughput__2"": ""2262.04"", ""useAsyncIO"": ""FALSE"", ""useVirtualThreads"": ""FALSE""}"
tomcat,tpe,3301,plain,false,27,2417.34,25.66,2417.34,10.02727746963501,"[8, 50, 10, False]",0.0,10.02718710899353,0.0,"{""acceptCount"": ""640"", ""allowBackslash"": ""FALSE"", ""compression"": ""off"", ""compressionMinSize"": ""5322"", ""connectionTimeout"": ""180905"", ""connectionUploadTimeout"": ""523786"", ""disableUploadTimeout"": ""TRUE"", ""executorTerminationTimeoutMillis"": ""86028"", ""keepAliveTimeout"": ""366644"", ""maxConnections"": ""309"", ""maxHeaderCount"": ""135"", ""maxHttpHeaderSize"": ""54907"", ""maxHttpRequestHeaderSize"": ""42812"", ""maxHttpResponseHeaderSize"": ""15118"", ""maxKeepAliveRequests"": ""1827"", ""maxParameterCount"": ""92736"", ""maxSwallowSize"": ""13004348"", ""maxThreads"": ""107"", ""minSpareThreads"": ""354"", ""processorCache"": ""160"", ""tcpNoDelay"": ""FALSE"", ""threadPriority"": ""6"", ""threadsMaxIdleTime"": ""349736"", ""throughput__2"": ""2417.34"", ""useAsyncIO"": ""TRUE"", ""useVirtualThreads"": ""FALSE""}"
tomcat,tpe,3301,plain,false,28,2567.14,22.76,2567.14,10.027859926223755,"[8, 50, 10, False]",0.0,10.027758598327637,0.0,"{""acceptCount"": ""316"", ""allowBackslash"": ""TRUE"", ""compression"": ""force"", ""compressionMinSize"": ""9796"", ""connectionTimeout"": ""473821"", ""connectionUploadTimeout"": ""430468"", ""disableUploadTimeout"": ""FALSE"", ""executorTerminationTimeoutMillis"": ""591527"", ""keepAliveTimeout"": ""548123"", ""maxConnections"": ""5061"", ""maxHeaderCount"": ""354"", ""maxHttpHeaderSize"": ""12952"", ""maxHttpRequestHeaderSize"": ""17133"", ""maxHttpResponseHeaderSize"": ""1592"", ""maxKeepAliveRequests"": ""3720"", ""maxParameterCount"": ""47944"", ""maxSwallowSize"": ""14193275"", ""maxThreads"": ""200"", ""minSpareThreads"": ""47"", ""processorCache"": ""323"", ""tcpNoDelay"": ""FALSE"", ""threadPriority"": ""1"", ""threadsMaxIdleTime"": ""534725"", ""throughput__2"": ""2567.14"", ""useAsyncIO"": ""FALSE"", ""useVirtualThreads"": ""FALSE""}"
tomcat,tpe,3301,plain,false,29,2459.05,25.73,2459.05,10.034379720687866,"[8, 50, 10, False]",0.0,10.034285068511963,0.0,"{""acceptCount"": ""252"", ""allowBackslash"": ""TRUE"", ""compression"": ""on"", ""compressionMinSize"": ""7855"", ""connectionTimeout"": ""189577"", ""connectionUploadTimeout"": ""294264"", ""disableUploadTimeout"": ""TRUE"", ""executorTerminationTimeoutMillis"": ""85338"", ""keepAliveTimeout"": ""393436"", ""maxConnections"": ""4129"", ""maxHeaderCount"": ""910"", ""maxHttpHeaderSize"": ""62950"", ""maxHttpRequestHeaderSize"": ""25957"", ""maxHttpResponseHeaderSize"": ""63292"", ""maxKeepAliveRequests"": ""3974"", ""maxParameterCount"": ""27799"", ""maxSwallowSize"": ""11010093"", ""maxThreads"": ""53"", ""minSpareThreads"": ""351"", ""processorCache"": ""292"", ""tcpNoDelay"": ""FALSE"", ""threadPriority"": ""9"", ""threadsMaxIdleTime"": ""174458"", ""throughput__2"": ""2459.05"", ""useAsyncIO"": ""TRUE"", ""useVirtualThreads"": ""FALSE""}"
tomcat,tpe,3301,plain,false,30,2324.56,26.25,2324.56,10.029264211654663,"[8, 50, 10, False]",0.0,10.029172658920288,0.0,"{""acceptCount"": ""554"", ""allowBackslash"": ""TRUE"", ""compression"": ""off"", ""compressionMinSize"": ""2442"", ""connectionTimeout"": ""26157"", ""connectionUploadTimeout"": ""103280"", ""disableUploadTimeout"": ""FALSE"", ""executorTerminationTimeoutMillis"": ""55851"", ""keepAliveTimeout"": ""58553"", ""maxConnections"": ""14513"", ""maxHeaderCount"": ""793"", ""maxHttpHeaderSize"": ""31786"", ""maxHttpRequestHeaderSize"": ""37565"", ""maxHttpResponseHeaderSize"": ""6337"", ""maxKeepAliveRequests"": ""3584"", ""maxParameterCount"": ""95385"", ""maxSwallowSize"": ""5218973"", ""maxThreads"": ""54"", ""minSpareThreads"": ""636"", ""processorCache"": ""349"", ""tcpNoDelay"": ""TRUE"", ""threadPriority"": ""10"", ""threadsMaxIdleTime"": ""199051"", ""throughput__2"": ""2324.56"", ""useAsyncIO"": ""FALSE"", ""useVirtualThreads"": ""FALSE""}"
tomcat,tpe,3301,plain,false,31,2304.6,24.34,2304.6,10.034121036529541,"[8, 50, 10, False]",0.0,10.03395390510559,0.0,"{""acceptCount"": ""860"", ""allowBackslash"": ""TRUE"", ""compression"": ""off"", ""compressionMinSize"": ""2210"", ""connectionTimeout"": ""437359"", ""connectionUploadTimeout"": ""323130"", ""disableUploadTimeout"": ""TRUE"", ""executorTerminationTimeoutMillis"": ""496295"", ""keepAliveTimeout"": ""32423"", ""maxConnections"": ""1329"", ""maxHeaderCount"": ""918"", ""maxHttpHeaderSize"": ""28980"", ""maxHttpRequestHeaderSize"": ""49485"", ""maxHttpResponseHeaderSize"": ""31863"", ""maxKeepAliveRequests"": ""3331"", ""maxParameterCount"": ""85932"", ""maxSwallowSize"": ""6847390"", ""maxThreads"": ""315"", ""minSpareThreads"": ""752"", ""processorCache"": ""39"", ""tcpNoDelay"": ""TRUE"", ""threadPriority"": ""7"", ""threadsMaxIdleTime"": ""45925"", ""throughput__2"": ""2304.6"", ""useAsyncIO"": ""TRUE"", ""useVirtualThreads"": ""FALSE""}"
tomcat,tpe,3301,plain,false,32,2498.81,24.46,2498.81,10.024935722351074,"[8, 50, 10, False]",0.0,10.024841547012329,0.0,"{""acceptCount"": ""349"", ""allowBackslash"": ""TRUE"", ""compression"": ""on"", ""compressionMinSize"": ""6962"", ""connectionTimeout"": ""158026"", ""connectionUploadTimeout"": ""152086"", ""disableUploadTimeout"": ""TRUE"", ""executorTerminationTimeoutMillis"": ""544177"", ""keepAliveTimeout"": ""377054"", ""maxConnections"": ""16021"", ""maxHeaderCount"": ""963"", ""maxHttpHeaderSize"": ""61791"", ""maxHttpRequestHeaderSize"": ""47485"", ""maxHttpResponseHeaderSize"": ""33392"", ""maxKeepAliveRequests"": ""3818"", ""maxParameterCount"": ""31425"", ""maxSwallowSize"": ""10443517"", ""maxThreads"": ""248"", ""minSpareThreads"": ""377"", ""processorCache"": ""339"", ""tcpNoDelay"": ""FALSE"", ""threadPriority"": ""9"", ""threadsMaxIdleTime"": ""151659"", ""throughput__2"": ""2498.81"", ""useAsyncIO"": ""TRUE"", ""useVirtualThreads"": ""FALSE""}"
tomcat,tpe,3301,plain,false,33,2452.28,24.7,2452.28,10.03130841255188,"[8, 50, 10, False]",0.0,10.031220197677612,0.0,"{""acceptCount"": ""195"", ""allowBackslash"": ""TRUE"", ""compression"": ""off"", ""compressionMinSize"": ""3866"", ""connectionTimeout"": ""148077"", ""connectionUploadTimeout"": ""497448"", ""disableUploadTimeout"": ""FALSE"", ""executorTerminationTimeoutMillis"": ""199443"", ""keepAliveTimeout"": ""417840"", ""maxConnections"": ""5723"", ""maxHeaderCount"": ""410"", ""maxHttpHeaderSize"": ""10085"", ""maxHttpRequestHeaderSize"": ""48378"", ""maxHttpResponseHeaderSize"": ""39626"", ""maxKeepAliveRequests"": ""3077"", ""maxParameterCount"": ""73799"", ""maxSwallowSize"": ""11673439"", ""maxThreads"": ""215"", ""minSpareThreads"": ""181"", ""processorCache"": ""374"", ""tcpNoDelay"": ""FALSE"", ""threadPriority"": ""3"", ""threadsMaxIdleTime"": ""366295"", ""throughput__2"": ""2452.28"", ""useAsyncIO"": ""FALSE"", ""useVirtualThreads"": ""FALSE""}"
tomcat,tpe,3301,plain,false,34,2376.78,23.81,2376.78,10.042957067489624,"[8, 50, 10, False]",0.0,10.042863368988037,0.0,"{""acceptCount"": ""687"", ""allowBackslash"": ""TRUE"", ""compression"": ""off"", ""compressionMinSize"": ""652"", ""connectionTimeout"": ""217936"", ""connectionUploadTimeout"": ""402424"", ""disableUploadTimeout"": ""TRUE"", ""executorTerminationTimeoutMillis"": ""144514"", ""keepAliveTimeout"": ""75446"", ""maxConnections"": ""18597"", ""maxHeaderCount"": ""857"", ""maxHttpHeaderSize"": ""53432"", ""maxHttpRequestHeaderSize"": ""1065"", ""maxHttpResponseHeaderSize"": ""35882"", ""maxKeepAliveRequests"": ""3556"", ""maxParameterCount"": ""98297"", ""maxSwallowSize"": ""4052160"", ""maxThreads"": ""326"", ""minSpareThreads"": ""952"", ""processorCache"": ""285"", ""tcpNoDelay"": ""TRUE"", ""threadPriority"": ""1"", ""threadsMaxIdleTime"": ""108705"", ""throughput__2"": ""2376.78"", ""useAsyncIO"": ""FALSE"", ""useVirtualThreads"": ""FALSE""}"
tomcat,tpe,3301,plain,false,35,2361.79,23.12,2361.79,10.0332190990448,"[8, 50, 10, False]",0.0,10.033114194869995,0.0,"{""acceptCount"": ""354"", ""allowBackslash"": ""TRUE"", ""compression"": ""force"", ""compressionMinSize"": ""7672"", ""connectionTimeout"": ""586773"", ""connectionUploadTimeout"": ""31693"", ""disableUploadTimeout"": ""FALSE"", ""executorTerminationTimeoutMillis"": ""222285"", ""keepAliveTimeout"": ""585752"", ""maxConnections"": ""13192"", ""maxHeaderCount"": ""214"", ""maxHttpHeaderSize"": ""3406"", ""maxHttpRequestHeaderSize"": ""13383"", ""maxHttpResponseHeaderSize"": ""1939"", ""maxKeepAliveRequests"": ""1153"", ""maxParameterCount"": ""7892"", ""maxSwallowSize"": ""80213"", ""maxThreads"": ""108"", ""minSpareThreads"": ""899"", ""processorCache"": ""367"", ""tcpNoDelay"": ""FALSE"", ""threadPriority"": ""3"", ""threadsMaxIdleTime"": ""410532"", ""throughput__2"": ""2361.79"", ""useAsyncIO"": ""TRUE"", ""useVirtualThreads"": ""FALSE""}"
tomcat,tpe,3301,plain,false,36,2224.92,24.2,2224.92,10.025945901870728,"[8, 50, 10, False]",0.0,10.025829553604126,0.0,"{""acceptCount"": ""423"", ""allowBackslash"": ""TRUE"", ""compression"": ""on"", ""compressionMinSize"": ""3582"", ""connectionTimeout"": ""1016"", ""connectionUploadTimeout"": ""494335"", ""disableUploadTimeout"": ""TRUE"", ""executorTerminationTimeoutMillis"": ""327139"", ""keepAliveTimeout"": ""345580"", ""maxConnections"": ""18901"", ""maxHeaderCount"": ""996"", ""maxHttpHeaderSize"": ""1466"", ""maxHttpRequestHeaderSize"": ""54768"", ""maxHttpResponseHeaderSize"": ""31201"", ""maxKeepAliveRequests"": ""2023"", ""maxParameterCount"": ""36879"", ""maxSwallowSize"": ""18383678"", ""maxThreads"": ""393"", ""minSpareThreads"": ""641"", ""processorCache"": ""85"", ""tcpNoDelay"": ""FALSE"", ""threadPriority"": ""10"", ""threadsMaxIdleTime"": ""375037"", ""throughput__2"": ""2224.92"", ""useAsyncIO"": ""TRUE"", ""useVirtualThreads"": ""FALSE""}"
tomcat,tpe,3301,plain,false,37,2379.45,25.45,2379.45,10.024395942687988,"[8, 50, 10, False]",0.0,10.024304866790771,0.0,"{""acceptCount"": ""208"", ""allowBackslash"": ""TRUE"", ""compression"": ""on"", ""compressionMinSize"": ""4197"", ""connectionTimeout"": ""88826"", ""connectionUploadTimeout"": ""10235"", ""disableUploadTimeout"": ""TRUE"", ""executorTerminationTimeoutMillis"": ""364597"", ""keepAliveTimeout"": ""405629"", ""maxConnections"": ""331"", ""maxHeaderCount"": ""975"", ""maxHttpHeaderSize"": ""51272"", ""maxHttpRequestHeaderSize"": ""7390"", ""maxHttpResponseHeaderSize"": ""47569"", ""maxKeepAliveRequests"": ""4186"", ""maxParameterCount"": ""31018"", ""maxSwallowSize"": ""15739100"", ""maxThreads"": ""159"", ""minSpareThreads"": ""336"", ""processorCache"": ""145"", ""tcpNoDelay"": ""FALSE"", ""threadPriority"": ""4"", ""threadsMaxIdleTime"": ""539901"", ""throughput__2"": ""2379.45"", ""useAsyncIO"": ""TRUE"", ""useVirtualThreads"": ""FALSE""}"
tomcat,tpe,3301,plain,false,38,2409.97,20.18,2409.97,10.021430015563965,"[8, 50, 10, False]",0.0,10.021337032318115,0.0,"{""acceptCount"": ""577"", ""allowBackslash"": ""FALSE"", ""compression"": ""off"", ""compressionMinSize"": ""9861"", ""connectionTimeout"": ""175812"", ""connectionUploadTimeout"": ""322755"", ""disableUploadTimeout"": ""TRUE"", ""executorTerminationTimeoutMillis"": ""389903"", ""keepAliveTimeout"": ""238805"", ""maxConnections"": ""12410"", ""maxHeaderCount"": ""806"", ""maxHttpHeaderSize"": ""64674"", ""maxHttpRequestHeaderSize"": ""57923"", ""maxHttpResponseHeaderSize"": ""43723"", ""maxKeepAliveRequests"": ""1705"", ""maxParameterCount"": ""33688"", ""maxSwallowSize"": ""2819811"", ""maxThreads"": ""7"", ""minSpareThreads"": ""314"", ""processorCache"": ""245"", ""tcpNoDelay"": ""TRUE"", ""threadPriority"": ""5"", ""threadsMaxIdleTime"": ""138174"", ""throughput__2"": ""2409.97"", ""useAsyncIO"": ""FALSE"", ""useVirtualThreads"": ""FALSE""}"
tomcat,tpe,3301,plain,false,39,2457.77,25.16,2457.77,10.048718452453613,"[8, 50, 10, False]",0.0,10.047979831695557,0.0,"{""acceptCount"": ""72"", ""allowBackslash"": ""TRUE"", ""compression"": ""force"", ""compressionMinSize"": ""8647"", ""connectionTimeout"": ""512656"", ""connectionUploadTimeout"": ""588593"", ""disableUploadTimeout"": ""TRUE"", ""executorTerminationTimeoutMillis"": ""401420"", ""keepAliveTimeout"": ""567135"", ""maxConnections"": ""18106"", ""maxHeaderCount"": ""334"", ""maxHttpHeaderSize"": ""38379"", ""maxHttpRequestHeaderSize"": ""5867"", ""maxHttpResponseHeaderSize"": ""53151"", ""maxKeepAliveRequests"": ""4893"", ""maxParameterCount"": ""90755"", ""maxSwallowSize"": ""9226313"", ""maxThreads"": ""235"", ""minSpareThreads"": ""729"", ""processorCache"": ""275"", ""tcpNoDelay"": ""FALSE"", ""threadPriority"": ""9"", ""threadsMaxIdleTime"": ""818"", ""throughput__2"": ""2457.77"", ""useAsyncIO"": ""TRUE"", ""useVirtualThreads"": ""FALSE""}"
tomcat,tpe,3301,plain,false,40,2186.19,25.95,2186.19,10.027798652648926,"[8, 50, 10, False]",0.0,10.027702808380127,0.0,"{""acceptCount"": ""768"", ""allowBackslash"": ""TRUE"", ""compression"": ""on"", ""compressionMinSize"": ""1529"", ""connectionTimeout"": ""341462"", ""connectionUploadTimeout"": ""156992"", ""disableUploadTimeout"": ""FALSE"", ""executorTerminationTimeoutMillis"": ""537707"", ""keepAliveTimeout"": ""471134"", ""maxConnections"": ""9861"", ""maxHeaderCount"": ""530"", ""maxHttpHeaderSize"": ""55141"", ""maxHttpRequestHeaderSize"": ""54422"", ""maxHttpResponseHeaderSize"": ""13547"", ""maxKeepAliveRequests"": ""3096"", ""maxParameterCount"": ""91531"", ""maxSwallowSize"": ""5837886"", ""maxThreads"": ""208"", ""minSpareThreads"": ""694"", ""processorCache"": ""164"", ""tcpNoDelay"": ""FALSE"", ""threadPriority"": ""10"", ""threadsMaxIdleTime"": ""147377"", ""throughput__2"": ""2186.19"", ""useAsyncIO"": ""TRUE"", ""useVirtualThreads"": ""FALSE""}"
tomcat,tpe,3301,plain,false,41,2324.64,26.44,2324.64,10.028738260269165,"[8, 50, 10, False]",0.0,10.028619050979614,0.0,"{""acceptCount"": ""561"", ""allowBackslash"": ""TRUE"", ""compression"": ""force"", ""compressionMinSize"": ""5184"", ""connectionTimeout"": ""483372"", ""connectionUploadTimeout"": ""506011"", ""disableUploadTimeout"": ""TRUE"", ""executorTerminationTimeoutMillis"": ""33420"", ""keepAliveTimeout"": ""316101"", ""maxConnections"": ""12945"", ""maxHeaderCount"": ""582"", ""maxHttpHeaderSize"": ""61266"", ""maxHttpRequestHeaderSize"": ""26874"", ""maxHttpResponseHeaderSize"": ""2780"", ""maxKeepAliveRequests"": ""1819"", ""maxParameterCount"": ""22898"", ""maxSwallowSize"": ""3562129"", ""maxThreads"": ""123"", ""minSpareThreads"": ""228"", ""processorCache"": ""58"", ""tcpNoDelay"": ""TRUE"", ""threadPriority"": ""1"", ""threadsMaxIdleTime"": ""56953"", ""throughput__2"": ""2324.64"", ""useAsyncIO"": ""FALSE"", ""useVirtualThreads"": ""FALSE""}"
tomcat,tpe,3301,plain,false,42,2519.47,22.6,2519.47,10.02538776397705,"[8, 50, 10, False]",0.0,10.025294542312622,0.0,"{""acceptCount"": ""432"", ""allowBackslash"": ""TRUE"", ""compression"": ""force"", ""compressionMinSize"": ""7018"", ""connectionTimeout"": ""309769"", ""connectionUploadTimeout"": ""415912"", ""disableUploadTimeout"": ""TRUE"", ""executorTerminationTimeoutMillis"": ""170318"", ""keepAliveTimeout"": ""298211"", ""maxConnections"": ""16467"", ""maxHeaderCount"": ""196"", ""maxHttpHeaderSize"": ""58897"", ""maxHttpRequestHeaderSize"": ""25532"", ""maxHttpResponseHeaderSize"": ""53484"", ""maxKeepAliveRequests"": ""1517"", ""maxParameterCount"": ""65076"", ""maxSwallowSize"": ""319931"", ""maxThreads"": ""257"", ""minSpareThreads"": ""497"", ""processorCache"": ""339"", ""tcpNoDelay"": ""FALSE"", ""threadPriority"": ""10"", ""threadsMaxIdleTime"": ""380482"", ""throughput__2"": ""2519.47"", ""useAsyncIO"": ""TRUE"", ""useVirtualThreads"": ""FALSE""}"
tomcat,tpe,3301,plain,false,43,2492.17,25.81,2492.17,10.056262016296387,"[8, 50, 10, False]",0.0,10.056178331375122,0.0,"{""acceptCount"": ""639"", ""allowBackslash"": ""TRUE"", ""compression"": ""force"", ""compressionMinSize"": ""7826"", ""connectionTimeout"": ""79034"", ""connectionUploadTimeout"": ""481780"", ""disableUploadTimeout"": ""TRUE"", ""executorTerminationTimeoutMillis"": ""249485"", ""keepAliveTimeout"": ""169628"", ""maxConnections"": ""12519"", ""maxHeaderCount"": ""760"", ""maxHttpHeaderSize"": ""21076"", ""maxHttpRequestHeaderSize"": ""50798"", ""maxHttpResponseHeaderSize"": ""31892"", ""maxKeepAliveRequests"": ""170"", ""maxParameterCount"": ""86407"", ""maxSwallowSize"": ""760445"", ""maxThreads"": ""221"", ""minSpareThreads"": ""253"", ""processorCache"": ""397"", ""tcpNoDelay"": ""TRUE"", ""threadPriority"": ""10"", ""threadsMaxIdleTime"": ""399646"", ""throughput__2"": ""2492.17"", ""useAsyncIO"": ""TRUE"", ""useVirtualThreads"": ""FALSE""}"
tomcat,tpe,3301,plain,false,44,2221.67,22.57,2221.67,10.037755966186523,"[8, 50, 10, False]",0.0,10.03766131401062,0.0,"{""acceptCount"": ""168"", ""allowBackslash"": ""TRUE"", ""compression"": ""force"", ""compressionMinSize"": ""8795"", ""connectionTimeout"": ""262214"", ""connectionUploadTimeout"": ""413828"", ""disableUploadTimeout"": ""TRUE"", ""executorTerminationTimeoutMillis"": ""338060"", ""keepAliveTimeout"": ""397273"", ""maxConnections"": ""17533"", ""maxHeaderCount"": ""656"", ""maxHttpHeaderSize"": ""24188"", ""maxHttpRequestHeaderSize"": ""29749"", ""maxHttpResponseHeaderSize"": ""45090"", ""maxKeepAliveRequests"": ""204"", ""maxParameterCount"": ""65954"", ""maxSwallowSize"": ""4096314"", ""maxThreads"": ""113"", ""minSpareThreads"": ""513"", ""processorCache"": ""288"", ""tcpNoDelay"": ""FALSE"", ""threadPriority"": ""8"", ""threadsMaxIdleTime"": ""540964"", ""throughput__2"": ""2221.67"", ""useAsyncIO"": ""TRUE"", ""useVirtualThreads"": ""TRUE""}"
tomcat,tpe,3301,plain,false,45,2173.92,26.6,2173.92,10.034951448440552,"[8, 50, 10, False]",0.0,10.0348641872406,0.0,"{""acceptCount"": ""614"", ""allowBackslash"": ""TRUE"", ""compression"": ""on"", ""compressionMinSize"": ""6617"", ""connectionTimeout"": ""424402"", ""connectionUploadTimeout"": ""428407"", ""disableUploadTimeout"": ""TRUE"", ""executorTerminationTimeoutMillis"": ""51624"", ""keepAliveTimeout"": ""24057"", ""maxConnections"": ""17480"", ""maxHeaderCount"": ""139"", ""maxHttpHeaderSize"": ""56888"", ""maxHttpRequestHeaderSize"": ""10361"", ""maxHttpResponseHeaderSize"": ""8689"", ""maxKeepAliveRequests"": ""2771"", ""maxParameterCount"": ""93593"", ""maxSwallowSize"": ""4656509"", ""maxThreads"": ""388"", ""minSpareThreads"": ""653"", ""processorCache"": ""305"", ""tcpNoDelay"": ""TRUE"", ""threadPriority"": ""10"", ""threadsMaxIdleTime"": ""350398"", ""throughput__2"": ""2173.92"", ""useAsyncIO"": ""TRUE"", ""useVirtualThreads"": ""FALSE""}"
tomcat,tpe,3301,plain,false,46,2509.29,23.34,2509.29,10.028651237487793,"[8, 50, 10, False]",0.0,10.02856969833374,0.0,"{""acceptCount"": ""125"", ""allowBackslash"": ""TRUE"", ""compression"": ""off"", ""compressionMinSize"": ""542"", ""connectionTimeout"": ""22046"", ""connectionUploadTimeout"": ""498060"", ""disableUploadTimeout"": ""TRUE"", ""executorTerminationTimeoutMillis"": ""512426"", ""keepAliveTimeout"": ""477779"", ""maxConnections"": ""8483"", ""maxHeaderCount"": ""336"", ""maxHttpHeaderSize"": ""19871"", ""maxHttpRequestHeaderSize"": ""25404"", ""maxHttpResponseHeaderSize"": ""38202"", ""maxKeepAliveRequests"": ""1596"", ""maxParameterCount"": ""88705"", ""maxSwallowSize"": ""1496966"", ""maxThreads"": ""260"", ""minSpareThreads"": ""38"", ""processorCache"": ""383"", ""tcpNoDelay"": ""TRUE"", ""threadPriority"": ""10"", ""threadsMaxIdleTime"": ""491684"", ""throughput__2"": ""2509.29"", ""useAsyncIO"": ""TRUE"", ""useVirtualThreads"": ""FALSE""}"
tomcat,tpe,3301,plain,false,47,2532.66,24.28,2532.66,10.045645952224731,"[8, 50, 10, False]",0.0,10.045547723770142,0.0,"{""acceptCount"": ""600"", ""allowBackslash"": ""TRUE"", ""compression"": ""off"", ""compressionMinSize"": ""4338"", ""connectionTimeout"": ""72485"", ""connectionUploadTimeout"": ""436635"", ""disableUploadTimeout"": ""TRUE"", ""executorTerminationTimeoutMillis"": ""68122"", ""keepAliveTimeout"": ""467215"", ""maxConnections"": ""18599"", ""maxHeaderCount"": ""542"", ""maxHttpHeaderSize"": ""4016"", ""maxHttpRequestHeaderSize"": ""42147"", ""maxHttpResponseHeaderSize"": ""8578"", ""maxKeepAliveRequests"": ""2887"", ""maxParameterCount"": ""54437"", ""maxSwallowSize"": ""13962904"", ""maxThreads"": ""246"", ""minSpareThreads"": ""787"", ""processorCache"": ""331"", ""tcpNoDelay"": ""TRUE"", ""threadPriority"": ""6"", ""threadsMaxIdleTime"": ""129837"", ""throughput__2"": ""2532.66"", ""useAsyncIO"": ""TRUE"", ""useVirtualThreads"": ""FALSE""}"
tomcat,tpe,3301,plain,false,48,2332.25,25.74,2332.25,10.043968439102173,"[8, 50, 10, False]",0.0,10.043432474136353,0.0,"{""acceptCount"": ""989"", ""allowBackslash"": ""TRUE"", ""compression"": ""off"", ""compressionMinSize"": ""7049"", ""connectionTimeout"": ""381025"", ""connectionUploadTimeout"": ""381439"", ""disableUploadTimeout"": ""TRUE"", ""executorTerminationTimeoutMillis"": ""56302"", ""keepAliveTimeout"": ""519599"", ""maxConnections"": ""6209"", ""maxHeaderCount"": ""287"", ""maxHttpHeaderSize"": ""9567"", ""maxHttpRequestHeaderSize"": ""31207"", ""maxHttpResponseHeaderSize"": ""48463"", ""maxKeepAliveRequests"": ""4487"", ""maxParameterCount"": ""86993"", ""maxSwallowSize"": ""18551064"", ""maxThreads"": ""43"", ""minSpareThreads"": ""750"", ""processorCache"": ""260"", ""tcpNoDelay"": ""TRUE"", ""threadPriority"": ""9"", ""threadsMaxIdleTime"": ""592356"", ""throughput__2"": ""2332.25"", ""useAsyncIO"": ""TRUE"", ""useVirtualThreads"": ""FALSE""}"
tomcat,tpe,3301,plain,false,49,2152.27,27.24,2152.27,10.03818154335022,"[8, 50, 10, False]",0.0,10.038052320480347,0.0,"{""acceptCount"": ""743"", ""allowBackslash"": ""TRUE"", ""compression"": ""force"", ""compressionMinSize"": ""2538"", ""connectionTimeout"": ""31441"", ""connectionUploadTimeout"": ""320875"", ""disableUploadTimeout"": ""TRUE"", ""executorTerminationTimeoutMillis"": ""81396"", ""keepAliveTimeout"": ""216153"", ""maxConnections"": ""17063"", ""maxHeaderCount"": ""825"", ""maxHttpHeaderSize"": ""2452"", ""maxHttpRequestHeaderSize"": ""6787"", ""maxHttpResponseHeaderSize"": ""10643"", ""maxKeepAliveRequests"": ""1328"", ""maxParameterCount"": ""73595"", ""maxSwallowSize"": ""17694127"", ""maxThreads"": ""361"", ""minSpareThreads"": ""756"", ""processorCache"": ""229"", ""tcpNoDelay"": ""TRUE"", ""threadPriority"": ""3"", ""threadsMaxIdleTime"": ""112739"", ""throughput__2"": ""2152.27"", ""useAsyncIO"": ""TRUE"", ""useVirtualThreads"": ""FALSE""}"
tomcat,tpe,3301,plain,false,50,2444.84,22.53,2444.84,10.03361463546753,"[8, 50, 10, False]",0.0,10.03352403640747,0.0,"{""acceptCount"": ""91"", ""allowBackslash"": ""TRUE"", ""compression"": ""force"", ""compressionMinSize"": ""1007"", ""connectionTimeout"": ""53856"", ""connectionUploadTimeout"": ""419609"", ""disableUploadTimeout"": ""TRUE"", ""executorTerminationTimeoutMillis"": ""380314"", ""keepAliveTimeout"": ""153109"", ""maxConnections"": ""9594"", ""maxHeaderCount"": ""646"", ""maxHttpHeaderSize"": ""24030"", ""maxHttpRequestHeaderSize"": ""60000"", ""maxHttpResponseHeaderSize"": ""57337"", ""maxKeepAliveRequests"": ""2293"", ""maxParameterCount"": ""55294"", ""maxSwallowSize"": ""3387670"", ""maxThreads"": ""369"", ""minSpareThreads"": ""156"", ""processorCache"": ""377"", ""tcpNoDelay"": ""TRUE"", ""threadPriority"": ""9"", ""threadsMaxIdleTime"": ""458682"", ""throughput__2"": ""2444.84"", ""useAsyncIO"": ""FALSE"", ""useVirtualThreads"": ""FALSE""}"
tomcat,tpe,3301,plain,false,51,2455.07,24.66,2455.07,10.030205488204956,"[8, 50, 10, False]",0.0,10.030118227005005,0.0,"{""acceptCount"": ""613"", ""allowBackslash"": ""TRUE"", ""compression"": ""off"", ""compressionMinSize"": ""510"", ""connectionTimeout"": ""565197"", ""connectionUploadTimeout"": ""543979"", ""disableUploadTimeout"": ""TRUE"", ""executorTerminationTimeoutMillis"": ""595081"", ""keepAliveTimeout"": ""438000"", ""maxConnections"": ""19346"", ""maxHeaderCount"": ""187"", ""maxHttpHeaderSize"": ""7476"", ""maxHttpRequestHeaderSize"": ""37830"", ""maxHttpResponseHeaderSize"": ""39135"", ""maxKeepAliveRequests"": ""68"", ""maxParameterCount"": ""20552"", ""maxSwallowSize"": ""10767399"", ""maxThreads"": ""221"", ""minSpareThreads"": ""593"", ""processorCache"": ""384"", ""tcpNoDelay"": ""TRUE"", ""threadPriority"": ""8"", ""threadsMaxIdleTime"": ""253512"", ""throughput__2"": ""2455.07"", ""useAsyncIO"": ""TRUE"", ""useVirtualThreads"": ""FALSE""}"
tomcat,tpe,3301,plain,false,52,2502.13,21.04,2502.13,10.029834032058716,"[8, 50, 10, False]",0.0,10.029752492904663,0.0,"{""acceptCount"": ""592"", ""allowBackslash"": ""TRUE"", ""compression"": ""force"", ""compressionMinSize"": ""8335"", ""connectionTimeout"": ""116374"", ""connectionUploadTimeout"": ""49799"", ""disableUploadTimeout"": ""TRUE"", ""executorTerminationTimeoutMillis"": ""546545"", ""keepAliveTimeout"": ""418326"", ""maxConnections"": ""5832"", ""maxHeaderCount"": ""769"", ""maxHttpHeaderSize"": ""18252"", ""maxHttpRequestHeaderSize"": ""36549"", ""maxHttpResponseHeaderSize"": ""56141"", ""maxKeepAliveRequests"": ""1041"", ""maxParameterCount"": ""53370"", ""maxSwallowSize"": ""890806"", ""maxThreads"": ""18"", ""minSpareThreads"": ""349"", ""processorCache"": ""83"", ""tcpNoDelay"": ""TRUE"", ""threadPriority"": ""8"", ""threadsMaxIdleTime"": ""385117"", ""throughput__2"": ""2502.13"", ""useAsyncIO"": ""TRUE"", ""useVirtualThreads"": ""FALSE""}"
tomcat,tpe,3301,plain,false,53,2386.87,20.45,2386.87,10.039459943771362,"[8, 50, 10, False]",0.0,10.039367437362671,0.0,"{""acceptCount"": ""286"", ""allowBackslash"": ""TRUE"", ""compression"": ""on"", ""compressionMinSize"": ""9731"", ""connectionTimeout"": ""252750"", ""connectionUploadTimeout"": ""327096"", ""disableUploadTimeout"": ""TRUE"", ""executorTerminationTimeoutMillis"": ""491965"", ""keepAliveTimeout"": ""347371"", ""maxConnections"": ""3471"", ""maxHeaderCount"": ""632"", ""maxHttpHeaderSize"": ""16202"", ""maxHttpRequestHeaderSize"": ""30439"", ""maxHttpResponseHeaderSize"": ""28622"", ""maxKeepAliveRequests"": ""2024"", ""maxParameterCount"": ""68374"", ""maxSwallowSize"": ""3822507"", ""maxThreads"": ""8"", ""minSpareThreads"": ""969"", ""processorCache"": ""6"", ""tcpNoDelay"": ""TRUE"", ""threadPriority"": ""7"", ""threadsMaxIdleTime"": ""510521"", ""throughput__2"": ""2386.87"", ""useAsyncIO"": ""TRUE"", ""useVirtualThreads"": ""FALSE""}"
tomcat,tpe,3301,plain,false,54,2172.21,23.87,2172.21,10.030655145645142,"[8, 50, 10, False]",0.0,10.03056526184082,0.0,"{""acceptCount"": ""875"", ""allowBackslash"": ""TRUE"", ""compression"": ""off"", ""compressionMinSize"": ""530"", ""connectionTimeout"": ""38210"", ""connectionUploadTimeout"": ""410521"", ""disableUploadTimeout"": ""TRUE"", ""executorTerminationTimeoutMillis"": ""188481"", ""keepAliveTimeout"": ""132517"", ""maxConnections"": ""7565"", ""maxHeaderCount"": ""72"", ""maxHttpHeaderSize"": ""50965"", ""maxHttpRequestHeaderSize"": ""48796"", ""maxHttpResponseHeaderSize"": ""16877"", ""maxKeepAliveRequests"": ""2549"", ""maxParameterCount"": ""25326"", ""maxSwallowSize"": ""12274062"", ""maxThreads"": ""358"", ""minSpareThreads"": ""653"", ""processorCache"": ""158"", ""tcpNoDelay"": ""TRUE"", ""threadPriority"": ""7"", ""threadsMaxIdleTime"": ""207346"", ""throughput__2"": ""2172.21"", ""useAsyncIO"": ""FALSE"", ""useVirtualThreads"": ""FALSE""}"
tomcat,tpe,3301,plain,false,55,2315.93,21.66,2315.93,10.025649309158325,"[8, 50, 10, False]",0.0,10.0255606174469,0.0,"{""acceptCount"": ""820"", ""allowBackslash"": ""FALSE"", ""compression"": ""force"", ""compressionMinSize"": ""3864"", ""connectionTimeout"": ""58772"", ""connectionUploadTimeout"": ""124444"", ""disableUploadTimeout"": ""TRUE"", ""executorTerminationTimeoutMillis"": ""243112"", ""keepAliveTimeout"": ""340802"", ""maxConnections"": ""11917"", ""maxHeaderCount"": ""881"", ""maxHttpHeaderSize"": ""1139"", ""maxHttpRequestHeaderSize"": ""17794"", ""maxHttpResponseHeaderSize"": ""48287"", ""maxKeepAliveRequests"": ""629"", ""maxParameterCount"": ""81789"", ""maxSwallowSize"": ""2425139"", ""maxThreads"": ""4"", ""minSpareThreads"": ""388"", ""processorCache"": ""92"", ""tcpNoDelay"": ""TRUE"", ""threadPriority"": ""6"", ""threadsMaxIdleTime"": ""301037"", ""throughput__2"": ""2315.93"", ""useAsyncIO"": ""TRUE"", ""useVirtualThreads"": ""TRUE""}"
tomcat,tpe,3301,plain,false,56,2503.02,22.96,2503.02,10.030702114105225,"[8, 50, 10, False]",0.0,10.030620574951172,0.0,"{""acceptCount"": ""412"", ""allowBackslash"": ""TRUE"", ""compression"": ""force"", ""compressionMinSize"": ""915"", ""connectionTimeout"": ""320497"", ""connectionUploadTimeout"": ""61043"", ""disableUploadTimeout"": ""TRUE"", ""executorTerminationTimeoutMillis"": ""281123"", ""keepAliveTimeout"": ""317914"", ""maxConnections"": ""1423"", ""maxHeaderCount"": ""28"", ""maxHttpHeaderSize"": ""6733"", ""maxHttpRequestHeaderSize"": ""43596"", ""maxHttpResponseHeaderSize"": ""57518"", ""maxKeepAliveRequests"": ""434"", ""maxParameterCount"": ""16847"", ""maxSwallowSize"": ""3240233"", ""maxThreads"": ""208"", ""minSpareThreads"": ""323"", ""processorCache"": ""48"", ""tcpNoDelay"": ""TRUE"", ""threadPriority"": ""7"", ""threadsMaxIdleTime"": ""336111"", ""throughput__2"": ""2503.02"", ""useAsyncIO"": ""TRUE"", ""useVirtualThreads"": ""FALSE""}"
tomcat,tpe,3301,plain,false,57,2365.72,23.82,2365.72,10.023194313049316,"[8, 50, 10, False]",0.0,10.023112058639526,0.0,"{""acceptCount"": ""823"", ""allowBackslash"": ""TRUE"", ""compression"": ""force"", ""compressionMinSize"": ""1892"", ""connectionTimeout"": ""76481"", ""connectionUploadTimeout"": ""134097"", ""disableUploadTimeout"": ""TRUE"", ""executorTerminationTimeoutMillis"": ""336833"", ""keepAliveTimeout"": ""4556"", ""maxConnections"": ""19826"", ""maxHeaderCount"": ""614"", ""maxHttpHeaderSize"": ""53813"", ""maxHttpRequestHeaderSize"": ""15737"", ""maxHttpResponseHeaderSize"": ""64142"", ""maxKeepAliveRequests"": ""3453"", ""maxParameterCount"": ""80441"", ""maxSwallowSize"": ""7237764"", ""maxThreads"": ""227"", ""minSpareThreads"": ""875"", ""processorCache"": ""335"", ""tcpNoDelay"": ""FALSE"", ""threadPriority"": ""5"", ""threadsMaxIdleTime"": ""164016"", ""throughput__2"": ""2365.72"", ""useAsyncIO"": ""TRUE"", ""useVirtualThreads"": ""FALSE""}"
tomcat,tpe,3301,plain,false,58,2397.33,24.98,2397.33,10.04244065284729,"[8, 50, 10, False]",0.0,10.042349100112915,0.0,"{""acceptCount"": ""68"", ""allowBackslash"": ""FALSE"", ""compression"": ""force"", ""compressionMinSize"": ""8921"", ""connectionTimeout"": ""294314"", ""connectionUploadTimeout"": ""221820"", ""disableUploadTimeout"": ""TRUE"", ""executorTerminationTimeoutMillis"": ""351613"", ""keepAliveTimeout"": ""345225"", ""maxConnections"": ""3408"", ""maxHeaderCount"": ""932"", ""maxHttpHeaderSize"": ""43388"", ""maxHttpRequestHeaderSize"": ""902"", ""maxHttpResponseHeaderSize"": ""11359"", ""maxKeepAliveRequests"": ""3981"", ""maxParameterCount"": ""67075"", ""maxSwallowSize"": ""3185246"", ""maxThreads"": ""221"", ""minSpareThreads"": ""808"", ""processorCache"": ""114"", ""tcpNoDelay"": ""FALSE"", ""threadPriority"": ""3"", ""threadsMaxIdleTime"": ""233350"", ""throughput__2"": ""2397.33"", ""useAsyncIO"": ""TRUE"", ""useVirtualThreads"": ""FALSE""}"
tomcat,tpe,3301,plain,false,59,2310.5,27.04,2310.5,10.046443223953247,"[8, 50, 10, False]",0.0,10.046354293823242,0.0,"{""acceptCount"": ""914"", ""allowBackslash"": ""TRUE"", ""compression"": ""off"", ""compressionMinSize"": ""4291"", ""connectionTimeout"": ""157771"", ""connectionUploadTimeout"": ""107808"", ""disableUploadTimeout"": ""TRUE"", ""executorTerminationTimeoutMillis"": ""89295"", ""keepAliveTimeout"": ""515164"", ""maxConnections"": ""5584"", ""maxHeaderCount"": ""610"", ""maxHttpHeaderSize"": ""60206"", ""maxHttpRequestHeaderSize"": ""25405"", ""maxHttpResponseHeaderSize"": ""60213"", ""maxKeepAliveRequests"": ""1210"", ""maxParameterCount"": ""42518"", ""maxSwallowSize"": ""6796837"", ""maxThreads"": ""364"", ""minSpareThreads"": ""9"", ""processorCache"": ""353"", ""tcpNoDelay"": ""FALSE"", ""threadPriority"": ""9"", ""threadsMaxIdleTime"": ""545798"", ""throughput__2"": ""2310.5"", ""useAsyncIO"": ""TRUE"", ""useVirtualThreads"": ""FALSE""}"
tomcat,tpe,3301,plain,false,60,2349.24,26.13,2349.24,10.03532361984253,"[8, 50, 10, False]",0.0,10.035233736038208,0.0,"{""acceptCount"": ""294"", ""allowBackslash"": ""TRUE"", ""compression"": ""force"", ""compressionMinSize"": ""3907"", ""connectionTimeout"": ""4475"", ""connectionUploadTimeout"": ""558734"", ""disableUploadTimeout"": ""TRUE"", ""executorTerminationTimeoutMillis"": ""265692"", ""keepAliveTimeout"": ""281776"", ""maxConnections"": ""13731"", ""maxHeaderCount"": ""83"", ""maxHttpHeaderSize"": ""28171"", ""maxHttpRequestHeaderSize"": ""44765"", ""maxHttpResponseHeaderSize"": ""9552"", ""maxKeepAliveRequests"": ""3188"", ""maxParameterCount"": ""1178"", ""maxSwallowSize"": ""20564581"", ""maxThreads"": ""37"", ""minSpareThreads"": ""565"", ""processorCache"": ""345"", ""tcpNoDelay"": ""TRUE"", ""threadPriority"": ""3"", ""threadsMaxIdleTime"": ""161340"", ""throughput__2"": ""2349.24"", ""useAsyncIO"": ""TRUE"", ""useVirtualThreads"": ""FALSE""}"
tomcat,tpe,3301,plain,false,61,2450.14,26.25,2450.14,10.027795791625977,"[8, 50, 10, False]",0.0,10.027701616287231,0.0,"{""acceptCount"": ""515"", ""allowBackslash"": ""TRUE"", ""compression"": ""force"", ""compressionMinSize"": ""8300"", ""connectionTimeout"": ""540366"", ""connectionUploadTimeout"": ""378598"", ""disableUploadTimeout"": ""FALSE"", ""executorTerminationTimeoutMillis"": ""297806"", ""keepAliveTimeout"": ""199200"", ""maxConnections"": ""13697"", ""maxHeaderCount"": ""138"", ""maxHttpHeaderSize"": ""14821"", ""maxHttpRequestHeaderSize"": ""4607"", ""maxHttpResponseHeaderSize"": ""15712"", ""maxKeepAliveRequests"": ""515"", ""maxParameterCount"": ""27717"", ""maxSwallowSize"": ""19696639"", ""maxThreads"": ""230"", ""minSpareThreads"": ""18"", ""processorCache"": ""20"", ""tcpNoDelay"": ""FALSE"", ""threadPriority"": ""3"", ""threadsMaxIdleTime"": ""237362"", ""throughput__2"": ""2450.14"", ""useAsyncIO"": ""FALSE"", ""useVirtualThreads"": ""FALSE""}"
tomcat,tpe,3301,plain,false,62,2566.19,23.7,2566.19,10.05096173286438,"[8, 50, 10, False]",0.0,10.050876379013062,0.0,"{""acceptCount"": ""537"", ""allowBackslash"": ""TRUE"", ""compression"": ""on"", ""compressionMinSize"": ""3889"", ""connectionTimeout"": ""447729"", ""connectionUploadTimeout"": ""587948"", ""disableUploadTimeout"": ""TRUE"", ""executorTerminationTimeoutMillis"": ""429297"", ""keepAliveTimeout"": ""389250"", ""maxConnections"": ""13423"", ""maxHeaderCount"": ""11"", ""maxHttpHeaderSize"": ""60916"", ""maxHttpRequestHeaderSize"": ""54957"", ""maxHttpResponseHeaderSize"": ""44645"", ""maxKeepAliveRequests"": ""3509"", ""maxParameterCount"": ""7108"", ""maxSwallowSize"": ""1147640"", ""maxThreads"": ""302"", ""minSpareThreads"": ""726"", ""processorCache"": ""95"", ""tcpNoDelay"": ""FALSE"", ""threadPriority"": ""7"", ""threadsMaxIdleTime"": ""477976"", ""throughput__2"": ""2566.19"", ""useAsyncIO"": ""TRUE"", ""useVirtualThreads"": ""FALSE""}"
tomcat,tpe,3301,plain,false,63,2397.77,25.24,2397.77,10.039157390594482,"[8, 50, 10, False]",0.0,10.039070844650269,0.0,"{""acceptCount"": ""610"", ""allowBackslash"": ""TRUE"", ""compression"": ""on"", ""compressionMinSize"": ""9907"", ""connectionTimeout"": ""144521"", ""connectionUploadTimeout"": ""387518"", ""disableUploadTimeout"": ""TRUE"", ""executorTerminationTimeoutMillis"": ""548997"", ""keepAliveTimeout"": ""533503"", ""maxConnections"": ""13209"", ""maxHeaderCount"": ""466"", ""maxHttpHeaderSize"": ""62901"", ""maxHttpRequestHeaderSize"": ""46467"", ""maxHttpResponseHeaderSize"": ""9750"", ""maxKeepAliveRequests"": ""156"", ""maxParameterCount"": ""39770"", ""maxSwallowSize"": ""18924243"", ""maxThreads"": ""256"", ""minSpareThreads"": ""224"", ""processorCache"": ""369"", ""tcpNoDelay"": ""FALSE"", ""threadPriority"": ""4"", ""threadsMaxIdleTime"": ""11236"", ""throughput__2"": ""2397.77"", ""useAsyncIO"": ""TRUE"", ""useVirtualThreads"": ""FALSE""}"
tomcat,tpe,3301,plain,false,64,2221.4,27.08,2221.4,10.03790545463562,"[8, 50, 10, False]",0.0,10.03781533241272,0.0,"{""acceptCount"": ""846"", ""allowBackslash"": ""TRUE"", ""compression"": ""off"", ""compressionMinSize"": ""1691"", ""connectionTimeout"": ""173893"", ""connectionUploadTimeout"": ""500035"", ""disableUploadTimeout"": ""TRUE"", ""executorTerminationTimeoutMillis"": ""103471"", ""keepAliveTimeout"": ""597256"", ""maxConnections"": ""13230"", ""maxHeaderCount"": ""941"", ""maxHttpHeaderSize"": ""63772"", ""maxHttpRequestHeaderSize"": ""61115"", ""maxHttpResponseHeaderSize"": ""23545"", ""maxKeepAliveRequests"": ""2239"", ""maxParameterCount"": ""38406"", ""maxSwallowSize"": ""10242148"", ""maxThreads"": ""296"", ""minSpareThreads"": ""350"", ""processorCache"": ""150"", ""tcpNoDelay"": ""TRUE"", ""threadPriority"": ""3"", ""threadsMaxIdleTime"": ""457341"", ""throughput__2"": ""2221.4"", ""useAsyncIO"": ""TRUE"", ""useVirtualThreads"": ""FALSE""}"
tomcat,tpe,3301,plain,false,65,2471.59,23.0,2471.59,10.032649993896484,"[8, 50, 10, False]",0.0,10.03256106376648,0.0,"{""acceptCount"": ""824"", ""allowBackslash"": ""TRUE"", ""compression"": ""on"", ""compressionMinSize"": ""9243"", ""connectionTimeout"": ""367356"", ""connectionUploadTimeout"": ""577384"", ""disableUploadTimeout"": ""TRUE"", ""executorTerminationTimeoutMillis"": ""422743"", ""keepAliveTimeout"": ""260242"", ""maxConnections"": ""14117"", ""maxHeaderCount"": ""83"", ""maxHttpHeaderSize"": ""36257"", ""maxHttpRequestHeaderSize"": ""47560"", ""maxHttpResponseHeaderSize"": ""52547"", ""maxKeepAliveRequests"": ""3518"", ""maxParameterCount"": ""5850"", ""maxSwallowSize"": ""7834896"", ""maxThreads"": ""155"", ""minSpareThreads"": ""982"", ""processorCache"": ""351"", ""tcpNoDelay"": ""FALSE"", ""threadPriority"": ""1"", ""threadsMaxIdleTime"": ""309865"", ""throughput__2"": ""2471.59"", ""useAsyncIO"": ""TRUE"", ""useVirtualThreads"": ""FALSE""}"
tomcat,tpe,3301,plain,false,66,2337.94,25.99,2337.94,10.027903318405151,"[8, 50, 10, False]",0.0,10.027820587158203,0.0,"{""acceptCount"": ""582"", ""allowBackslash"": ""TRUE"", ""compression"": ""on"", ""compressionMinSize"": ""1510"", ""connectionTimeout"": ""422481"", ""connectionUploadTimeout"": ""103933"", ""disableUploadTimeout"": ""TRUE"", ""executorTerminationTimeoutMillis"": ""374674"", ""keepAliveTimeout"": ""372632"", ""maxConnections"": ""11579"", ""maxHeaderCount"": ""187"", ""maxHttpHeaderSize"": ""26809"", ""maxHttpRequestHeaderSize"": ""48317"", ""maxHttpResponseHeaderSize"": ""60023"", ""maxKeepAliveRequests"": ""948"", ""maxParameterCount"": ""48504"", ""maxSwallowSize"": ""3787401"", ""maxThreads"": ""376"", ""minSpareThreads"": ""303"", ""processorCache"": ""277"", ""tcpNoDelay"": ""TRUE"", ""threadPriority"": ""7"", ""threadsMaxIdleTime"": ""434195"", ""throughput__2"": ""2337.94"", ""useAsyncIO"": ""TRUE"", ""useVirtualThreads"": ""FALSE""}"
tomcat,tpe,3301,plain,false,67,2404.72,25.01,2404.72,10.050938367843628,"[8, 50, 10, False]",0.0,10.050844430923462,0.0,"{""acceptCount"": ""989"", ""allowBackslash"": ""TRUE"", ""compression"": ""on"", ""compressionMinSize"": ""9195"", ""connectionTimeout"": ""30373"", ""connectionUploadTimeout"": ""438354"", ""disableUploadTimeout"": ""TRUE"", ""executorTerminationTimeoutMillis"": ""452852"", ""keepAliveTimeout"": ""285517"", ""maxConnections"": ""10276"", ""maxHeaderCount"": ""209"", ""maxHttpHeaderSize"": ""59417"", ""maxHttpRequestHeaderSize"": ""24844"", ""maxHttpResponseHeaderSize"": ""65516"", ""maxKeepAliveRequests"": ""2468"", ""maxParameterCount"": ""67568"", ""maxSwallowSize"": ""1534005"", ""maxThreads"": ""372"", ""minSpareThreads"": ""426"", ""processorCache"": ""56"", ""tcpNoDelay"": ""FALSE"", ""threadPriority"": ""9"", ""threadsMaxIdleTime"": ""503607"", ""throughput__2"": ""2404.72"", ""useAsyncIO"": ""FALSE"", ""useVirtualThreads"": ""FALSE""}"
tomcat,tpe,3301,plain,false,68,2438.05,24.65,2438.05,10.05541729927063,"[8, 50, 10, False]",0.0,10.055328607559204,0.0,"{""acceptCount"": ""288"", ""allowBackslash"": ""FALSE"", ""compression"": ""off"", ""compressionMinSize"": ""6769"", ""connectionTimeout"": ""13483"", ""connectionUploadTimeout"": ""25386"", ""disableUploadTimeout"": ""TRUE"", ""executorTerminationTimeoutMillis"": ""352019"", ""keepAliveTimeout"": ""410040"", ""maxConnections"": ""17248"", ""maxHeaderCount"": ""303"", ""maxHttpHeaderSize"": ""60756"", ""maxHttpRequestHeaderSize"": ""36938"", ""maxHttpResponseHeaderSize"": ""62001"", ""maxKeepAliveRequests"": ""4795"", ""maxParameterCount"": ""94762"", ""maxSwallowSize"": ""8882185"", ""maxThreads"": ""119"", ""minSpareThreads"": ""441"", ""processorCache"": ""5"", ""tcpNoDelay"": ""FALSE"", ""threadPriority"": ""7"", ""threadsMaxIdleTime"": ""112041"", ""throughput__2"": ""2438.05"", ""useAsyncIO"": ""TRUE"", ""useVirtualThreads"": ""FALSE""}"
tomcat,tpe,3301,plain,false,69,2216.95,25.65,2216.95,10.043387651443481,"[8, 50, 10, False]",0.0,10.043299198150635,0.0,"{""acceptCount"": ""37"", ""allowBackslash"": ""TRUE"", ""compression"": ""off"", ""compressionMinSize"": ""2087"", ""connectionTimeout"": ""29659"", ""connectionUploadTimeout"": ""277123"", ""disableUploadTimeout"": ""TRUE"", ""executorTerminationTimeoutMillis"": ""103085"", ""keepAliveTimeout"": ""562382"", ""maxConnections"": ""17327"", ""maxHeaderCount"": ""442"", ""maxHttpHeaderSize"": ""26502"", ""maxHttpRequestHeaderSize"": ""26554"", ""maxHttpResponseHeaderSize"": ""26821"", ""maxKeepAliveRequests"": ""3833"", ""maxParameterCount"": ""68748"", ""maxSwallowSize"": ""6520662"", ""maxThreads"": ""167"", ""minSpareThreads"": ""950"", ""processorCache"": ""101"", ""tcpNoDelay"": ""TRUE"", ""threadPriority"": ""4"", ""threadsMaxIdleTime"": ""280085"", ""throughput__2"": ""2216.95"", ""useAsyncIO"": ""TRUE"", ""useVirtualThreads"": ""FALSE""}"
tomcat,tpe,3301,plain,false,70,2431.81,24.45,2431.81,10.035483360290527,"[8, 50, 10, False]",0.0,10.035391807556152,0.0,"{""acceptCount"": ""368"", ""allowBackslash"": ""FALSE"", ""compression"": ""force"", ""compressionMinSize"": ""7948"", ""connectionTimeout"": ""557705"", ""connectionUploadTimeout"": ""146513"", ""disableUploadTimeout"": ""TRUE"", ""executorTerminationTimeoutMillis"": ""485506"", ""keepAliveTimeout"": ""480011"", ""maxConnections"": ""2698"", ""maxHeaderCount"": ""993"", ""maxHttpHeaderSize"": ""63118"", ""maxHttpRequestHeaderSize"": ""59489"", ""maxHttpResponseHeaderSize"": ""64304"", ""maxKeepAliveRequests"": ""2681"", ""maxParameterCount"": ""18418"", ""maxSwallowSize"": ""5317116"", ""maxThreads"": ""182"", ""minSpareThreads"": ""576"", ""processorCache"": ""131"", ""tcpNoDelay"": ""FALSE"", ""threadPriority"": ""1"", ""threadsMaxIdleTime"": ""588622"", ""throughput__2"": ""2431.81"", ""useAsyncIO"": ""TRUE"", ""useVirtualThreads"": ""FALSE""}"
tomcat,tpe,3301,plain,false,71,2542.04,21.11,2542.04,10.027747392654419,"[8, 50, 10, False]",0.0,10.027663946151733,0.0,"{""acceptCount"": ""36"", ""allowBackslash"": ""TRUE"", ""compression"": ""off"", ""compressionMinSize"": ""5067"", ""connectionTimeout"": ""457057"", ""connectionUploadTimeout"": ""314276"", ""disableUploadTimeout"": ""TRUE"", ""executorTerminationTimeoutMillis"": ""304630"", ""keepAliveTimeout"": ""39094"", ""maxConnections"": ""18752"", ""maxHeaderCount"": ""644"", ""maxHttpHeaderSize"": ""62942"", ""maxHttpRequestHeaderSize"": ""22745"", ""maxHttpResponseHeaderSize"": ""24307"", ""maxKeepAliveRequests"": ""1809"", ""maxParameterCount"": ""68817"", ""maxSwallowSize"": ""4832838"", ""maxThreads"": ""21"", ""minSpareThreads"": ""300"", ""processorCache"": ""250"", ""tcpNoDelay"": ""FALSE"", ""threadPriority"": ""7"", ""threadsMaxIdleTime"": ""55666"", ""throughput__2"": ""2542.04"", ""useAsyncIO"": ""TRUE"", ""useVirtualThreads"": ""FALSE""}"
tomcat,tpe,3301,plain,false,72,2411.25,27.88,2411.25,10.019344091415405,"[8, 50, 10, False]",0.0,10.019239902496338,0.0,"{""acceptCount"": ""620"", ""allowBackslash"": ""TRUE"", ""compression"": ""on"", ""compressionMinSize"": ""5733"", ""connectionTimeout"": ""35968"", ""connectionUploadTimeout"": ""442709"", ""disableUploadTimeout"": ""FALSE"", ""executorTerminationTimeoutMillis"": ""154526"", ""keepAliveTimeout"": ""94885"", ""maxConnections"": ""11233"", ""maxHeaderCount"": ""913"", ""maxHttpHeaderSize"": ""11606"", ""maxHttpRequestHeaderSize"": ""46603"", ""maxHttpResponseHeaderSize"": ""63845"", ""maxKeepAliveRequests"": ""3039"", ""maxParameterCount"": ""78399"", ""maxSwallowSize"": ""8342444"", ""maxThreads"": ""237"", ""minSpareThreads"": ""253"", ""processorCache"": ""345"", ""tcpNoDelay"": ""TRUE"", ""threadPriority"": ""7"", ""threadsMaxIdleTime"": ""151568"", ""throughput__2"": ""2411.25"", ""useAsyncIO"": ""TRUE"", ""useVirtualThreads"": ""FALSE""}"
tomcat,tpe,3301,plain,false,73,2263.06,29.34,2263.06,10.040091753005981,"[8, 50, 10, False]",0.0,10.040004253387451,0.0,"{""acceptCount"": ""646"", ""allowBackslash"": ""TRUE"", ""compression"": ""off"", ""compressionMinSize"": ""8732"", ""connectionTimeout"": ""39972"", ""connectionUploadTimeout"": ""254649"", ""disableUploadTimeout"": ""TRUE"", ""executorTerminationTimeoutMillis"": ""416984"", ""keepAliveTimeout"": ""578458"", ""maxConnections"": ""18919"", ""maxHeaderCount"": ""936"", ""maxHttpHeaderSize"": ""8671"", ""maxHttpRequestHeaderSize"": ""15614"", ""maxHttpResponseHeaderSize"": ""22354"", ""maxKeepAliveRequests"": ""4126"", ""maxParameterCount"": ""15344"", ""maxSwallowSize"": ""11765391"", ""maxThreads"": ""354"", ""minSpareThreads"": ""70"", ""processorCache"": ""333"", ""tcpNoDelay"": ""TRUE"", ""threadPriority"": ""3"", ""threadsMaxIdleTime"": ""285092"", ""throughput__2"": ""2263.06"", ""useAsyncIO"": ""TRUE"", ""useVirtualThreads"": ""FALSE""}"
tomcat,tpe,3301,plain,false,74,2238.85,27.49,2238.85,10.032994508743286,"[8, 50, 10, False]",0.0,10.032895803451538,0.0,"{""acceptCount"": ""662"", ""allowBackslash"": ""TRUE"", ""compression"": ""force"", ""compressionMinSize"": ""7107"", ""connectionTimeout"": ""65065"", ""connectionUploadTimeout"": ""45156"", ""disableUploadTimeout"": ""TRUE"", ""executorTerminationTimeoutMillis"": ""539248"", ""keepAliveTimeout"": ""266112"", ""maxConnections"": ""11554"", ""maxHeaderCount"": ""451"", ""maxHttpHeaderSize"": ""8784"", ""maxHttpRequestHeaderSize"": ""14554"", ""maxHttpResponseHeaderSize"": ""44360"", ""maxKeepAliveRequests"": ""1055"", ""maxParameterCount"": ""57466"", ""maxSwallowSize"": ""3078335"", ""maxThreads"": ""38"", ""minSpareThreads"": ""700"", ""processorCache"": ""388"", ""tcpNoDelay"": ""TRUE"", ""threadPriority"": ""9"", ""threadsMaxIdleTime"": ""289483"", ""throughput__2"": ""2238.85"", ""useAsyncIO"": ""TRUE"", ""useVirtualThreads"": ""FALSE""}"
tomcat,tpe,3301,plain,false,75,2373.44,25.53,2373.44,10.030688762664795,"[8, 50, 10, False]",0.0,10.030603647232056,0.0,"{""acceptCount"": ""25"", ""allowBackslash"": ""TRUE"", ""compression"": ""on"", ""compressionMinSize"": ""10025"", ""connectionTimeout"": ""412595"", ""connectionUploadTimeout"": ""390545"", ""disableUploadTimeout"": ""FALSE"", ""executorTerminationTimeoutMillis"": ""515182"", ""keepAliveTimeout"": ""227515"", ""maxConnections"": ""10693"", ""maxHeaderCount"": ""81"", ""maxHttpHeaderSize"": ""61495"", ""maxHttpRequestHeaderSize"": ""59133"", ""maxHttpResponseHeaderSize"": ""58529"", ""maxKeepAliveRequests"": ""1070"", ""maxParameterCount"": ""3320"", ""maxSwallowSize"": ""589641"", ""maxThreads"": ""105"", ""minSpareThreads"": ""605"", ""processorCache"": ""280"", ""tcpNoDelay"": ""FALSE"", ""threadPriority"": ""4"", ""threadsMaxIdleTime"": ""172594"", ""throughput__2"": ""2373.44"", ""useAsyncIO"": ""TRUE"", ""useVirtualThreads"": ""FALSE""}"
tomcat,tpe,3301,plain,false,76,2400.92,24.55,2400.92,10.03160309791565,"[8, 50, 10, False]",0.0,10.031512260437012,0.0,"{""acceptCount"": ""794"", ""allowBackslash"": ""TRUE"", ""compression"": ""off"", ""compressionMinSize"": ""10083"", ""connectionTimeout"": ""318800"", ""connectionUploadTimeout"": ""129257"", ""disableUploadTimeout"": ""FALSE"", ""executorTerminationTimeoutMillis"": ""198533"", ""keepAliveTimeout"": ""161616"", ""maxConnections"": ""13969"", ""maxHeaderCount"": ""673"", ""maxHttpHeaderSize"": ""45416"", ""maxHttpRequestHeaderSize"": ""18853"", ""maxHttpResponseHeaderSize"": ""13833"", ""maxKeepAliveRequests"": ""2331"", ""maxParameterCount"": ""62104"", ""maxSwallowSize"": ""18720460"", ""maxThreads"": ""44"", ""minSpareThreads"": ""705"", ""processorCache"": ""83"", ""tcpNoDelay"": ""FALSE"", ""threadPriority"": ""3"", ""threadsMaxIdleTime"": ""551075"", ""throughput__2"": ""2400.92"", ""useAsyncIO"": ""TRUE"", ""useVirtualThreads"": ""FALSE""}"
tomcat,tpe,3301,plain,false,77,2564.89,22.44,2564.89,10.026862382888794,"[8, 50, 10, False]",0.0,10.026777029037476,0.0,"{""acceptCount"": ""785"", ""allowBackslash"": ""FALSE"", ""compression"": ""force"", ""compressionMinSize"": ""4072"", ""connectionTimeout"": ""30655"", ""connectionUploadTimeout"": ""23060"", ""disableUploadTimeout"": ""FALSE"", ""executorTerminationTimeoutMillis"": ""386147"", ""keepAliveTimeout"": ""144986"", ""maxConnections"": ""810"", ""maxHeaderCount"": ""108"", ""maxHttpHeaderSize"": ""35443"", ""maxHttpRequestHeaderSize"": ""11785"", ""maxHttpResponseHeaderSize"": ""55359"", ""maxKeepAliveRequests"": ""634"", ""maxParameterCount"": ""20684"", ""maxSwallowSize"": ""2334662"", ""maxThreads"": ""175"", ""minSpareThreads"": ""989"", ""processorCache"": ""90"", ""tcpNoDelay"": ""FALSE"", ""threadPriority"": ""7"", ""threadsMaxIdleTime"": ""103221"", ""throughput__2"": ""2564.89"", ""useAsyncIO"": ""TRUE"", ""useVirtualThreads"": ""FALSE""}"
tomcat,tpe,3301,plain,false,78,2449.56,46.48,2449.56,10.033933639526367,"[8, 50, 10, False]",0.0,10.033850908279419,0.0,"{""acceptCount"": ""10"", ""allowBackslash"": ""TRUE"", ""compression"": ""off"", ""compressionMinSize"": ""4775"", ""connectionTimeout"": ""301330"", ""connectionUploadTimeout"": ""531837"", ""disableUploadTimeout"": ""TRUE"", ""executorTerminationTimeoutMillis"": ""482271"", ""keepAliveTimeout"": ""246725"", ""maxConnections"": ""12593"", ""maxHeaderCount"": ""684"", ""maxHttpHeaderSize"": ""2707"", ""maxHttpRequestHeaderSize"": ""18746"", ""maxHttpResponseHeaderSize"": ""32341"", ""maxKeepAliveRequests"": ""2542"", ""maxParameterCount"": ""69599"", ""maxSwallowSize"": ""1195376"", ""maxThreads"": ""228"", ""minSpareThreads"": ""140"", ""processorCache"": ""208"", ""tcpNoDelay"": ""TRUE"", ""threadPriority"": ""7"", ""threadsMaxIdleTime"": ""434622"", ""throughput__2"": ""2449.56"", ""useAsyncIO"": ""TRUE"", ""useVirtualThreads"": ""FALSE""}"
tomcat,tpe,3301,plain,false,79,2379.24,26.68,2379.24,10.044483661651611,"[8, 50, 10, False]",0.0,10.04439377784729,0.0,"{""acceptCount"": ""23"", ""allowBackslash"": ""TRUE"", ""compression"": ""off"", ""compressionMinSize"": ""9259"", ""connectionTimeout"": ""114187"", ""connectionUploadTimeout"": ""467309"", ""disableUploadTimeout"": ""TRUE"", ""executorTerminationTimeoutMillis"": ""204200"", ""keepAliveTimeout"": ""577313"", ""maxConnections"": ""12605"", ""maxHeaderCount"": ""586"", ""maxHttpHeaderSize"": ""19227"", ""maxHttpRequestHeaderSize"": ""54037"", ""maxHttpResponseHeaderSize"": ""3927"", ""maxKeepAliveRequests"": ""2581"", ""maxParameterCount"": ""58515"", ""maxSwallowSize"": ""19864215"", ""maxThreads"": ""391"", ""minSpareThreads"": ""370"", ""processorCache"": ""209"", ""tcpNoDelay"": ""TRUE"", ""threadPriority"": ""7"", ""threadsMaxIdleTime"": ""141008"", ""throughput__2"": ""2379.24"", ""useAsyncIO"": ""TRUE"", ""useVirtualThreads"": ""FALSE""}"
tomcat,tpe,3301,plain,false,80,2420.82,28.1,2420.82,10.039859294891357,"[8, 50, 10, False]",0.0,10.039763927459717,0.0,"{""acceptCount"": ""363"", ""allowBackslash"": ""TRUE"", ""compression"": ""on"", ""compressionMinSize"": ""5872"", ""connectionTimeout"": ""98230"", ""connectionUploadTimeout"": ""119382"", ""disableUploadTimeout"": ""TRUE"", ""executorTerminationTimeoutMillis"": ""445807"", ""keepAliveTimeout"": ""128498"", ""maxConnections"": ""12480"", ""maxHeaderCount"": ""992"", ""maxHttpHeaderSize"": ""43260"", ""maxHttpRequestHeaderSize"": ""57771"", ""maxHttpResponseHeaderSize"": ""29004"", ""maxKeepAliveRequests"": ""1692"", ""maxParameterCount"": ""55703"", ""maxSwallowSize"": ""7043154"", ""maxThreads"": ""52"", ""minSpareThreads"": ""178"", ""processorCache"": ""329"", ""tcpNoDelay"": ""FALSE"", ""threadPriority"": ""3"", ""threadsMaxIdleTime"": ""289374"", ""throughput__2"": ""2420.82"", ""useAsyncIO"": ""TRUE"", ""useVirtualThreads"": ""FALSE""}"
tomcat,tpe,3301,plain,false,81,2450.17,24.26,2450.17,10.03110384941101,"[8, 50, 10, False]",0.0,10.03101134300232,0.0,"{""acceptCount"": ""125"", ""allowBackslash"": ""FALSE"", ""compression"": ""on"", ""compressionMinSize"": ""5362"", ""connectionTimeout"": ""190421"", ""connectionUploadTimeout"": ""94985"", ""disableUploadTimeout"": ""FALSE"", ""executorTerminationTimeoutMillis"": ""461581"", ""keepAliveTimeout"": ""240924"", ""maxConnections"": ""7276"", ""maxHeaderCount"": ""322"", ""maxHttpHeaderSize"": ""16925"", ""maxHttpRequestHeaderSize"": ""30598"", ""maxHttpResponseHeaderSize"": ""61428"", ""maxKeepAliveRequests"": ""2967"", ""maxParameterCount"": ""2642"", ""maxSwallowSize"": ""16734862"", ""maxThreads"": ""287"", ""minSpareThreads"": ""596"", ""processorCache"": ""356"", ""tcpNoDelay"": ""FALSE"", ""threadPriority"": ""10"", ""threadsMaxIdleTime"": ""392666"", ""throughput__2"": ""2450.17"", ""useAsyncIO"": ""TRUE"", ""useVirtualThreads"": ""FALSE""}"
tomcat,tpe,3301,plain,false,82,2396.81,20.83,2396.81,10.027502298355103,"[8, 50, 10, False]",0.0,10.027414798736572,0.0,"{""acceptCount"": ""303"", ""allowBackslash"": ""FALSE"", ""compression"": ""off"", ""compressionMinSize"": ""8394"", ""connectionTimeout"": ""80784"", ""connectionUploadTimeout"": ""204423"", ""disableUploadTimeout"": ""FALSE"", ""executorTerminationTimeoutMillis"": ""12117"", ""keepAliveTimeout"": ""113574"", ""maxConnections"": ""16935"", ""maxHeaderCount"": ""222"", ""maxHttpHeaderSize"": ""30236"", ""maxHttpRequestHeaderSize"": ""14269"", ""maxHttpResponseHeaderSize"": ""45399"", ""maxKeepAliveRequests"": ""3698"", ""maxParameterCount"": ""95859"", ""maxSwallowSize"": ""3219034"", ""maxThreads"": ""360"", ""minSpareThreads"": ""828"", ""processorCache"": ""151"", ""tcpNoDelay"": ""FALSE"", ""threadPriority"": ""1"", ""threadsMaxIdleTime"": ""582602"", ""throughput__2"": ""2396.81"", ""useAsyncIO"": ""TRUE"", ""useVirtualThreads"": ""TRUE""}"
tomcat,tpe,3301,plain,false,83,2355.69,21.33,2355.69,10.033066987991333,"[8, 50, 10, False]",0.0,10.032981157302856,0.0,"{""acceptCount"": ""266"", ""allowBackslash"": ""FALSE"", ""compression"": ""off"", ""compressionMinSize"": ""10093"", ""connectionTimeout"": ""141715"", ""connectionUploadTimeout"": ""539957"", ""disableUploadTimeout"": ""TRUE"", ""executorTerminationTimeoutMillis"": ""510365"", ""keepAliveTimeout"": ""414542"", ""maxConnections"": ""5208"", ""maxHeaderCount"": ""818"", ""maxHttpHeaderSize"": ""53123"", ""maxHttpRequestHeaderSize"": ""51676"", ""maxHttpResponseHeaderSize"": ""57735"", ""maxKeepAliveRequests"": ""1652"", ""maxParameterCount"": ""8644"", ""maxSwallowSize"": ""13839006"", ""maxThreads"": ""363"", ""minSpareThreads"": ""105"", ""processorCache"": ""28"", ""tcpNoDelay"": ""FALSE"", ""threadPriority"": ""10"", ""threadsMaxIdleTime"": ""287422"", ""throughput__2"": ""2355.69"", ""useAsyncIO"": ""TRUE"", ""useVirtualThreads"": ""TRUE""}"
tomcat,tpe,3301,plain,false,84,2445.71,22.96,2445.71,10.042768955230713,"[8, 50, 10, False]",0.0,10.042674779891968,0.0,"{""acceptCount"": ""768"", ""allowBackslash"": ""TRUE"", ""compression"": ""force"", ""compressionMinSize"": ""6706"", ""connectionTimeout"": ""334784"", ""connectionUploadTimeout"": ""419053"", ""disableUploadTimeout"": ""TRUE"", ""executorTerminationTimeoutMillis"": ""250115"", ""keepAliveTimeout"": ""460382"", ""maxConnections"": ""14648"", ""maxHeaderCount"": ""146"", ""maxHttpHeaderSize"": ""31436"", ""maxHttpRequestHeaderSize"": ""10344"", ""maxHttpResponseHeaderSize"": ""45708"", ""maxKeepAliveRequests"": ""1849"", ""maxParameterCount"": ""57172"", ""maxSwallowSize"": ""1267014"", ""maxThreads"": ""127"", ""minSpareThreads"": ""858"", ""processorCache"": ""280"", ""tcpNoDelay"": ""FALSE"", ""threadPriority"": ""8"", ""threadsMaxIdleTime"": ""190832"", ""throughput__2"": ""2445.71"", ""useAsyncIO"": ""TRUE"", ""useVirtualThreads"": ""FALSE""}"
tomcat,tpe,3301,plain,false,85,2143.51,23.16,2143.51,10.038245439529419,"[8, 50, 10, False]",0.0,10.03815221786499,0.0,"{""acceptCount"": ""448"", ""allowBackslash"": ""TRUE"", ""compression"": ""force"", ""compressionMinSize"": ""2977"", ""connectionTimeout"": ""222779"", ""connectionUploadTimeout"": ""231337"", ""disableUploadTimeout"": ""FALSE"", ""executorTerminationTimeoutMillis"": ""588427"", ""keepAliveTimeout"": ""309574"", ""maxConnections"": ""3881"", ""maxHeaderCount"": ""518"", ""maxHttpHeaderSize"": ""32198"", ""maxHttpRequestHeaderSize"": ""34260"", ""maxHttpResponseHeaderSize"": ""2138"", ""maxKeepAliveRequests"": ""4653"", ""maxParameterCount"": ""63977"", ""maxSwallowSize"": ""5107586"", ""maxThreads"": ""106"", ""minSpareThreads"": ""874"", ""processorCache"": ""68"", ""tcpNoDelay"": ""FALSE"", ""threadPriority"": ""2"", ""threadsMaxIdleTime"": ""475373"", ""throughput__2"": ""2143.51"", ""useAsyncIO"": ""FALSE"", ""useVirtualThreads"": ""TRUE""}"
tomcat,tpe,3301,plain,false,86,2501.05,23.87,2501.05,10.034764766693115,"[8, 50, 10, False]",0.0,10.034670352935791,0.0,"{""acceptCount"": ""990"", ""allowBackslash"": ""FALSE"", ""compression"": ""force"", ""compressionMinSize"": ""10131"", ""connectionTimeout"": ""76803"", ""connectionUploadTimeout"": ""77710"", ""disableUploadTimeout"": ""FALSE"", ""executorTerminationTimeoutMillis"": ""570179"", ""keepAliveTimeout"": ""7104"", ""maxConnections"": ""1368"", ""maxHeaderCount"": ""79"", ""maxHttpHeaderSize"": ""53262"", ""maxHttpRequestHeaderSize"": ""2122"", ""maxHttpResponseHeaderSize"": ""12293"", ""maxKeepAliveRequests"": ""992"", ""maxParameterCount"": ""32360"", ""maxSwallowSize"": ""1500376"", ""maxThreads"": ""311"", ""minSpareThreads"": ""499"", ""processorCache"": ""258"", ""tcpNoDelay"": ""FALSE"", ""threadPriority"": ""2"", ""threadsMaxIdleTime"": ""292514"", ""throughput__2"": ""2501.05"", ""useAsyncIO"": ""TRUE"", ""useVirtualThreads"": ""FALSE""}"
tomcat,tpe,3301,plain,false,87,2546.89,24.18,2546.89,10.029088497161865,"[8, 50, 10, False]",0.0,10.029004096984863,0.0,"{""acceptCount"": ""450"", ""allowBackslash"": ""FALSE"", ""compression"": ""force"", ""compressionMinSize"": ""1781"", ""connectionTimeout"": ""222175"", ""connectionUploadTimeout"": ""372194"", ""disableUploadTimeout"": ""FALSE"", ""executorTerminationTimeoutMillis"": ""466579"", ""keepAliveTimeout"": ""67424"", ""maxConnections"": ""12115"", ""maxHeaderCount"": ""117"", ""maxHttpHeaderSize"": ""57406"", ""maxHttpRequestHeaderSize"": ""52734"", ""maxHttpResponseHeaderSize"": ""63231"", ""maxKeepAliveRequests"": ""1689"", ""maxParameterCount"": ""97516"", ""maxSwallowSize"": ""5347655"", ""maxThreads"": ""155"", ""minSpareThreads"": ""985"", ""processorCache"": ""170"", ""tcpNoDelay"": ""FALSE"", ""threadPriority"": ""3"", ""threadsMaxIdleTime"": ""572553"", ""throughput__2"": ""2546.89"", ""useAsyncIO"": ""TRUE"", ""useVirtualThreads"": ""FALSE""}"
tomcat,tpe,3301,plain,false,88,2454.51,23.89,2454.51,10.03406548500061,"[8, 50, 10, False]",0.0,10.033974409103394,0.0,"{""acceptCount"": ""734"", ""allowBackslash"": ""FALSE"", ""compression"": ""on"", ""compressionMinSize"": ""453"", ""connectionTimeout"": ""96551"", ""connectionUploadTimeout"": ""153104"", ""disableUploadTimeout"": ""FALSE"", ""executorTerminationTimeoutMillis"": ""288867"", ""keepAliveTimeout"": ""446382"", ""maxConnections"": ""8305"", ""maxHeaderCount"": ""61"", ""maxHttpHeaderSize"": ""54571"", ""maxHttpRequestHeaderSize"": ""55735"", ""maxHttpResponseHeaderSize"": ""28888"", ""maxKeepAliveRequests"": ""3345"", ""maxParameterCount"": ""73545"", ""maxSwallowSize"": ""8649400"", ""maxThreads"": ""250"", ""minSpareThreads"": ""603"", ""processorCache"": ""305"", ""tcpNoDelay"": ""FALSE"", ""threadPriority"": ""3"", ""threadsMaxIdleTime"": ""545745"", ""throughput__2"": ""2454.51"", ""useAsyncIO"": ""TRUE"", ""useVirtualThreads"": ""FALSE""}"
tomcat,tpe,3301,plain,false,89,2470.28,25.47,2470.28,10.051301956176758,"[8, 50, 10, False]",0.0,10.051210165023804,0.0,"{""acceptCount"": ""345"", ""allowBackslash"": ""TRUE"", ""compression"": ""on"", ""compressionMinSize"": ""5743"", ""connectionTimeout"": ""270532"", ""connectionUploadTimeout"": ""150087"", ""disableUploadTimeout"": ""TRUE"", ""executorTerminationTimeoutMillis"": ""385951"", ""keepAliveTimeout"": ""129403"", ""maxConnections"": ""15778"", ""maxHeaderCount"": ""317"", ""maxHttpHeaderSize"": ""58374"", ""maxHttpRequestHeaderSize"": ""37837"", ""maxHttpResponseHeaderSize"": ""54008"", ""maxKeepAliveRequests"": ""4365"", ""maxParameterCount"": ""21046"", ""maxSwallowSize"": ""5124374"", ""maxThreads"": ""266"", ""minSpareThreads"": ""202"", ""processorCache"": ""148"", ""tcpNoDelay"": ""FALSE"", ""threadPriority"": ""9"", ""threadsMaxIdleTime"": ""86097"", ""throughput__2"": ""2470.28"", ""useAsyncIO"": ""TRUE"", ""useVirtualThreads"": ""FALSE""}"
tomcat,tpe,3301,plain,false,90,2221.9,28.29,2221.9,10.052135229110718,"[8, 50, 10, False]",0.0,10.052044153213501,0.0,"{""acceptCount"": ""130"", ""allowBackslash"": ""FALSE"", ""compression"": ""force"", ""compressionMinSize"": ""8129"", ""connectionTimeout"": ""302811"", ""connectionUploadTimeout"": ""551505"", ""disableUploadTimeout"": ""TRUE"", ""executorTerminationTimeoutMillis"": ""362116"", ""keepAliveTimeout"": ""87450"", ""maxConnections"": ""4548"", ""maxHeaderCount"": ""434"", ""maxHttpHeaderSize"": ""5281"", ""maxHttpRequestHeaderSize"": ""61504"", ""maxHttpResponseHeaderSize"": ""12263"", ""maxKeepAliveRequests"": ""2577"", ""maxParameterCount"": ""84425"", ""maxSwallowSize"": ""8327533"", ""maxThreads"": ""360"", ""minSpareThreads"": ""522"", ""processorCache"": ""324"", ""tcpNoDelay"": ""FALSE"", ""threadPriority"": ""8"", ""threadsMaxIdleTime"": ""76720"", ""throughput__2"": ""2221.9"", ""useAsyncIO"": ""FALSE"", ""useVirtualThreads"": ""FALSE""}"
tomcat,tpe,3301,plain,false,91,2410.27,23.16,2410.27,10.027132749557495,"[8, 50, 10, False]",0.0,10.027037143707275,0.0,"{""acceptCount"": ""508"", ""allowBackslash"": ""FALSE"", ""compression"": ""on"", ""compressionMinSize"": ""4871"", ""connectionTimeout"": ""472994"", ""connectionUploadTimeout"": ""433870"", ""disableUploadTimeout"": ""FALSE"", ""executorTerminationTimeoutMillis"": ""268514"", ""keepAliveTimeout"": ""45163"", ""maxConnections"": ""19504"", ""maxHeaderCount"": ""260"", ""maxHttpHeaderSize"": ""30802"", ""maxHttpRequestHeaderSize"": ""7480"", ""maxHttpResponseHeaderSize"": ""45980"", ""maxKeepAliveRequests"": ""2557"", ""maxParameterCount"": ""58943"", ""maxSwallowSize"": ""7299574"", ""maxThreads"": ""257"", ""minSpareThreads"": ""670"", ""processorCache"": ""157"", ""tcpNoDelay"": ""FALSE"", ""threadPriority"": ""1"", ""threadsMaxIdleTime"": ""267209"", ""throughput__2"": ""2410.27"", ""useAsyncIO"": ""TRUE"", ""useVirtualThreads"": ""FALSE""}"
tomcat,tpe,3301,plain,false,92,2422.44,22.14,2422.44,10.03141713142395,"[8, 50, 10, False]",0.0,10.031324625015259,0.0,"{""acceptCount"": ""906"", ""allowBackslash"": ""FALSE"", ""compression"": ""force"", ""compressionMinSize"": ""106"", ""connectionTimeout"": ""37965"", ""connectionUploadTimeout"": ""583791"", ""disableUploadTimeout"": ""FALSE"", ""executorTerminationTimeoutMillis"": ""573708"", ""keepAliveTimeout"": ""258821"", ""maxConnections"": ""4914"", ""maxHeaderCount"": ""374"", ""maxHttpHeaderSize"": ""25214"", ""maxHttpRequestHeaderSize"": ""51932"", ""maxHttpResponseHeaderSize"": ""54323"", ""maxKeepAliveRequests"": ""1221"", ""maxParameterCount"": ""90346"", ""maxSwallowSize"": ""15870967"", ""maxThreads"": ""25"", ""minSpareThreads"": ""522"", ""processorCache"": ""7"", ""tcpNoDelay"": ""FALSE"", ""threadPriority"": ""8"", ""threadsMaxIdleTime"": ""301326"", ""throughput__2"": ""2422.44"", ""useAsyncIO"": ""TRUE"", ""useVirtualThreads"": ""FALSE""}"
tomcat,tpe,3301,plain,false,93,2555.2,21.78,2555.2,10.026225566864014,"[8, 50, 10, False]",0.0,10.026142835617065,0.0,"{""acceptCount"": ""572"", ""allowBackslash"": ""TRUE"", ""compression"": ""on"", ""compressionMinSize"": ""1498"", ""connectionTimeout"": ""580029"", ""connectionUploadTimeout"": ""591593"", ""disableUploadTimeout"": ""TRUE"", ""executorTerminationTimeoutMillis"": ""505127"", ""keepAliveTimeout"": ""23662"", ""maxConnections"": ""11725"", ""maxHeaderCount"": ""115"", ""maxHttpHeaderSize"": ""53487"", ""maxHttpRequestHeaderSize"": ""23195"", ""maxHttpResponseHeaderSize"": ""21140"", ""maxKeepAliveRequests"": ""4569"", ""maxParameterCount"": ""6966"", ""maxSwallowSize"": ""14042656"", ""maxThreads"": ""386"", ""minSpareThreads"": ""569"", ""processorCache"": ""114"", ""tcpNoDelay"": ""FALSE"", ""threadPriority"": ""7"", ""threadsMaxIdleTime"": ""285602"", ""throughput__2"": ""2555.2"", ""useAsyncIO"": ""TRUE"", ""useVirtualThreads"": ""FALSE""}"
tomcat,tpe,3301,plain,false,94,2457.63,25.06,2457.63,10.02444338798523,"[8, 50, 10, False]",0.0,10.024362564086914,0.0,"{""acceptCount"": ""326"", ""allowBackslash"": ""FALSE"", ""compression"": ""off"", ""compressionMinSize"": ""2617"", ""connectionTimeout"": ""153475"", ""connectionUploadTimeout"": ""357229"", ""disableUploadTimeout"": ""FALSE"", ""executorTerminationTimeoutMillis"": ""50579"", ""keepAliveTimeout"": ""333760"", ""maxConnections"": ""4249"", ""maxHeaderCount"": ""373"", ""maxHttpHeaderSize"": ""22782"", ""maxHttpRequestHeaderSize"": ""42519"", ""maxHttpResponseHeaderSize"": ""54380"", ""maxKeepAliveRequests"": ""582"", ""maxParameterCount"": ""54603"", ""maxSwallowSize"": ""2982053"", ""maxThreads"": ""80"", ""minSpareThreads"": ""723"", ""processorCache"": ""179"", ""tcpNoDelay"": ""FALSE"", ""threadPriority"": ""3"", ""threadsMaxIdleTime"": ""554088"", ""throughput__2"": ""2457.63"", ""useAsyncIO"": ""TRUE"", ""useVirtualThreads"": ""FALSE""}"
tomcat,tpe,3301,plain,false,95,2424.94,25.25,2424.94,10.045307397842407,"[8, 50, 10, False]",0.0,10.045214653015137,0.0,"{""acceptCount"": ""388"", ""allowBackslash"": ""TRUE"", ""compression"": ""on"", ""compressionMinSize"": ""3583"", ""connectionTimeout"": ""213366"", ""connectionUploadTimeout"": ""431193"", ""disableUploadTimeout"": ""TRUE"", ""executorTerminationTimeoutMillis"": ""397136"", ""keepAliveTimeout"": ""27166"", ""maxConnections"": ""8695"", ""maxHeaderCount"": ""139"", ""maxHttpHeaderSize"": ""30701"", ""maxHttpRequestHeaderSize"": ""42697"", ""maxHttpResponseHeaderSize"": ""7177"", ""maxKeepAliveRequests"": ""1517"", ""maxParameterCount"": ""27744"", ""maxSwallowSize"": ""8501536"", ""maxThreads"": ""315"", ""minSpareThreads"": ""965"", ""processorCache"": ""367"", ""tcpNoDelay"": ""FALSE"", ""threadPriority"": ""2"", ""threadsMaxIdleTime"": ""102169"", ""throughput__2"": ""2424.94"", ""useAsyncIO"": ""TRUE"", ""useVirtualThreads"": ""FALSE""}"
tomcat,tpe,3301,plain,false,96,2306.07,27.72,2306.07,10.043294191360474,"[8, 50, 10, False]",0.0,10.043202638626099,0.0,"{""acceptCount"": ""413"", ""allowBackslash"": ""TRUE"", ""compression"": ""off"", ""compressionMinSize"": ""891"", ""connectionTimeout"": ""112476"", ""connectionUploadTimeout"": ""235485"", ""disableUploadTimeout"": ""TRUE"", ""executorTerminationTimeoutMillis"": ""266686"", ""keepAliveTimeout"": ""549283"", ""maxConnections"": ""19907"", ""maxHeaderCount"": ""283"", ""maxHttpHeaderSize"": ""1150"", ""maxHttpRequestHeaderSize"": ""64013"", ""maxHttpResponseHeaderSize"": ""22773"", ""maxKeepAliveRequests"": ""2453"", ""maxParameterCount"": ""39802"", ""maxSwallowSize"": ""13846955"", ""maxThreads"": ""239"", ""minSpareThreads"": ""750"", ""processorCache"": ""340"", ""tcpNoDelay"": ""TRUE"", ""threadPriority"": ""5"", ""threadsMaxIdleTime"": ""288586"", ""throughput__2"": ""2306.07"", ""useAsyncIO"": ""TRUE"", ""useVirtualThreads"": ""FALSE""}"
tomcat,tpe,3301,plain,false,97,2168.4,22.87,2168.4,10.036487817764282,"[8, 50, 10, False]",0.0,10.036401748657227,0.0,"{""acceptCount"": ""783"", ""allowBackslash"": ""FALSE"", ""compression"": ""off"", ""compressionMinSize"": ""1452"", ""connectionTimeout"": ""13171"", ""connectionUploadTimeout"": ""39073"", ""disableUploadTimeout"": ""FALSE"", ""executorTerminationTimeoutMillis"": ""470491"", ""keepAliveTimeout"": ""2824"", ""maxConnections"": ""2035"", ""maxHeaderCount"": ""498"", ""maxHttpHeaderSize"": ""59968"", ""maxHttpRequestHeaderSize"": ""1315"", ""maxHttpResponseHeaderSize"": ""45427"", ""maxKeepAliveRequests"": ""1605"", ""maxParameterCount"": ""18442"", ""maxSwallowSize"": ""7478111"", ""maxThreads"": ""22"", ""minSpareThreads"": ""95"", ""processorCache"": ""236"", ""tcpNoDelay"": ""FALSE"", ""threadPriority"": ""6"", ""threadsMaxIdleTime"": ""293836"", ""throughput__2"": ""2168.4"", ""useAsyncIO"": ""TRUE"", ""useVirtualThreads"": ""TRUE""}"
tomcat,tpe,3301,plain,false,98,2207.12,25.05,2207.12,10.038958549499512,"[8, 50, 10, False]",0.0,10.038793325424194,0.0,"{""acceptCount"": ""205"", ""allowBackslash"": ""FALSE"", ""compression"": ""on"", ""compressionMinSize"": ""9760"", ""connectionTimeout"": ""116342"", ""connectionUploadTimeout"": ""337295"", ""disableUploadTimeout"": ""TRUE"", ""executorTerminationTimeoutMillis"": ""212674"", ""keepAliveTimeout"": ""140902"", ""maxConnections"": ""12015"", ""maxHeaderCount"": ""593"", ""maxHttpHeaderSize"": ""54205"", ""maxHttpRequestHeaderSize"": ""37669"", ""maxHttpResponseHeaderSize"": ""49260"", ""maxKeepAliveRequests"": ""4180"", ""maxParameterCount"": ""31451"", ""maxSwallowSize"": ""12824764"", ""maxThreads"": ""172"", ""minSpareThreads"": ""415"", ""processorCache"": ""170"", ""tcpNoDelay"": ""FALSE"", ""threadPriority"": ""1"", ""threadsMaxIdleTime"": ""445610"", ""throughput__2"": ""2207.12"", ""useAsyncIO"": ""TRUE"", ""useVirtualThreads"": ""FALSE""}"
tomcat,tpe,3301,plain,false,99,2376.26,23.25,2376.26,10.032357454299927,"[8, 50, 10, False]",0.0,10.032224893569946,0.0,"{""acceptCount"": ""226"", ""allowBackslash"": ""TRUE"", ""compression"": ""force"", ""compressionMinSize"": ""8344"", ""connectionTimeout"": ""69942"", ""connectionUploadTimeout"": ""130581"", ""disableUploadTimeout"": ""TRUE"", ""executorTerminationTimeoutMillis"": ""403766"", ""keepAliveTimeout"": ""308180"", ""maxConnections"": ""5352"", ""maxHeaderCount"": ""932"", ""maxHttpHeaderSize"": ""63243"", ""maxHttpRequestHeaderSize"": ""28817"", ""maxHttpResponseHeaderSize"": ""65109"", ""maxKeepAliveRequests"": ""2488"", ""maxParameterCount"": ""75750"", ""maxSwallowSize"": ""11466093"", ""maxThreads"": ""84"", ""minSpareThreads"": ""277"", ""processorCache"": ""51"", ""tcpNoDelay"": ""TRUE"", ""threadPriority"": ""2"", ""threadsMaxIdleTime"": ""338008"", ""throughput__2"": ""2376.26"", ""useAsyncIO"": ""TRUE"", ""useVirtualThreads"": ""FALSE""}"
tomcat,tpe,3301,plain,false,100,2440.52,24.78,2440.52,10.038381814956665,"[8, 50, 10, False]",0.0,10.038286209106445,0.0,"{""acceptCount"": ""554"", ""allowBackslash"": ""FALSE"", ""compression"": ""force"", ""compressionMinSize"": ""1631"", ""connectionTimeout"": ""129535"", ""connectionUploadTimeout"": ""362605"", ""disableUploadTimeout"": ""FALSE"", ""executorTerminationTimeoutMillis"": ""455633"", ""keepAliveTimeout"": ""155225"", ""maxConnections"": ""8544"", ""maxHeaderCount"": ""397"", ""maxHttpHeaderSize"": ""47173"", ""maxHttpRequestHeaderSize"": ""7419"", ""maxHttpResponseHeaderSize"": ""39862"", ""maxKeepAliveRequests"": ""111"", ""maxParameterCount"": ""90901"", ""maxSwallowSize"": ""10800829"", ""maxThreads"": ""291"", ""minSpareThreads"": ""814"", ""processorCache"": ""252"", ""tcpNoDelay"": ""FALSE"", ""threadPriority"": ""3"", ""threadsMaxIdleTime"": ""589131"", ""throughput__2"": ""2440.52"", ""useAsyncIO"": ""FALSE"", ""useVirtualThreads"": ""FALSE""}"
tomcat,tpe,3301,plain,false,101,2504.83,23.91,2504.83,10.04019832611084,"[8, 50, 10, False]",0.0,10.04011344909668,0.0,"{""acceptCount"": ""889"", ""allowBackslash"": ""TRUE"", ""compression"": ""on"", ""compressionMinSize"": ""301"", ""connectionTimeout"": ""465579"", ""connectionUploadTimeout"": ""433728"", ""disableUploadTimeout"": ""TRUE"", ""executorTerminationTimeoutMillis"": ""555554"", ""keepAliveTimeout"": ""41747"", ""maxConnections"": ""3330"", ""maxHeaderCount"": ""540"", ""maxHttpHeaderSize"": ""28458"", ""maxHttpRequestHeaderSize"": ""37969"", ""maxHttpResponseHeaderSize"": ""52808"", ""maxKeepAliveRequests"": ""4643"", ""maxParameterCount"": ""56538"", ""maxSwallowSize"": ""11860686"", ""maxThreads"": ""44"", ""minSpareThreads"": ""504"", ""processorCache"": ""33"", ""tcpNoDelay"": ""FALSE"", ""threadPriority"": ""9"", ""threadsMaxIdleTime"": ""130150"", ""throughput__2"": ""2504.83"", ""useAsyncIO"": ""TRUE"", ""useVirtualThreads"": ""FALSE""}"
tomcat,tpe,3301,plain,false,102,2388.12,20.91,2388.12,10.06462812423706,"[8, 50, 10, False]",0.0,10.064542531967163,0.0,"{""acceptCount"": ""223"", ""allowBackslash"": ""TRUE"", ""compression"": ""on"", ""compressionMinSize"": ""520"", ""connectionTimeout"": ""484607"", ""connectionUploadTimeout"": ""424197"", ""disableUploadTimeout"": ""TRUE"", ""executorTerminationTimeoutMillis"": ""469908"", ""keepAliveTimeout"": ""269053"", ""maxConnections"": ""11306"", ""maxHeaderCount"": ""16"", ""maxHttpHeaderSize"": ""50927"", ""maxHttpRequestHeaderSize"": ""18518"", ""maxHttpResponseHeaderSize"": ""11791"", ""maxKeepAliveRequests"": ""4018"", ""maxParameterCount"": ""97621"", ""maxSwallowSize"": ""4419474"", ""maxThreads"": ""277"", ""minSpareThreads"": ""529"", ""processorCache"": ""3"", ""tcpNoDelay"": ""FALSE"", ""threadPriority"": ""6"", ""threadsMaxIdleTime"": ""118102"", ""throughput__2"": ""2388.12"", ""useAsyncIO"": ""TRUE"", ""useVirtualThreads"": ""TRUE""}"
tomcat,tpe,3301,plain,false,103,2277.86,24.37,2277.86,10.046672582626343,"[8, 50, 10, False]",0.0,10.046583890914917,0.0,"{""acceptCount"": ""668"", ""allowBackslash"": ""TRUE"", ""compression"": ""off"", ""compressionMinSize"": ""1659"", ""connectionTimeout"": ""468283"", ""connectionUploadTimeout"": ""299962"", ""disableUploadTimeout"": ""TRUE"", ""executorTerminationTimeoutMillis"": ""87730"", ""keepAliveTimeout"": ""422042"", ""maxConnections"": ""10027"", ""maxHeaderCount"": ""948"", ""maxHttpHeaderSize"": ""57879"", ""maxHttpRequestHeaderSize"": ""34906"", ""maxHttpResponseHeaderSize"": ""50036"", ""maxKeepAliveRequests"": ""2360"", ""maxParameterCount"": ""87804"", ""maxSwallowSize"": ""11047924"", ""maxThreads"": ""326"", ""minSpareThreads"": ""276"", ""processorCache"": ""55"", ""tcpNoDelay"": ""FALSE"", ""threadPriority"": ""1"", ""threadsMaxIdleTime"": ""533673"", ""throughput__2"": ""2277.86"", ""useAsyncIO"": ""FALSE"", ""useVirtualThreads"": ""FALSE""}"
tomcat,tpe,3301,plain,false,104,2368.61,24.7,2368.61,10.039709091186523,"[8, 50, 10, False]",0.0,10.039547681808472,0.0,"{""acceptCount"": ""596"", ""allowBackslash"": ""FALSE"", ""compression"": ""off"", ""compressionMinSize"": ""9508"", ""connectionTimeout"": ""137291"", ""connectionUploadTimeout"": ""355091"", ""disableUploadTimeout"": ""FALSE"", ""executorTerminationTimeoutMillis"": ""77533"", ""keepAliveTimeout"": ""29108"", ""maxConnections"": ""12324"", ""maxHeaderCount"": ""60"", ""maxHttpHeaderSize"": ""60222"", ""maxHttpRequestHeaderSize"": ""28548"", ""maxHttpResponseHeaderSize"": ""25563"", ""maxKeepAliveRequests"": ""742"", ""maxParameterCount"": ""1229"", ""maxSwallowSize"": ""13991980"", ""maxThreads"": ""86"", ""minSpareThreads"": ""332"", ""processorCache"": ""372"", ""tcpNoDelay"": ""FALSE"", ""threadPriority"": ""1"", ""threadsMaxIdleTime"": ""561028"", ""throughput__2"": ""2368.61"", ""useAsyncIO"": ""TRUE"", ""useVirtualThreads"": ""FALSE""}"
tomcat,tpe,3301,plain,false,105,2353.63,21.95,2353.63,10.02931809425354,"[8, 50, 10, False]",0.0,10.029157161712646,0.0,"{""acceptCount"": ""671"", ""allowBackslash"": ""TRUE"", ""compression"": ""force"", ""compressionMinSize"": ""5251"", ""connectionTimeout"": ""455602"", ""connectionUploadTimeout"": ""502974"", ""disableUploadTimeout"": ""TRUE"", ""executorTerminationTimeoutMillis"": ""112844"", ""keepAliveTimeout"": ""78758"", ""maxConnections"": ""4388"", ""maxHeaderCount"": ""933"", ""maxHttpHeaderSize"": ""2750"", ""maxHttpRequestHeaderSize"": ""52974"", ""maxHttpResponseHeaderSize"": ""9195"", ""maxKeepAliveRequests"": ""1741"", ""maxParameterCount"": ""31789"", ""maxSwallowSize"": ""6685956"", ""maxThreads"": ""23"", ""minSpareThreads"": ""184"", ""processorCache"": ""356"", ""tcpNoDelay"": ""TRUE"", ""threadPriority"": ""8"", ""threadsMaxIdleTime"": ""17469"", ""throughput__2"": ""2353.63"", ""useAsyncIO"": ""TRUE"", ""useVirtualThreads"": ""FALSE""}"
tomcat,tpe,3301,plain,false,106,2351.34,24.5,2351.34,10.039440870285034,"[8, 50, 10, False]",0.0,10.03933596611023,0.0,"{""acceptCount"": ""753"", ""allowBackslash"": ""TRUE"", ""compression"": ""force"", ""compressionMinSize"": ""10080"", ""connectionTimeout"": ""538662"", ""connectionUploadTimeout"": ""108081"", ""disableUploadTimeout"": ""TRUE"", ""executorTerminationTimeoutMillis"": ""563311"", ""keepAliveTimeout"": ""397122"", ""maxConnections"": ""3047"", ""maxHeaderCount"": ""32"", ""maxHttpHeaderSize"": ""52920"", ""maxHttpRequestHeaderSize"": ""37420"", ""maxHttpResponseHeaderSize"": ""45678"", ""maxKeepAliveRequests"": ""1102"", ""maxParameterCount"": ""22840"", ""maxSwallowSize"": ""3913019"", ""maxThreads"": ""122"", ""minSpareThreads"": ""5"", ""processorCache"": ""38"", ""tcpNoDelay"": ""TRUE"", ""threadPriority"": ""6"", ""threadsMaxIdleTime"": ""158544"", ""throughput__2"": ""2351.34"", ""useAsyncIO"": ""TRUE"", ""useVirtualThreads"": ""FALSE""}"
tomcat,tpe,3301,plain,false,107,2515.74,22.59,2515.74,10.031128406524658,"[8, 50, 10, False]",0.0,10.031024694442749,0.0,"{""acceptCount"": ""160"", ""allowBackslash"": ""TRUE"", ""compression"": ""off"", ""compressionMinSize"": ""428"", ""connectionTimeout"": ""330253"", ""connectionUploadTimeout"": ""313891"", ""disableUploadTimeout"": ""TRUE"", ""executorTerminationTimeoutMillis"": ""544709"", ""keepAliveTimeout"": ""47069"", ""maxConnections"": ""3924"", ""maxHeaderCount"": ""29"", ""maxHttpHeaderSize"": ""30984"", ""maxHttpRequestHeaderSize"": ""14017"", ""maxHttpResponseHeaderSize"": ""24041"", ""maxKeepAliveRequests"": ""4841"", ""maxParameterCount"": ""36141"", ""maxSwallowSize"": ""14622725"", ""maxThreads"": ""363"", ""minSpareThreads"": ""437"", ""processorCache"": ""90"", ""tcpNoDelay"": ""FALSE"", ""threadPriority"": ""9"", ""threadsMaxIdleTime"": ""217044"", ""throughput__2"": ""2515.74"", ""useAsyncIO"": ""TRUE"", ""useVirtualThreads"": ""FALSE""}"
tomcat,tpe,3301,plain,false,108,2519.5,21.99,2519.5,10.03585934638977,"[8, 50, 10, False]",0.0,10.035774946212769,0.0,"{""acceptCount"": ""249"", ""allowBackslash"": ""TRUE"", ""compression"": ""force"", ""compressionMinSize"": ""4721"", ""connectionTimeout"": ""174915"", ""connectionUploadTimeout"": ""595867"", ""disableUploadTimeout"": ""FALSE"", ""executorTerminationTimeoutMillis"": ""200706"", ""keepAliveTimeout"": ""502573"", ""maxConnections"": ""14345"", ""maxHeaderCount"": ""836"", ""maxHttpHeaderSize"": ""56920"", ""maxHttpRequestHeaderSize"": ""40609"", ""maxHttpResponseHeaderSize"": ""25651"", ""maxKeepAliveRequests"": ""682"", ""maxParameterCount"": ""97429"", ""maxSwallowSize"": ""20125288"", ""maxThreads"": ""208"", ""minSpareThreads"": ""373"", ""processorCache"": ""265"", ""tcpNoDelay"": ""TRUE"", ""threadPriority"": ""3"", ""threadsMaxIdleTime"": ""35036"", ""throughput__2"": ""2519.5"", ""useAsyncIO"": ""FALSE"", ""useVirtualThreads"": ""FALSE""}"
tomcat,tpe,3301,plain,false,109,2541.45,21.9,2541.45,10.039891719818115,"[8, 50, 10, False]",0.0,10.03980803489685,0.0,"{""acceptCount"": ""61"", ""allowBackslash"": ""FALSE"", ""compression"": ""off"", ""compressionMinSize"": ""922"", ""connectionTimeout"": ""549337"", ""connectionUploadTimeout"": ""31787"", ""disableUploadTimeout"": ""FALSE"", ""executorTerminationTimeoutMillis"": ""96497"", ""keepAliveTimeout"": ""63990"", ""maxConnections"": ""4408"", ""maxHeaderCount"": ""337"", ""maxHttpHeaderSize"": ""47566"", ""maxHttpRequestHeaderSize"": ""62171"", ""maxHttpResponseHeaderSize"": ""971"", ""maxKeepAliveRequests"": ""2762"", ""maxParameterCount"": ""95051"", ""maxSwallowSize"": ""19075434"", ""maxThreads"": ""244"", ""minSpareThreads"": ""591"", ""processorCache"": ""333"", ""tcpNoDelay"": ""FALSE"", ""threadPriority"": ""8"", ""threadsMaxIdleTime"": ""247449"", ""throughput__2"": ""2541.45"", ""useAsyncIO"": ""TRUE"", ""useVirtualThreads"": ""FALSE""}"
tomcat,tpe,3301,plain,false,110,2526.58,22.48,2526.58,10.06942367553711,"[8, 50, 10, False]",0.0,10.069334030151367,0.0,"{""acceptCount"": ""75"", ""allowBackslash"": ""FALSE"", ""compression"": ""on"", ""compressionMinSize"": ""207"", ""connectionTimeout"": ""346386"", ""connectionUploadTimeout"": ""265711"", ""disableUploadTimeout"": ""FALSE"", ""executorTerminationTimeoutMillis"": ""423471"", ""keepAliveTimeout"": ""30151"", ""maxConnections"": ""15783"", ""maxHeaderCount"": ""527"", ""maxHttpHeaderSize"": ""21265"", ""maxHttpRequestHeaderSize"": ""64945"", ""maxHttpResponseHeaderSize"": ""39295"", ""maxKeepAliveRequests"": ""2310"", ""maxParameterCount"": ""70140"", ""maxSwallowSize"": ""1668447"", ""maxThreads"": ""36"", ""minSpareThreads"": ""834"", ""processorCache"": ""244"", ""tcpNoDelay"": ""TRUE"", ""threadPriority"": ""7"", ""threadsMaxIdleTime"": ""227520"", ""throughput__2"": ""2526.58"", ""useAsyncIO"": ""TRUE"", ""useVirtualThreads"": ""FALSE""}"
tomcat,tpe,3301,plain,false,111,2343.5,24.4,2343.5,10.045915603637695,"[8, 50, 10, False]",0.0,10.045829772949219,0.0,"{""acceptCount"": ""373"", ""allowBackslash"": ""TRUE"", ""compression"": ""off"", ""compressionMinSize"": ""770"", ""connectionTimeout"": ""531867"", ""connectionUploadTimeout"": ""96209"", ""disableUploadTimeout"": ""TRUE"", ""executorTerminationTimeoutMillis"": ""331086"", ""keepAliveTimeout"": ""336404"", ""maxConnections"": ""4704"", ""maxHeaderCount"": ""222"", ""maxHttpHeaderSize"": ""22305"", ""maxHttpRequestHeaderSize"": ""64964"", ""maxHttpResponseHeaderSize"": ""3533"", ""maxKeepAliveRequests"": ""4378"", ""maxParameterCount"": ""7136"", ""maxSwallowSize"": ""11022256"", ""maxThreads"": ""97"", ""minSpareThreads"": ""805"", ""processorCache"": ""85"", ""tcpNoDelay"": ""FALSE"", ""threadPriority"": ""9"", ""threadsMaxIdleTime"": ""122936"", ""throughput__2"": ""2343.5"", ""useAsyncIO"": ""TRUE"", ""useVirtualThreads"": ""FALSE""}"
tomcat,tpe,3301,plain,false,112,2076.61,29.68,2076.61,10.040968656539917,"[8, 50, 10, False]",0.0,10.040866136550903,0.0,"{""acceptCount"": ""955"", ""allowBackslash"": ""TRUE"", ""compression"": ""on"", ""compressionMinSize"": ""2253"", ""connectionTimeout"": ""555560"", ""connectionUploadTimeout"": ""461757"", ""disableUploadTimeout"": ""FALSE"", ""executorTerminationTimeoutMillis"": ""266912"", ""keepAliveTimeout"": ""520479"", ""maxConnections"": ""7207"", ""maxHeaderCount"": ""642"", ""maxHttpHeaderSize"": ""10686"", ""maxHttpRequestHeaderSize"": ""42995"", ""maxHttpResponseHeaderSize"": ""45308"", ""maxKeepAliveRequests"": ""706"", ""maxParameterCount"": ""48117"", ""maxSwallowSize"": ""20501421"", ""maxThreads"": ""74"", ""minSpareThreads"": ""538"", ""processorCache"": ""2"", ""tcpNoDelay"": ""TRUE"", ""threadPriority"": ""4"", ""threadsMaxIdleTime"": ""93417"", ""throughput__2"": ""2076.61"", ""useAsyncIO"": ""FALSE"", ""useVirtualThreads"": ""FALSE""}"
tomcat,tpe,3301,plain,false,113,2218.59,24.51,2218.59,10.048502445220947,"[8, 50, 10, False]",0.0,10.04841423034668,0.0,"{""acceptCount"": ""199"", ""allowBackslash"": ""TRUE"", ""compression"": ""on"", ""compressionMinSize"": ""5568"", ""connectionTimeout"": ""430111"", ""connectionUploadTimeout"": ""362620"", ""disableUploadTimeout"": ""TRUE"", ""executorTerminationTimeoutMillis"": ""229267"", ""keepAliveTimeout"": ""480453"", ""maxConnections"": ""19213"", ""maxHeaderCount"": ""40"", ""maxHttpHeaderSize"": ""41100"", ""maxHttpRequestHeaderSize"": ""65209"", ""maxHttpResponseHeaderSize"": ""45869"", ""maxKeepAliveRequests"": ""3488"", ""maxParameterCount"": ""42856"", ""maxSwallowSize"": ""12076205"", ""maxThreads"": ""328"", ""minSpareThreads"": ""918"", ""processorCache"": ""78"", ""tcpNoDelay"": ""FALSE"", ""threadPriority"": ""5"", ""threadsMaxIdleTime"": ""471150"", ""throughput__2"": ""2218.59"", ""useAsyncIO"": ""FALSE"", ""useVirtualThreads"": ""FALSE""}"
tomcat,tpe,3301,plain,false,114,2365.52,24.14,2365.52,10.046931743621826,"[8, 50, 10, False]",0.0,10.046830177307129,0.0,"{""acceptCount"": ""528"", ""allowBackslash"": ""FALSE"", ""compression"": ""on"", ""compressionMinSize"": ""3482"", ""connectionTimeout"": ""14763"", ""connectionUploadTimeout"": ""350866"", ""disableUploadTimeout"": ""FALSE"", ""executorTerminationTimeoutMillis"": ""561615"", ""keepAliveTimeout"": ""94952"", ""maxConnections"": ""17076"", ""maxHeaderCount"": ""579"", ""maxHttpHeaderSize"": ""31869"", ""maxHttpRequestHeaderSize"": ""56223"", ""maxHttpResponseHeaderSize"": ""57502"", ""maxKeepAliveRequests"": ""3070"", ""maxParameterCount"": ""46625"", ""maxSwallowSize"": ""870038"", ""maxThreads"": ""70"", ""minSpareThreads"": ""347"", ""processorCache"": ""348"", ""tcpNoDelay"": ""TRUE"", ""threadPriority"": ""8"", ""threadsMaxIdleTime"": ""312062"", ""throughput__2"": ""2365.52"", ""useAsyncIO"": ""TRUE"", ""useVirtualThreads"": ""FALSE""}"
tomcat,tpe,3301,plain,false,115,2408.07,25.91,2408.07,10.036026000976562,"[8, 50, 10, False]",0.0,10.035934448242188,0.0,"{""acceptCount"": ""620"", ""allowBackslash"": ""TRUE"", ""compression"": ""on"", ""compressionMinSize"": ""8325"", ""connectionTimeout"": ""119654"", ""connectionUploadTimeout"": ""574040"", ""disableUploadTimeout"": ""TRUE"", ""executorTerminationTimeoutMillis"": ""534851"", ""keepAliveTimeout"": ""118159"", ""maxConnections"": ""14353"", ""maxHeaderCount"": ""707"", ""maxHttpHeaderSize"": ""33636"", ""maxHttpRequestHeaderSize"": ""29042"", ""maxHttpResponseHeaderSize"": ""19366"", ""maxKeepAliveRequests"": ""4430"", ""maxParameterCount"": ""73527"", ""maxSwallowSize"": ""8118055"", ""maxThreads"": ""159"", ""minSpareThreads"": ""141"", ""processorCache"": ""339"", ""tcpNoDelay"": ""TRUE"", ""threadPriority"": ""8"", ""threadsMaxIdleTime"": ""402823"", ""throughput__2"": ""2408.07"", ""useAsyncIO"": ""TRUE"", ""useVirtualThreads"": ""FALSE""}"
tomcat,tpe,3301,plain,false,116,2371.17,25.53,2371.17,10.037091970443726,"[8, 50, 10, False]",0.0,10.037006378173828,0.0,"{""acceptCount"": ""795"", ""allowBackslash"": ""TRUE"", ""compression"": ""on"", ""compressionMinSize"": ""248"", ""connectionTimeout"": ""362123"", ""connectionUploadTimeout"": ""8976"", ""disableUploadTimeout"": ""TRUE"", ""executorTerminationTimeoutMillis"": ""91760"", ""keepAliveTimeout"": ""100708"", ""maxConnections"": ""15256"", ""maxHeaderCount"": ""310"", ""maxHttpHeaderSize"": ""1815"", ""maxHttpRequestHeaderSize"": ""2984"", ""maxHttpResponseHeaderSize"": ""17910"", ""maxKeepAliveRequests"": ""1460"", ""maxParameterCount"": ""12513"", ""maxSwallowSize"": ""857837"", ""maxThreads"": ""49"", ""minSpareThreads"": ""121"", ""processorCache"": ""21"", ""tcpNoDelay"": ""TRUE"", ""threadPriority"": ""2"", ""threadsMaxIdleTime"": ""190785"", ""throughput__2"": ""2371.17"", ""useAsyncIO"": ""TRUE"", ""useVirtualThreads"": ""FALSE""}"
tomcat,tpe,3301,plain,false,117,2417.06,24.3,2417.06,10.04344892501831,"[8, 50, 10, False]",0.0,10.04336404800415,0.0,"{""acceptCount"": ""467"", ""allowBackslash"": ""FALSE"", ""compression"": ""on"", ""compressionMinSize"": ""508"", ""connectionTimeout"": ""537045"", ""connectionUploadTimeout"": ""470857"", ""disableUploadTimeout"": ""TRUE"", ""executorTerminationTimeoutMillis"": ""114049"", ""keepAliveTimeout"": ""130999"", ""maxConnections"": ""623"", ""maxHeaderCount"": ""39"", ""maxHttpHeaderSize"": ""53653"", ""maxHttpRequestHeaderSize"": ""36872"", ""maxHttpResponseHeaderSize"": ""39146"", ""maxKeepAliveRequests"": ""4543"", ""maxParameterCount"": ""12139"", ""maxSwallowSize"": ""17385746"", ""maxThreads"": ""272"", ""minSpareThreads"": ""994"", ""processorCache"": ""384"", ""tcpNoDelay"": ""FALSE"", ""threadPriority"": ""7"", ""threadsMaxIdleTime"": ""457957"", ""throughput__2"": ""2417.06"", ""useAsyncIO"": ""TRUE"", ""useVirtualThreads"": ""FALSE""}"
tomcat,tpe,3301,plain,false,118,2519.92,23.11,2519.92,10.086060285568237,"[8, 50, 10, False]",0.0,10.085972309112549,0.0,"{""acceptCount"": ""316"", ""allowBackslash"": ""TRUE"", ""compression"": ""force"", ""compressionMinSize"": ""8919"", ""connectionTimeout"": ""146651"", ""connectionUploadTimeout"": ""211118"", ""disableUploadTimeout"": ""TRUE"", ""executorTerminationTimeoutMillis"": ""335091"", ""keepAliveTimeout"": ""303625"", ""maxConnections"": ""13511"", ""maxHeaderCount"": ""558"", ""maxHttpHeaderSize"": ""37123"", ""maxHttpRequestHeaderSize"": ""12124"", ""maxHttpResponseHeaderSize"": ""58706"", ""maxKeepAliveRequests"": ""2938"", ""maxParameterCount"": ""66417"", ""maxSwallowSize"": ""1867466"", ""maxThreads"": ""397"", ""minSpareThreads"": ""252"", ""processorCache"": ""289"", ""tcpNoDelay"": ""FALSE"", ""threadPriority"": ""10"", ""threadsMaxIdleTime"": ""411420"", ""throughput__2"": ""2519.92"", ""useAsyncIO"": ""TRUE"", ""useVirtualThreads"": ""FALSE""}"
tomcat,tpe,3301,plain,false,119,2087.36,24.66,2087.36,10.068479776382446,"[8, 50, 10, False]",0.0,10.06839394569397,0.0,"{""acceptCount"": ""85"", ""allowBackslash"": ""FALSE"", ""compression"": ""off"", ""compressionMinSize"": ""4998"", ""connectionTimeout"": ""532215"", ""connectionUploadTimeout"": ""227439"", ""disableUploadTimeout"": ""FALSE"", ""executorTerminationTimeoutMillis"": ""424514"", ""keepAliveTimeout"": ""538763"", ""maxConnections"": ""6610"", ""maxHeaderCount"": ""262"", ""maxHttpHeaderSize"": ""35740"", ""maxHttpRequestHeaderSize"": ""45651"", ""maxHttpResponseHeaderSize"": ""2858"", ""maxKeepAliveRequests"": ""1175"", ""maxParameterCount"": ""65200"", ""maxSwallowSize"": ""17183617"", ""maxThreads"": ""335"", ""minSpareThreads"": ""547"", ""processorCache"": ""37"", ""tcpNoDelay"": ""FALSE"", ""threadPriority"": ""7"", ""threadsMaxIdleTime"": ""146336"", ""throughput__2"": ""2087.36"", ""useAsyncIO"": ""TRUE"", ""useVirtualThreads"": ""FALSE""}"
tomcat,tpe,3301,plain,false,120,2041.27,27.32,2041.27,10.046477794647217,"[8, 50, 10, False]",0.0,10.046391725540161,0.0,"{""acceptCount"": ""659"", ""allowBackslash"": ""TRUE"", ""compression"": ""force"", ""compressionMinSize"": ""5584"", ""connectionTimeout"": ""191697"", ""connectionUploadTimeout"": ""186754"", ""disableUploadTimeout"": ""TRUE"", ""executorTerminationTimeoutMillis"": ""537859"", ""keepAliveTimeout"": ""412744"", ""maxConnections"": ""5394"", ""maxHeaderCount"": ""959"", ""maxHttpHeaderSize"": ""16909"", ""maxHttpRequestHeaderSize"": ""29426"", ""maxHttpResponseHeaderSize"": ""51154"", ""maxKeepAliveRequests"": ""172"", ""maxParameterCount"": ""45878"", ""maxSwallowSize"": ""926804"", ""maxThreads"": ""80"", ""minSpareThreads"": ""688"", ""processorCache"": ""40"", ""tcpNoDelay"": ""TRUE"", ""threadPriority"": ""9"", ""threadsMaxIdleTime"": ""500143"", ""throughput__2"": ""2041.27"", ""useAsyncIO"": ""TRUE"", ""useVirtualThreads"": ""FALSE""}"
tomcat,tpe,3301,plain,false,121,2111.62,23.55,2111.62,10.038530826568604,"[8, 50, 10, False]",0.0,10.038441896438599,0.0,"{""acceptCount"": ""237"", ""allowBackslash"": ""FALSE"", ""compression"": ""on"", ""compressionMinSize"": ""2283"", ""connectionTimeout"": ""588387"", ""connectionUploadTimeout"": ""62074"", ""disableUploadTimeout"": ""FALSE"", ""executorTerminationTimeoutMillis"": ""346299"", ""keepAliveTimeout"": ""202744"", ""maxConnections"": ""14648"", ""maxHeaderCount"": ""658"", ""maxHttpHeaderSize"": ""21705"", ""maxHttpRequestHeaderSize"": ""48972"", ""maxHttpResponseHeaderSize"": ""51990"", ""maxKeepAliveRequests"": ""1460"", ""maxParameterCount"": ""51007"", ""maxSwallowSize"": ""12919155"", ""maxThreads"": ""152"", ""minSpareThreads"": ""804"", ""processorCache"": ""172"", ""tcpNoDelay"": ""TRUE"", ""threadPriority"": ""9"", ""threadsMaxIdleTime"": ""48635"", ""throughput__2"": ""2111.62"", ""useAsyncIO"": ""TRUE"", ""useVirtualThreads"": ""TRUE""}"
tomcat,tpe,3301,plain,false,122,2253.36,26.17,2253.36,10.038094520568848,"[8, 50, 10, False]",0.0,10.03795313835144,0.0,"{""acceptCount"": ""131"", ""allowBackslash"": ""FALSE"", ""compression"": ""on"", ""compressionMinSize"": ""4267"", ""connectionTimeout"": ""383732"", ""connectionUploadTimeout"": ""220975"", ""disableUploadTimeout"": ""FALSE"", ""executorTerminationTimeoutMillis"": ""30245"", ""keepAliveTimeout"": ""300106"", ""maxConnections"": ""7235"", ""maxHeaderCount"": ""699"", ""maxHttpHeaderSize"": ""8981"", ""maxHttpRequestHeaderSize"": ""45646"", ""maxHttpResponseHeaderSize"": ""8067"", ""maxKeepAliveRequests"": ""174"", ""maxParameterCount"": ""57285"", ""maxSwallowSize"": ""2474760"", ""maxThreads"": ""334"", ""minSpareThreads"": ""911"", ""processorCache"": ""245"", ""tcpNoDelay"": ""TRUE"", ""threadPriority"": ""5"", ""threadsMaxIdleTime"": ""550401"", ""throughput__2"": ""2253.36"", ""useAsyncIO"": ""TRUE"", ""useVirtualThreads"": ""FALSE""}"
tomcat,tpe,3301,plain,false,123,2444.18,21.11,2444.18,10.038055658340454,"[8, 50, 10, False]",0.0,10.037967920303345,0.0,"{""acceptCount"": ""421"", ""allowBackslash"": ""FALSE"", ""compression"": ""force"", ""compressionMinSize"": ""607"", ""connectionTimeout"": ""412244"", ""connectionUploadTimeout"": ""359526"", ""disableUploadTimeout"": ""FALSE"", ""executorTerminationTimeoutMillis"": ""491555"", ""keepAliveTimeout"": ""111297"", ""maxConnections"": ""12758"", ""maxHeaderCount"": ""128"", ""maxHttpHeaderSize"": ""27068"", ""maxHttpRequestHeaderSize"": ""56115"", ""maxHttpResponseHeaderSize"": ""29607"", ""maxKeepAliveRequests"": ""486"", ""maxParameterCount"": ""52132"", ""maxSwallowSize"": ""10461758"", ""maxThreads"": ""20"", ""minSpareThreads"": ""811"", ""processorCache"": ""121"", ""tcpNoDelay"": ""TRUE"", ""threadPriority"": ""4"", ""threadsMaxIdleTime"": ""382443"", ""throughput__2"": ""2444.18"", ""useAsyncIO"": ""TRUE"", ""useVirtualThreads"": ""FALSE""}"
tomcat,tpe,3301,plain,false,124,2632.71,25.07,2632.71,10.034176588058472,"[8, 50, 10, False]",0.0,10.03408932685852,0.0,"{""acceptCount"": ""680"", ""allowBackslash"": ""TRUE"", ""compression"": ""on"", ""compressionMinSize"": ""2822"", ""connectionTimeout"": ""557262"", ""connectionUploadTimeout"": ""10524"", ""disableUploadTimeout"": ""TRUE"", ""executorTerminationTimeoutMillis"": ""222470"", ""keepAliveTimeout"": ""130488"", ""maxConnections"": ""14758"", ""maxHeaderCount"": ""987"", ""maxHttpHeaderSize"": ""32828"", ""maxHttpRequestHeaderSize"": ""42151"", ""maxHttpResponseHeaderSize"": ""14600"", ""maxKeepAliveRequests"": ""526"", ""maxParameterCount"": ""32336"", ""maxSwallowSize"": ""20815518"", ""maxThreads"": ""337"", ""minSpareThreads"": ""596"", ""processorCache"": ""244"", ""tcpNoDelay"": ""FALSE"", ""threadPriority"": ""8"", ""threadsMaxIdleTime"": ""31934"", ""throughput__2"": ""2632.71"", ""useAsyncIO"": ""TRUE"", ""useVirtualThreads"": ""FALSE""}"
tomcat,tpe,3301,plain,false,125,2545.72,24.0,2545.72,10.038152694702148,"[8, 50, 10, False]",0.0,10.038065195083618,0.0,"{""acceptCount"": ""76"", ""allowBackslash"": ""TRUE"", ""compression"": ""force"", ""compressionMinSize"": ""3796"", ""connectionTimeout"": ""543873"", ""connectionUploadTimeout"": ""91736"", ""disableUploadTimeout"": ""TRUE"", ""executorTerminationTimeoutMillis"": ""79846"", ""keepAliveTimeout"": ""123338"", ""maxConnections"": ""15191"", ""maxHeaderCount"": ""241"", ""maxHttpHeaderSize"": ""56474"", ""maxHttpRequestHeaderSize"": ""11567"", ""maxHttpResponseHeaderSize"": ""55759"", ""maxKeepAliveRequests"": ""2883"", ""maxParameterCount"": ""68359"", ""maxSwallowSize"": ""16970550"", ""maxThreads"": ""90"", ""minSpareThreads"": ""613"", ""processorCache"": ""60"", ""tcpNoDelay"": ""FALSE"", ""threadPriority"": ""1"", ""threadsMaxIdleTime"": ""270176"", ""throughput__2"": ""2545.72"", ""useAsyncIO"": ""TRUE"", ""useVirtualThreads"": ""FALSE""}"
tomcat,tpe,3301,plain,false,126,2496.06,24.42,2496.06,10.057652950286865,"[8, 50, 10, False]",0.0,10.057565689086914,0.0,"{""acceptCount"": ""90"", ""allowBackslash"": ""FALSE"", ""compression"": ""off"", ""compressionMinSize"": ""8523"", ""connectionTimeout"": ""231706"", ""connectionUploadTimeout"": ""410378"", ""disableUploadTimeout"": ""TRUE"", ""executorTerminationTimeoutMillis"": ""373701"", ""keepAliveTimeout"": ""30757"", ""maxConnections"": ""19326"", ""maxHeaderCount"": ""14"", ""maxHttpHeaderSize"": ""41659"", ""maxHttpRequestHeaderSize"": ""60068"", ""maxHttpResponseHeaderSize"": ""2850"", ""maxKeepAliveRequests"": ""2958"", ""maxParameterCount"": ""95580"", ""maxSwallowSize"": ""18816611"", ""maxThreads"": ""343"", ""minSpareThreads"": ""249"", ""processorCache"": ""50"", ""tcpNoDelay"": ""FALSE"", ""threadPriority"": ""8"", ""threadsMaxIdleTime"": ""573047"", ""throughput__2"": ""2496.06"", ""useAsyncIO"": ""TRUE"", ""useVirtualThreads"": ""FALSE""}"
tomcat,tpe,3301,plain,false,127,2162.14,23.05,2162.14,10.059145212173462,"[8, 50, 10, False]",0.0,10.05905818939209,0.0,"{""acceptCount"": ""896"", ""allowBackslash"": ""FALSE"", ""compression"": ""force"", ""compressionMinSize"": ""7640"", ""connectionTimeout"": ""218216"", ""connectionUploadTimeout"": ""47749"", ""disableUploadTimeout"": ""FALSE"", ""executorTerminationTimeoutMillis"": ""211258"", ""keepAliveTimeout"": ""88705"", ""maxConnections"": ""7278"", ""maxHeaderCount"": ""105"", ""maxHttpHeaderSize"": ""63001"", ""maxHttpRequestHeaderSize"": ""6653"", ""maxHttpResponseHeaderSize"": ""12428"", ""maxKeepAliveRequests"": ""115"", ""maxParameterCount"": ""43739"", ""maxSwallowSize"": ""9464291"", ""maxThreads"": ""301"", ""minSpareThreads"": ""520"", ""processorCache"": ""166"", ""tcpNoDelay"": ""TRUE"", ""threadPriority"": ""3"", ""threadsMaxIdleTime"": ""480004"", ""throughput__2"": ""2162.14"", ""useAsyncIO"": ""TRUE"", ""useVirtualThreads"": ""TRUE""}"
tomcat,tpe,3301,plain,false,128,2288.09,24.43,2288.09,10.039592504501343,"[8, 50, 10, False]",0.0,10.039502382278442,0.0,"{""acceptCount"": ""88"", ""allowBackslash"": ""TRUE"", ""compression"": ""off"", ""compressionMinSize"": ""9200"", ""connectionTimeout"": ""429945"", ""connectionUploadTimeout"": ""87343"", ""disableUploadTimeout"": ""TRUE"", ""executorTerminationTimeoutMillis"": ""350825"", ""keepAliveTimeout"": ""567400"", ""maxConnections"": ""13352"", ""maxHeaderCount"": ""732"", ""maxHttpHeaderSize"": ""529"", ""maxHttpRequestHeaderSize"": ""3527"", ""maxHttpResponseHeaderSize"": ""37893"", ""maxKeepAliveRequests"": ""1013"", ""maxParameterCount"": ""91798"", ""maxSwallowSize"": ""16993035"", ""maxThreads"": ""380"", ""minSpareThreads"": ""707"", ""processorCache"": ""306"", ""tcpNoDelay"": ""FALSE"", ""threadPriority"": ""4"", ""threadsMaxIdleTime"": ""385237"", ""throughput__2"": ""2288.09"", ""useAsyncIO"": ""TRUE"", ""useVirtualThreads"": ""FALSE""}"
tomcat,tpe,3301,plain,false,129,2212.95,22.39,2212.95,10.06131625175476,"[8, 50, 10, False]",0.0,10.061225652694702,0.0,"{""acceptCount"": ""105"", ""allowBackslash"": ""TRUE"", ""compression"": ""on"", ""compressionMinSize"": ""8073"", ""connectionTimeout"": ""544519"", ""connectionUploadTimeout"": ""168791"", ""disableUploadTimeout"": ""FALSE"", ""executorTerminationTimeoutMillis"": ""398417"", ""keepAliveTimeout"": ""78762"", ""maxConnections"": ""7436"", ""maxHeaderCount"": ""60"", ""maxHttpHeaderSize"": ""4432"", ""maxHttpRequestHeaderSize"": ""24091"", ""maxHttpResponseHeaderSize"": ""20059"", ""maxKeepAliveRequests"": ""4809"", ""maxParameterCount"": ""20482"", ""maxSwallowSize"": ""18217342"", ""maxThreads"": ""147"", ""minSpareThreads"": ""127"", ""processorCache"": ""370"", ""tcpNoDelay"": ""FALSE"", ""threadPriority"": ""1"", ""threadsMaxIdleTime"": ""366353"", ""throughput__2"": ""2212.95"", ""useAsyncIO"": ""FALSE"", ""useVirtualThreads"": ""TRUE""}"
tomcat,tpe,3301,plain,false,130,2308.99,27.53,2308.99,10.033160209655762,"[8, 50, 10, False]",0.0,10.033069372177124,0.0,"{""acceptCount"": ""144"", ""allowBackslash"": ""FALSE"", ""compression"": ""force"", ""compressionMinSize"": ""6636"", ""connectionTimeout"": ""307919"", ""connectionUploadTimeout"": ""272750"", ""disableUploadTimeout"": ""TRUE"", ""executorTerminationTimeoutMillis"": ""481045"", ""keepAliveTimeout"": ""230717"", ""maxConnections"": ""3359"", ""maxHeaderCount"": ""148"", ""maxHttpHeaderSize"": ""30312"", ""maxHttpRequestHeaderSize"": ""63782"", ""maxHttpResponseHeaderSize"": ""10497"", ""maxKeepAliveRequests"": ""3735"", ""maxParameterCount"": ""6528"", ""maxSwallowSize"": ""14654390"", ""maxThreads"": ""326"", ""minSpareThreads"": ""94"", ""processorCache"": ""32"", ""tcpNoDelay"": ""FALSE"", ""threadPriority"": ""7"", ""threadsMaxIdleTime"": ""105321"", ""throughput__2"": ""2308.99"", ""useAsyncIO"": ""TRUE"", ""useVirtualThreads"": ""FALSE""}"
tomcat,tpe,3301,plain,false,131,2300.32,28.25,2300.32,10.045425653457642,"[8, 50, 10, False]",0.0,10.045340299606323,0.0,"{""acceptCount"": ""901"", ""allowBackslash"": ""FALSE"", ""compression"": ""on"", ""compressionMinSize"": ""5769"", ""connectionTimeout"": ""92962"", ""connectionUploadTimeout"": ""381115"", ""disableUploadTimeout"": ""TRUE"", ""executorTerminationTimeoutMillis"": ""410887"", ""keepAliveTimeout"": ""253578"", ""maxConnections"": ""9541"", ""maxHeaderCount"": ""989"", ""maxHttpHeaderSize"": ""46914"", ""maxHttpRequestHeaderSize"": ""55459"", ""maxHttpResponseHeaderSize"": ""42994"", ""maxKeepAliveRequests"": ""3600"", ""maxParameterCount"": ""91037"", ""maxSwallowSize"": ""4348694"", ""maxThreads"": ""324"", ""minSpareThreads"": ""152"", ""processorCache"": ""354"", ""tcpNoDelay"": ""FALSE"", ""threadPriority"": ""10"", ""threadsMaxIdleTime"": ""143028"", ""throughput__2"": ""2300.32"", ""useAsyncIO"": ""TRUE"", ""useVirtualThreads"": ""FALSE""}"
tomcat,tpe,3301,plain,false,132,2409.65,24.89,2409.65,10.040121078491211,"[8, 50, 10, False]",0.0,10.040032148361206,0.0,"{""acceptCount"": ""774"", ""allowBackslash"": ""TRUE"", ""compression"": ""off"", ""compressionMinSize"": ""8539"", ""connectionTimeout"": ""238170"", ""connectionUploadTimeout"": ""416800"", ""disableUploadTimeout"": ""TRUE"", ""executorTerminationTimeoutMillis"": ""289891"", ""keepAliveTimeout"": ""29711"", ""maxConnections"": ""10398"", ""maxHeaderCount"": ""107"", ""maxHttpHeaderSize"": ""24321"", ""maxHttpRequestHeaderSize"": ""60700"", ""maxHttpResponseHeaderSize"": ""59646"", ""maxKeepAliveRequests"": ""1958"", ""maxParameterCount"": ""85282"", ""maxSwallowSize"": ""4901352"", ""maxThreads"": ""327"", ""minSpareThreads"": ""111"", ""processorCache"": ""298"", ""tcpNoDelay"": ""TRUE"", ""threadPriority"": ""7"", ""threadsMaxIdleTime"": ""570265"", ""throughput__2"": ""2409.65"", ""useAsyncIO"": ""TRUE"", ""useVirtualThreads"": ""FALSE""}"
tomcat,tpe,3301,plain,false,133,2382.34,20.78,2382.34,10.034605503082275,"[8, 50, 10, False]",0.0,10.034520864486694,0.0,"{""acceptCount"": ""311"", ""allowBackslash"": ""TRUE"", ""compression"": ""on"", ""compressionMinSize"": ""4309"", ""connectionTimeout"": ""78301"", ""connectionUploadTimeout"": ""92498"", ""disableUploadTimeout"": ""FALSE"", ""executorTerminationTimeoutMillis"": ""230466"", ""keepAliveTimeout"": ""29070"", ""maxConnections"": ""8586"", ""maxHeaderCount"": ""901"", ""maxHttpHeaderSize"": ""53804"", ""maxHttpRequestHeaderSize"": ""44367"", ""maxHttpResponseHeaderSize"": ""4656"", ""maxKeepAliveRequests"": ""687"", ""maxParameterCount"": ""69974"", ""maxSwallowSize"": ""13013073"", ""maxThreads"": ""335"", ""minSpareThreads"": ""637"", ""processorCache"": ""286"", ""tcpNoDelay"": ""TRUE"", ""threadPriority"": ""3"", ""threadsMaxIdleTime"": ""44108"", ""throughput__2"": ""2382.34"", ""useAsyncIO"": ""FALSE"", ""useVirtualThreads"": ""TRUE""}"
tomcat,tpe,3301,plain,false,134,2423.15,23.38,2423.15,10.042861938476562,"[8, 50, 10, False]",0.0,10.042774438858032,0.0,"{""acceptCount"": ""788"", ""allowBackslash"": ""FALSE"", ""compression"": ""force"", ""compressionMinSize"": ""2367"", ""connectionTimeout"": ""218222"", ""connectionUploadTimeout"": ""269451"", ""disableUploadTimeout"": ""TRUE"", ""executorTerminationTimeoutMillis"": ""496735"", ""keepAliveTimeout"": ""27247"", ""maxConnections"": ""10739"", ""maxHeaderCount"": ""186"", ""maxHttpHeaderSize"": ""43851"", ""maxHttpRequestHeaderSize"": ""1697"", ""maxHttpResponseHeaderSize"": ""41388"", ""maxKeepAliveRequests"": ""1413"", ""maxParameterCount"": ""36958"", ""maxSwallowSize"": ""1623784"", ""maxThreads"": ""238"", ""minSpareThreads"": ""928"", ""processorCache"": ""71"", ""tcpNoDelay"": ""FALSE"", ""threadPriority"": ""7"", ""threadsMaxIdleTime"": ""28403"", ""throughput__2"": ""2423.15"", ""useAsyncIO"": ""TRUE"", ""useVirtualThreads"": ""FALSE""}"
tomcat,tpe,3301,plain,false,135,2549.8,19.3,2549.8,10.05388593673706,"[8, 50, 10, False]",0.0,10.053792715072632,0.0,"{""acceptCount"": ""990"", ""allowBackslash"": ""TRUE"", ""compression"": ""on"", ""compressionMinSize"": ""4054"", ""connectionTimeout"": ""463209"", ""connectionUploadTimeout"": ""66894"", ""disableUploadTimeout"": ""TRUE"", ""executorTerminationTimeoutMillis"": ""321889"", ""keepAliveTimeout"": ""72345"", ""maxConnections"": ""3488"", ""maxHeaderCount"": ""931"", ""maxHttpHeaderSize"": ""1431"", ""maxHttpRequestHeaderSize"": ""51887"", ""maxHttpResponseHeaderSize"": ""40141"", ""maxKeepAliveRequests"": ""3703"", ""maxParameterCount"": ""33596"", ""maxSwallowSize"": ""2420772"", ""maxThreads"": ""10"", ""minSpareThreads"": ""882"", ""processorCache"": ""210"", ""tcpNoDelay"": ""FALSE"", ""threadPriority"": ""10"", ""threadsMaxIdleTime"": ""366937"", ""throughput__2"": ""2549.8"", ""useAsyncIO"": ""TRUE"", ""useVirtualThreads"": ""FALSE""}"
tomcat,tpe,3301,plain,false,136,2253.05,23.65,2253.05,10.036832809448242,"[8, 50, 10, False]",0.0,10.036742210388184,0.0,"{""acceptCount"": ""767"", ""allowBackslash"": ""TRUE"", ""compression"": ""off"", ""compressionMinSize"": ""9353"", ""connectionTimeout"": ""556064"", ""connectionUploadTimeout"": ""573569"", ""disableUploadTimeout"": ""FALSE"", ""executorTerminationTimeoutMillis"": ""459865"", ""keepAliveTimeout"": ""468629"", ""maxConnections"": ""19215"", ""maxHeaderCount"": ""545"", ""maxHttpHeaderSize"": ""24083"", ""maxHttpRequestHeaderSize"": ""44509"", ""maxHttpResponseHeaderSize"": ""15031"", ""maxKeepAliveRequests"": ""1791"", ""maxParameterCount"": ""89735"", ""maxSwallowSize"": ""12936001"", ""maxThreads"": ""290"", ""minSpareThreads"": ""832"", ""processorCache"": ""346"", ""tcpNoDelay"": ""TRUE"", ""threadPriority"": ""5"", ""threadsMaxIdleTime"": ""25476"", ""throughput__2"": ""2253.05"", ""useAsyncIO"": ""FALSE"", ""useVirtualThreads"": ""FALSE""}"
tomcat,tpe,3301,plain,false,137,2257.14,27.01,2257.14,10.032086849212646,"[8, 50, 10, False]",0.0,10.031973838806152,0.0,"{""acceptCount"": ""377"", ""allowBackslash"": ""TRUE"", ""compression"": ""force"", ""compressionMinSize"": ""2879"", ""connectionTimeout"": ""462859"", ""connectionUploadTimeout"": ""577118"", ""disableUploadTimeout"": ""TRUE"", ""executorTerminationTimeoutMillis"": ""161853"", ""keepAliveTimeout"": ""141856"", ""maxConnections"": ""16937"", ""maxHeaderCount"": ""574"", ""maxHttpHeaderSize"": ""47032"", ""maxHttpRequestHeaderSize"": ""2278"", ""maxHttpResponseHeaderSize"": ""44967"", ""maxKeepAliveRequests"": ""4045"", ""maxParameterCount"": ""94691"", ""maxSwallowSize"": ""10452368"", ""maxThreads"": ""45"", ""minSpareThreads"": ""336"", ""processorCache"": ""367"", ""tcpNoDelay"": ""FALSE"", ""threadPriority"": ""5"", ""threadsMaxIdleTime"": ""144375"", ""throughput__2"": ""2257.14"", ""useAsyncIO"": ""TRUE"", ""useVirtualThreads"": ""FALSE""}"
tomcat,tpe,3301,plain,false,138,2426.68,24.44,2426.68,10.03723669052124,"[8, 50, 10, False]",0.0,10.03704047203064,0.0,"{""acceptCount"": ""81"", ""allowBackslash"": ""TRUE"", ""compression"": ""off"", ""compressionMinSize"": ""842"", ""connectionTimeout"": ""452913"", ""connectionUploadTimeout"": ""425469"", ""disableUploadTimeout"": ""TRUE"", ""executorTerminationTimeoutMillis"": ""380130"", ""keepAliveTimeout"": ""65230"", ""maxConnections"": ""17369"", ""maxHeaderCount"": ""938"", ""maxHttpHeaderSize"": ""40576"", ""maxHttpRequestHeaderSize"": ""15109"", ""maxHttpResponseHeaderSize"": ""7971"", ""maxKeepAliveRequests"": ""1489"", ""maxParameterCount"": ""9859"", ""maxSwallowSize"": ""3193090"", ""maxThreads"": ""95"", ""minSpareThreads"": ""628"", ""processorCache"": ""186"", ""tcpNoDelay"": ""FALSE"", ""threadPriority"": ""5"", ""threadsMaxIdleTime"": ""59633"", ""throughput__2"": ""2426.68"", ""useAsyncIO"": ""FALSE"", ""useVirtualThreads"": ""FALSE""}"
tomcat,tpe,3301,plain,false,139,2444.71,24.77,2444.71,10.030329942703247,"[8, 50, 10, False]",0.0,10.030239820480347,0.0,"{""acceptCount"": ""705"", ""allowBackslash"": ""TRUE"", ""compression"": ""on"", ""compressionMinSize"": ""7977"", ""connectionTimeout"": ""423617"", ""connectionUploadTimeout"": ""41790"", ""disableUploadTimeout"": ""TRUE"", ""executorTerminationTimeoutMillis"": ""330614"", ""keepAliveTimeout"": ""397705"", ""maxConnections"": ""3895"", ""maxHeaderCount"": ""978"", ""maxHttpHeaderSize"": ""2373"", ""maxHttpRequestHeaderSize"": ""30819"", ""maxHttpResponseHeaderSize"": ""50054"", ""maxKeepAliveRequests"": ""4772"", ""maxParameterCount"": ""70531"", ""maxSwallowSize"": ""1081167"", ""maxThreads"": ""295"", ""minSpareThreads"": ""352"", ""processorCache"": ""95"", ""tcpNoDelay"": ""FALSE"", ""threadPriority"": ""6"", ""threadsMaxIdleTime"": ""91743"", ""throughput__2"": ""2444.71"", ""useAsyncIO"": ""TRUE"", ""useVirtualThreads"": ""FALSE""}"
tomcat,tpe,3301,plain,false,140,2465.44,24.62,2465.44,10.030616044998169,"[8, 50, 10, False]",0.0,10.030509948730469,0.0,"{""acceptCount"": ""247"", ""allowBackslash"": ""TRUE"", ""compression"": ""force"", ""compressionMinSize"": ""9953"", ""connectionTimeout"": ""342362"", ""connectionUploadTimeout"": ""152650"", ""disableUploadTimeout"": ""TRUE"", ""executorTerminationTimeoutMillis"": ""202644"", ""keepAliveTimeout"": ""464631"", ""maxConnections"": ""16617"", ""maxHeaderCount"": ""591"", ""maxHttpHeaderSize"": ""5953"", ""maxHttpRequestHeaderSize"": ""47919"", ""maxHttpResponseHeaderSize"": ""62914"", ""maxKeepAliveRequests"": ""1338"", ""maxParameterCount"": ""3541"", ""maxSwallowSize"": ""873614"", ""maxThreads"": ""163"", ""minSpareThreads"": ""131"", ""processorCache"": ""81"", ""tcpNoDelay"": ""TRUE"", ""threadPriority"": ""3"", ""threadsMaxIdleTime"": ""443690"", ""throughput__2"": ""2465.44"", ""useAsyncIO"": ""TRUE"", ""useVirtualThreads"": ""FALSE""}"
tomcat,tpe,3301,plain,false,141,2583.04,25.61,2583.04,10.033793210983276,"[8, 50, 10, False]",0.0,10.033711194992065,0.0,"{""acceptCount"": ""856"", ""allowBackslash"": ""TRUE"", ""compression"": ""force"", ""compressionMinSize"": ""9393"", ""connectionTimeout"": ""52088"", ""connectionUploadTimeout"": ""343534"", ""disableUploadTimeout"": ""TRUE"", ""executorTerminationTimeoutMillis"": ""172675"", ""keepAliveTimeout"": ""567642"", ""maxConnections"": ""3526"", ""maxHeaderCount"": ""880"", ""maxHttpHeaderSize"": ""52246"", ""maxHttpRequestHeaderSize"": ""28314"", ""maxHttpResponseHeaderSize"": ""26920"", ""maxKeepAliveRequests"": ""2324"", ""maxParameterCount"": ""56033"", ""maxSwallowSize"": ""9887822"", ""maxThreads"": ""315"", ""minSpareThreads"": ""455"", ""processorCache"": ""302"", ""tcpNoDelay"": ""TRUE"", ""threadPriority"": ""10"", ""threadsMaxIdleTime"": ""517631"", ""throughput__2"": ""2583.04"", ""useAsyncIO"": ""TRUE"", ""useVirtualThreads"": ""FALSE""}"
tomcat,tpe,3301,plain,false,142,2571.67,22.88,2571.67,10.032801866531372,"[8, 50, 10, False]",0.0,10.032719135284424,0.0,"{""acceptCount"": ""461"", ""allowBackslash"": ""TRUE"", ""compression"": ""on"", ""compressionMinSize"": ""343"", ""connectionTimeout"": ""551978"", ""connectionUploadTimeout"": ""210353"", ""disableUploadTimeout"": ""TRUE"", ""executorTerminationTimeoutMillis"": ""103365"", ""keepAliveTimeout"": ""148786"", ""maxConnections"": ""3787"", ""maxHeaderCount"": ""917"", ""maxHttpHeaderSize"": ""54093"", ""maxHttpRequestHeaderSize"": ""13147"", ""maxHttpResponseHeaderSize"": ""11391"", ""maxKeepAliveRequests"": ""1721"", ""maxParameterCount"": ""39072"", ""maxSwallowSize"": ""10079959"", ""maxThreads"": ""149"", ""minSpareThreads"": ""579"", ""processorCache"": ""263"", ""tcpNoDelay"": ""FALSE"", ""threadPriority"": ""7"", ""threadsMaxIdleTime"": ""337372"", ""throughput__2"": ""2571.67"", ""useAsyncIO"": ""TRUE"", ""useVirtualThreads"": ""FALSE""}"
tomcat,tpe,3301,plain,false,143,2549.77,25.27,2549.77,10.062469720840454,"[8, 50, 10, False]",0.0,10.062389373779297,0.0,"{""acceptCount"": ""664"", ""allowBackslash"": ""FALSE"", ""compression"": ""on"", ""compressionMinSize"": ""2924"", ""connectionTimeout"": ""249346"", ""connectionUploadTimeout"": ""103601"", ""disableUploadTimeout"": ""TRUE"", ""executorTerminationTimeoutMillis"": ""452129"", ""keepAliveTimeout"": ""299850"", ""maxConnections"": ""1213"", ""maxHeaderCount"": ""314"", ""maxHttpHeaderSize"": ""42227"", ""maxHttpRequestHeaderSize"": ""57745"", ""maxHttpResponseHeaderSize"": ""56576"", ""maxKeepAliveRequests"": ""4097"", ""maxParameterCount"": ""78109"", ""maxSwallowSize"": ""19933419"", ""maxThreads"": ""48"", ""minSpareThreads"": ""825"", ""processorCache"": ""7"", ""tcpNoDelay"": ""FALSE"", ""threadPriority"": ""10"", ""threadsMaxIdleTime"": ""166273"", ""throughput__2"": ""2549.77"", ""useAsyncIO"": ""TRUE"", ""useVirtualThreads"": ""FALSE""}"
tomcat,tpe,3301,plain,false,144,2358.67,24.81,2358.67,10.071235656738281,"[8, 50, 10, False]",0.0,10.071141242980957,0.0,"{""acceptCount"": ""148"", ""allowBackslash"": ""TRUE"", ""compression"": ""off"", ""compressionMinSize"": ""402"", ""connectionTimeout"": ""318099"", ""connectionUploadTimeout"": ""458929"", ""disableUploadTimeout"": ""FALSE"", ""executorTerminationTimeoutMillis"": ""456844"", ""keepAliveTimeout"": ""591630"", ""maxConnections"": ""10742"", ""maxHeaderCount"": ""464"", ""maxHttpHeaderSize"": ""39170"", ""maxHttpRequestHeaderSize"": ""35357"", ""maxHttpResponseHeaderSize"": ""2382"", ""maxKeepAliveRequests"": ""1530"", ""maxParameterCount"": ""46513"", ""maxSwallowSize"": ""16228188"", ""maxThreads"": ""398"", ""minSpareThreads"": ""326"", ""processorCache"": ""73"", ""tcpNoDelay"": ""TRUE"", ""threadPriority"": ""6"", ""threadsMaxIdleTime"": ""342247"", ""throughput__2"": ""2358.67"", ""useAsyncIO"": ""FALSE"", ""useVirtualThreads"": ""FALSE""}"
tomcat,tpe,3301,plain,false,145,2257.48,25.57,2257.48,10.039953470230103,"[8, 50, 10, False]",0.0,10.039858102798462,0.0,"{""acceptCount"": ""95"", ""allowBackslash"": ""TRUE"", ""compression"": ""on"", ""compressionMinSize"": ""4667"", ""connectionTimeout"": ""326986"", ""connectionUploadTimeout"": ""598641"", ""disableUploadTimeout"": ""FALSE"", ""executorTerminationTimeoutMillis"": ""146429"", ""keepAliveTimeout"": ""457636"", ""maxConnections"": ""7194"", ""maxHeaderCount"": ""877"", ""maxHttpHeaderSize"": ""20834"", ""maxHttpRequestHeaderSize"": ""7059"", ""maxHttpResponseHeaderSize"": ""10751"", ""maxKeepAliveRequests"": ""580"", ""maxParameterCount"": ""51294"", ""maxSwallowSize"": ""20236438"", ""maxThreads"": ""230"", ""minSpareThreads"": ""20"", ""processorCache"": ""197"", ""tcpNoDelay"": ""TRUE"", ""threadPriority"": ""3"", ""threadsMaxIdleTime"": ""297340"", ""throughput__2"": ""2257.48"", ""useAsyncIO"": ""FALSE"", ""useVirtualThreads"": ""FALSE""}"
tomcat,tpe,3301,plain,false,146,1820.53,35.79,1820.53,10.039897203445435,"[8, 50, 10, False]",0.0,10.039786577224731,0.0,"{""acceptCount"": ""503"", ""allowBackslash"": ""TRUE"", ""compression"": ""force"", ""compressionMinSize"": ""2877"", ""connectionTimeout"": ""516372"", ""connectionUploadTimeout"": ""487160"", ""disableUploadTimeout"": ""TRUE"", ""executorTerminationTimeoutMillis"": ""82271"", ""keepAliveTimeout"": ""71456"", ""maxConnections"": ""9533"", ""maxHeaderCount"": ""343"", ""maxHttpHeaderSize"": ""48044"", ""maxHttpRequestHeaderSize"": ""60758"", ""maxHttpResponseHeaderSize"": ""14715"", ""maxKeepAliveRequests"": ""4355"", ""maxParameterCount"": ""82448"", ""maxSwallowSize"": ""20736717"", ""maxThreads"": ""385"", ""minSpareThreads"": ""222"", ""processorCache"": ""0"", ""tcpNoDelay"": ""FALSE"", ""threadPriority"": ""5"", ""threadsMaxIdleTime"": ""233966"", ""throughput__2"": ""1820.53"", ""useAsyncIO"": ""TRUE"", ""useVirtualThreads"": ""FALSE""}"
tomcat,tpe,3301,plain,false,147,2403.92,20.56,2403.92,10.0408296585083,"[8, 50, 10, False]",0.0,10.040679931640625,0.0,"{""acceptCount"": ""600"", ""allowBackslash"": ""TRUE"", ""compression"": ""off"", ""compressionMinSize"": ""1308"", ""connectionTimeout"": ""450663"", ""connectionUploadTimeout"": ""329508"", ""disableUploadTimeout"": ""TRUE"", ""executorTerminationTimeoutMillis"": ""121065"", ""keepAliveTimeout"": ""162927"", ""maxConnections"": ""19402"", ""maxHeaderCount"": ""145"", ""maxHttpHeaderSize"": ""10013"", ""maxHttpRequestHeaderSize"": ""15307"", ""maxHttpResponseHeaderSize"": ""22655"", ""maxKeepAliveRequests"": ""4169"", ""maxParameterCount"": ""27989"", ""maxSwallowSize"": ""11220117"", ""maxThreads"": ""8"", ""minSpareThreads"": ""696"", ""processorCache"": ""13"", ""tcpNoDelay"": ""FALSE"", ""threadPriority"": ""1"", ""threadsMaxIdleTime"": ""472155"", ""throughput__2"": ""2403.92"", ""useAsyncIO"": ""TRUE"", ""useVirtualThreads"": ""FALSE""}"
tomcat,tpe,3301,plain,false,148,2361.74,25.63,2361.74,10.038517475128174,"[8, 50, 10, False]",0.0,10.038354873657227,0.0,"{""acceptCount"": ""909"", ""allowBackslash"": ""TRUE"", ""compression"": ""force"", ""compressionMinSize"": ""414"", ""connectionTimeout"": ""329704"", ""connectionUploadTimeout"": ""321932"", ""disableUploadTimeout"": ""TRUE"", ""executorTerminationTimeoutMillis"": ""583095"", ""keepAliveTimeout"": ""59865"", ""maxConnections"": ""14657"", ""maxHeaderCount"": ""636"", ""maxHttpHeaderSize"": ""46425"", ""maxHttpRequestHeaderSize"": ""46616"", ""maxHttpResponseHeaderSize"": ""22503"", ""maxKeepAliveRequests"": ""491"", ""maxParameterCount"": ""64347"", ""maxSwallowSize"": ""3877484"", ""maxThreads"": ""123"", ""minSpareThreads"": ""543"", ""processorCache"": ""185"", ""tcpNoDelay"": ""TRUE"", ""threadPriority"": ""6"", ""threadsMaxIdleTime"": ""33904"", ""throughput__2"": ""2361.74"", ""useAsyncIO"": ""FALSE"", ""useVirtualThreads"": ""FALSE""}"
tomcat,tpe,3301,plain,false,149,2484.63,22.75,2484.63,10.04662275314331,"[8, 50, 10, False]",0.0,10.046534299850464,0.0,"{""acceptCount"": ""706"", ""allowBackslash"": ""FALSE"", ""compression"": ""on"", ""compressionMinSize"": ""6976"", ""connectionTimeout"": ""64166"", ""connectionUploadTimeout"": ""360890"", ""disableUploadTimeout"": ""FALSE"", ""executorTerminationTimeoutMillis"": ""122920"", ""keepAliveTimeout"": ""406936"", ""maxConnections"": ""4006"", ""maxHeaderCount"": ""268"", ""maxHttpHeaderSize"": ""58471"", ""maxHttpRequestHeaderSize"": ""47589"", ""maxHttpResponseHeaderSize"": ""40689"", ""maxKeepAliveRequests"": ""4329"", ""maxParameterCount"": ""6073"", ""maxSwallowSize"": ""76743"", ""maxThreads"": ""118"", ""minSpareThreads"": ""633"", ""processorCache"": ""9"", ""tcpNoDelay"": ""FALSE"", ""threadPriority"": ""8"", ""threadsMaxIdleTime"": ""145185"", ""throughput__2"": ""2484.63"", ""useAsyncIO"": ""FALSE"", ""useVirtualThreads"": ""FALSE""}"
tomcat,tpe,3301,plain,false,150,2517.05,23.49,2517.05,10.051125764846802,"[8, 50, 10, False]",0.0,10.051035165786743,0.0,"{""acceptCount"": ""713"", ""allowBackslash"": ""TRUE"", ""compression"": ""off"", ""compressionMinSize"": ""1788"", ""connectionTimeout"": ""62839"", ""connectionUploadTimeout"": ""331884"", ""disableUploadTimeout"": ""TRUE"", ""executorTerminationTimeoutMillis"": ""130078"", ""keepAliveTimeout"": ""277151"", ""maxConnections"": ""6031"", ""maxHeaderCount"": ""973"", ""maxHttpHeaderSize"": ""62180"", ""maxHttpRequestHeaderSize"": ""43771"", ""maxHttpResponseHeaderSize"": ""18441"", ""maxKeepAliveRequests"": ""4152"", ""maxParameterCount"": ""78502"", ""maxSwallowSize"": ""19289121"", ""maxThreads"": ""159"", ""minSpareThreads"": ""643"", ""processorCache"": ""260"", ""tcpNoDelay"": ""TRUE"", ""threadPriority"": ""1"", ""threadsMaxIdleTime"": ""319595"", ""throughput__2"": ""2517.05"", ""useAsyncIO"": ""FALSE"", ""useVirtualThreads"": ""FALSE""}"
tomcat,tpe,3301,plain,false,151,2425.33,24.46,2425.33,10.032323598861694,"[8, 50, 10, False]",0.0,10.032176494598389,0.0,"{""acceptCount"": ""104"", ""allowBackslash"": ""TRUE"", ""compression"": ""force"", ""compressionMinSize"": ""6340"", ""connectionTimeout"": ""61196"", ""connectionUploadTimeout"": ""566274"", ""disableUploadTimeout"": ""FALSE"", ""executorTerminationTimeoutMillis"": ""56167"", ""keepAliveTimeout"": ""126196"", ""maxConnections"": ""15243"", ""maxHeaderCount"": ""365"", ""maxHttpHeaderSize"": ""53931"", ""maxHttpRequestHeaderSize"": ""49513"", ""maxHttpResponseHeaderSize"": ""47629"", ""maxKeepAliveRequests"": ""1983"", ""maxParameterCount"": ""86389"", ""maxSwallowSize"": ""8486483"", ""maxThreads"": ""386"", ""minSpareThreads"": ""37"", ""processorCache"": ""257"", ""tcpNoDelay"": ""TRUE"", ""threadPriority"": ""1"", ""threadsMaxIdleTime"": ""294392"", ""throughput__2"": ""2425.33"", ""useAsyncIO"": ""FALSE"", ""useVirtualThreads"": ""FALSE""}"
tomcat,tpe,3301,plain,false,152,2513.05,23.23,2513.05,10.027491807937622,"[8, 50, 10, False]",0.0,10.027318954467773,0.0,"{""acceptCount"": ""65"", ""allowBackslash"": ""FALSE"", ""compression"": ""on"", ""compressionMinSize"": ""5964"", ""connectionTimeout"": ""368608"", ""connectionUploadTimeout"": ""275537"", ""disableUploadTimeout"": ""FALSE"", ""executorTerminationTimeoutMillis"": ""159843"", ""keepAliveTimeout"": ""227507"", ""maxConnections"": ""3451"", ""maxHeaderCount"": ""51"", ""maxHttpHeaderSize"": ""25129"", ""maxHttpRequestHeaderSize"": ""58260"", ""maxHttpResponseHeaderSize"": ""38115"", ""maxKeepAliveRequests"": ""4463"", ""maxParameterCount"": ""94945"", ""maxSwallowSize"": ""1922275"", ""maxThreads"": ""169"", ""minSpareThreads"": ""648"", ""processorCache"": ""155"", ""tcpNoDelay"": ""TRUE"", ""threadPriority"": ""9"", ""threadsMaxIdleTime"": ""190601"", ""throughput__2"": ""2513.05"", ""useAsyncIO"": ""TRUE"", ""useVirtualThreads"": ""FALSE""}"
tomcat,tpe,3301,plain,false,153,2496.86,22.78,2496.86,10.025109052658081,"[8, 50, 10, False]",0.0,10.02498984336853,0.0,"{""acceptCount"": ""826"", ""allowBackslash"": ""TRUE"", ""compression"": ""on"", ""compressionMinSize"": ""7774"", ""connectionTimeout"": ""76485"", ""connectionUploadTimeout"": ""244930"", ""disableUploadTimeout"": ""TRUE"", ""executorTerminationTimeoutMillis"": ""39096"", ""keepAliveTimeout"": ""585869"", ""maxConnections"": ""1130"", ""maxHeaderCount"": ""670"", ""maxHttpHeaderSize"": ""2095"", ""maxHttpRequestHeaderSize"": ""14214"", ""maxHttpResponseHeaderSize"": ""61565"", ""maxKeepAliveRequests"": ""1725"", ""maxParameterCount"": ""44243"", ""maxSwallowSize"": ""17419824"", ""maxThreads"": ""181"", ""minSpareThreads"": ""402"", ""processorCache"": ""265"", ""tcpNoDelay"": ""TRUE"", ""threadPriority"": ""6"", ""threadsMaxIdleTime"": ""272281"", ""throughput__2"": ""2496.86"", ""useAsyncIO"": ""TRUE"", ""useVirtualThreads"": ""FALSE""}"
tomcat,tpe,3301,plain,false,154,2496.9,22.74,2496.9,10.030820846557617,"[8, 50, 10, False]",0.0,10.030702114105225,0.0,"{""acceptCount"": ""934"", ""allowBackslash"": ""TRUE"", ""compression"": ""force"", ""compressionMinSize"": ""2887"", ""connectionTimeout"": ""192102"", ""connectionUploadTimeout"": ""163955"", ""disableUploadTimeout"": ""TRUE"", ""executorTerminationTimeoutMillis"": ""205803"", ""keepAliveTimeout"": ""238083"", ""maxConnections"": ""5232"", ""maxHeaderCount"": ""750"", ""maxHttpHeaderSize"": ""60002"", ""maxHttpRequestHeaderSize"": ""37193"", ""maxHttpResponseHeaderSize"": ""36465"", ""maxKeepAliveRequests"": ""2731"", ""maxParameterCount"": ""44232"", ""maxSwallowSize"": ""19476107"", ""maxThreads"": ""238"", ""minSpareThreads"": ""600"", ""processorCache"": ""346"", ""tcpNoDelay"": ""TRUE"", ""threadPriority"": ""9"", ""threadsMaxIdleTime"": ""524409"", ""throughput__2"": ""2496.9"", ""useAsyncIO"": ""TRUE"", ""useVirtualThreads"": ""FALSE""}"
tomcat,tpe,3301,plain,false,155,2520.84,23.7,2520.84,10.02552604675293,"[8, 50, 10, False]",0.0,10.02540135383606,0.0,"{""acceptCount"": ""192"", ""allowBackslash"": ""FALSE"", ""compression"": ""on"", ""compressionMinSize"": ""2479"", ""connectionTimeout"": ""563647"", ""connectionUploadTimeout"": ""4139"", ""disableUploadTimeout"": ""FALSE"", ""executorTerminationTimeoutMillis"": ""169310"", ""keepAliveTimeout"": ""481392"", ""maxConnections"": ""7408"", ""maxHeaderCount"": ""440"", ""maxHttpHeaderSize"": ""63995"", ""maxHttpRequestHeaderSize"": ""32554"", ""maxHttpResponseHeaderSize"": ""765"", ""maxKeepAliveRequests"": ""3894"", ""maxParameterCount"": ""52680"", ""maxSwallowSize"": ""12985446"", ""maxThreads"": ""52"", ""minSpareThreads"": ""138"", ""processorCache"": ""25"", ""tcpNoDelay"": ""TRUE"", ""threadPriority"": ""10"", ""threadsMaxIdleTime"": ""372022"", ""throughput__2"": ""2520.84"", ""useAsyncIO"": ""TRUE"", ""useVirtualThreads"": ""FALSE""}"
tomcat,tpe,3301,plain,false,156,2541.8,23.46,2541.8,10.024766206741333,"[8, 50, 10, False]",0.0,10.02465271949768,0.0,"{""acceptCount"": ""556"", ""allowBackslash"": ""TRUE"", ""compression"": ""on"", ""compressionMinSize"": ""6645"", ""connectionTimeout"": ""577832"", ""connectionUploadTimeout"": ""61153"", ""disableUploadTimeout"": ""TRUE"", ""executorTerminationTimeoutMillis"": ""95229"", ""keepAliveTimeout"": ""35554"", ""maxConnections"": ""18737"", ""maxHeaderCount"": ""80"", ""maxHttpHeaderSize"": ""32540"", ""maxHttpRequestHeaderSize"": ""9434"", ""maxHttpResponseHeaderSize"": ""35730"", ""maxKeepAliveRequests"": ""954"", ""maxParameterCount"": ""34797"", ""maxSwallowSize"": ""18478415"", ""maxThreads"": ""172"", ""minSpareThreads"": ""757"", ""processorCache"": ""226"", ""tcpNoDelay"": ""FALSE"", ""threadPriority"": ""1"", ""threadsMaxIdleTime"": ""203890"", ""throughput__2"": ""2541.8"", ""useAsyncIO"": ""TRUE"", ""useVirtualThreads"": ""FALSE""}"
tomcat,tpe,3301,plain,false,157,2475.71,24.87,2475.71,10.034166097640991,"[8, 50, 10, False]",0.0,10.03404188156128,0.0,"{""acceptCount"": ""399"", ""allowBackslash"": ""FALSE"", ""compression"": ""force"", ""compressionMinSize"": ""7072"", ""connectionTimeout"": ""483964"", ""connectionUploadTimeout"": ""397170"", ""disableUploadTimeout"": ""FALSE"", ""executorTerminationTimeoutMillis"": ""2209"", ""keepAliveTimeout"": ""439500"", ""maxConnections"": ""5712"", ""maxHeaderCount"": ""177"", ""maxHttpHeaderSize"": ""44620"", ""maxHttpRequestHeaderSize"": ""52510"", ""maxHttpResponseHeaderSize"": ""26976"", ""maxKeepAliveRequests"": ""1960"", ""maxParameterCount"": ""16968"", ""maxSwallowSize"": ""7485954"", ""maxThreads"": ""82"", ""minSpareThreads"": ""117"", ""processorCache"": ""44"", ""tcpNoDelay"": ""TRUE"", ""threadPriority"": ""9"", ""threadsMaxIdleTime"": ""502023"", ""throughput__2"": ""2475.71"", ""useAsyncIO"": ""TRUE"", ""useVirtualThreads"": ""FALSE""}"
tomcat,tpe,3301,plain,false,158,2497.42,26.82,2497.42,10.044868469238281,"[8, 50, 10, False]",0.0,10.044446468353271,0.0,"{""acceptCount"": ""599"", ""allowBackslash"": ""TRUE"", ""compression"": ""force"", ""compressionMinSize"": ""6161"", ""connectionTimeout"": ""566071"", ""connectionUploadTimeout"": ""281625"", ""disableUploadTimeout"": ""TRUE"", ""executorTerminationTimeoutMillis"": ""482108"", ""keepAliveTimeout"": ""157212"", ""maxConnections"": ""19140"", ""maxHeaderCount"": ""77"", ""maxHttpHeaderSize"": ""65273"", ""maxHttpRequestHeaderSize"": ""22490"", ""maxHttpResponseHeaderSize"": ""38173"", ""maxKeepAliveRequests"": ""4377"", ""maxParameterCount"": ""31321"", ""maxSwallowSize"": ""17626960"", ""maxThreads"": ""330"", ""minSpareThreads"": ""986"", ""processorCache"": ""232"", ""tcpNoDelay"": ""FALSE"", ""threadPriority"": ""8"", ""threadsMaxIdleTime"": ""577551"", ""throughput__2"": ""2497.42"", ""useAsyncIO"": ""TRUE"", ""useVirtualThreads"": ""FALSE""}"
tomcat,tpe,3301,plain,false,159,2361.94,26.1,2361.94,10.051281213760376,"[8, 50, 10, False]",0.0,10.050837278366089,0.0,"{""acceptCount"": ""530"", ""allowBackslash"": ""TRUE"", ""compression"": ""force"", ""compressionMinSize"": ""9062"", ""connectionTimeout"": ""147292"", ""connectionUploadTimeout"": ""241629"", ""disableUploadTimeout"": ""FALSE"", ""executorTerminationTimeoutMillis"": ""327907"", ""keepAliveTimeout"": ""533868"", ""maxConnections"": ""5092"", ""maxHeaderCount"": ""469"", ""maxHttpHeaderSize"": ""61783"", ""maxHttpRequestHeaderSize"": ""41573"", ""maxHttpResponseHeaderSize"": ""44801"", ""maxKeepAliveRequests"": ""752"", ""maxParameterCount"": ""76058"", ""maxSwallowSize"": ""19859500"", ""maxThreads"": ""223"", ""minSpareThreads"": ""301"", ""processorCache"": ""190"", ""tcpNoDelay"": ""TRUE"", ""threadPriority"": ""2"", ""threadsMaxIdleTime"": ""66717"", ""throughput__2"": ""2361.94"", ""useAsyncIO"": ""FALSE"", ""useVirtualThreads"": ""FALSE""}"
tomcat,tpe,3301,plain,false,160,2344.25,26.59,2344.25,10.034535884857178,"[8, 50, 10, False]",0.0,10.034408807754517,0.0,"{""acceptCount"": ""766"", ""allowBackslash"": ""TRUE"", ""compression"": ""on"", ""compressionMinSize"": ""1611"", ""connectionTimeout"": ""533860"", ""connectionUploadTimeout"": ""359904"", ""disableUploadTimeout"": ""TRUE"", ""executorTerminationTimeoutMillis"": ""462744"", ""keepAliveTimeout"": ""77848"", ""maxConnections"": ""3061"", ""maxHeaderCount"": ""742"", ""maxHttpHeaderSize"": ""57573"", ""maxHttpRequestHeaderSize"": ""22234"", ""maxHttpResponseHeaderSize"": ""34752"", ""maxKeepAliveRequests"": ""1568"", ""maxParameterCount"": ""33522"", ""maxSwallowSize"": ""14883696"", ""maxThreads"": ""87"", ""minSpareThreads"": ""223"", ""processorCache"": ""187"", ""tcpNoDelay"": ""FALSE"", ""threadPriority"": ""9"", ""threadsMaxIdleTime"": ""458119"", ""throughput__2"": ""2344.25"", ""useAsyncIO"": ""FALSE"", ""useVirtualThreads"": ""FALSE""}"
tomcat,tpe,3301,plain,false,161,2445.49,21.71,2445.49,10.025848627090454,"[8, 50, 10, False]",0.0,10.02562689781189,0.0,"{""acceptCount"": ""180"", ""allowBackslash"": ""TRUE"", ""compression"": ""force"", ""compressionMinSize"": ""4745"", ""connectionTimeout"": ""572102"", ""connectionUploadTimeout"": ""555338"", ""disableUploadTimeout"": ""FALSE"", ""executorTerminationTimeoutMillis"": ""388122"", ""keepAliveTimeout"": ""163017"", ""maxConnections"": ""2198"", ""maxHeaderCount"": ""327"", ""maxHttpHeaderSize"": ""1359"", ""maxHttpRequestHeaderSize"": ""58033"", ""maxHttpResponseHeaderSize"": ""21456"", ""maxKeepAliveRequests"": ""4595"", ""maxParameterCount"": ""69583"", ""maxSwallowSize"": ""6754772"", ""maxThreads"": ""159"", ""minSpareThreads"": ""892"", ""processorCache"": ""220"", ""tcpNoDelay"": ""TRUE"", ""threadPriority"": ""10"", ""threadsMaxIdleTime"": ""82541"", ""throughput__2"": ""2445.49"", ""useAsyncIO"": ""TRUE"", ""useVirtualThreads"": ""FALSE""}"
tomcat,tpe,3301,plain,false,162,2492.88,24.61,2492.88,10.030699014663696,"[8, 50, 10, False]",0.0,10.030565977096558,0.0,"{""acceptCount"": ""245"", ""allowBackslash"": ""TRUE"", ""compression"": ""force"", ""compressionMinSize"": ""2348"", ""connectionTimeout"": ""583874"", ""connectionUploadTimeout"": ""415903"", ""disableUploadTimeout"": ""FALSE"", ""executorTerminationTimeoutMillis"": ""422954"", ""keepAliveTimeout"": ""569950"", ""maxConnections"": ""15453"", ""maxHeaderCount"": ""882"", ""maxHttpHeaderSize"": ""63006"", ""maxHttpRequestHeaderSize"": ""34320"", ""maxHttpResponseHeaderSize"": ""56456"", ""maxKeepAliveRequests"": ""2635"", ""maxParameterCount"": ""30503"", ""maxSwallowSize"": ""13179604"", ""maxThreads"": ""216"", ""minSpareThreads"": ""98"", ""processorCache"": ""393"", ""tcpNoDelay"": ""TRUE"", ""threadPriority"": ""4"", ""threadsMaxIdleTime"": ""64882"", ""throughput__2"": ""2492.88"", ""useAsyncIO"": ""FALSE"", ""useVirtualThreads"": ""FALSE""}"
tomcat,tpe,3301,plain,false,163,2363.17,21.13,2363.17,10.025716781616211,"[8, 50, 10, False]",0.0,10.025583028793335,0.0,"{""acceptCount"": ""982"", ""allowBackslash"": ""TRUE"", ""compression"": ""force"", ""compressionMinSize"": ""6068"", ""connectionTimeout"": ""565666"", ""connectionUploadTimeout"": ""87364"", ""disableUploadTimeout"": ""TRUE"", ""executorTerminationTimeoutMillis"": ""124112"", ""keepAliveTimeout"": ""246330"", ""maxConnections"": ""4517"", ""maxHeaderCount"": ""940"", ""maxHttpHeaderSize"": ""19655"", ""maxHttpRequestHeaderSize"": ""27116"", ""maxHttpResponseHeaderSize"": ""2120"", ""maxKeepAliveRequests"": ""327"", ""maxParameterCount"": ""31655"", ""maxSwallowSize"": ""18164059"", ""maxThreads"": ""250"", ""minSpareThreads"": ""311"", ""processorCache"": ""219"", ""tcpNoDelay"": ""FALSE"", ""threadPriority"": ""5"", ""threadsMaxIdleTime"": ""360369"", ""throughput__2"": ""2363.17"", ""useAsyncIO"": ""TRUE"", ""useVirtualThreads"": ""TRUE""}"
tomcat,tpe,3301,plain,false,164,2531.32,24.42,2531.32,10.02781367301941,"[8, 50, 10, False]",0.0,10.027690410614014,0.0,"{""acceptCount"": ""177"", ""allowBackslash"": ""FALSE"", ""compression"": ""on"", ""compressionMinSize"": ""1230"", ""connectionTimeout"": ""506521"", ""connectionUploadTimeout"": ""71477"", ""disableUploadTimeout"": ""FALSE"", ""executorTerminationTimeoutMillis"": ""151258"", ""keepAliveTimeout"": ""327583"", ""maxConnections"": ""4202"", ""maxHeaderCount"": ""275"", ""maxHttpHeaderSize"": ""65230"", ""maxHttpRequestHeaderSize"": ""52620"", ""maxHttpResponseHeaderSize"": ""22109"", ""maxKeepAliveRequests"": ""4820"", ""maxParameterCount"": ""23767"", ""maxSwallowSize"": ""2946815"", ""maxThreads"": ""308"", ""minSpareThreads"": ""63"", ""processorCache"": ""258"", ""tcpNoDelay"": ""TRUE"", ""threadPriority"": ""3"", ""threadsMaxIdleTime"": ""484590"", ""throughput__2"": ""2531.32"", ""useAsyncIO"": ""FALSE"", ""useVirtualThreads"": ""FALSE""}"
tomcat,tpe,3301,plain,false,165,2570.62,24.3,2570.62,10.042343854904175,"[8, 50, 10, False]",0.0,10.042259931564331,0.0,"{""acceptCount"": ""389"", ""allowBackslash"": ""FALSE"", ""compression"": ""on"", ""compressionMinSize"": ""3921"", ""connectionTimeout"": ""254778"", ""connectionUploadTimeout"": ""515621"", ""disableUploadTimeout"": ""FALSE"", ""executorTerminationTimeoutMillis"": ""81387"", ""keepAliveTimeout"": ""430958"", ""maxConnections"": ""7923"", ""maxHeaderCount"": ""436"", ""maxHttpHeaderSize"": ""37430"", ""maxHttpRequestHeaderSize"": ""42321"", ""maxHttpResponseHeaderSize"": ""33733"", ""maxKeepAliveRequests"": ""4388"", ""maxParameterCount"": ""65929"", ""maxSwallowSize"": ""6337930"", ""maxThreads"": ""97"", ""minSpareThreads"": ""676"", ""processorCache"": ""343"", ""tcpNoDelay"": ""TRUE"", ""threadPriority"": ""1"", ""threadsMaxIdleTime"": ""429733"", ""throughput__2"": ""2570.62"", ""useAsyncIO"": ""FALSE"", ""useVirtualThreads"": ""FALSE""}"
tomcat,tpe,3301,plain,false,166,2209.99,22.48,2209.99,10.050875902175903,"[8, 50, 10, False]",0.0,10.050785541534424,0.0,"{""acceptCount"": ""106"", ""allowBackslash"": ""FALSE"", ""compression"": ""force"", ""compressionMinSize"": ""3203"", ""connectionTimeout"": ""390647"", ""connectionUploadTimeout"": ""284865"", ""disableUploadTimeout"": ""FALSE"", ""executorTerminationTimeoutMillis"": ""170905"", ""keepAliveTimeout"": ""178771"", ""maxConnections"": ""2540"", ""maxHeaderCount"": ""211"", ""maxHttpHeaderSize"": ""15820"", ""maxHttpRequestHeaderSize"": ""18249"", ""maxHttpResponseHeaderSize"": ""33665"", ""maxKeepAliveRequests"": ""3391"", ""maxParameterCount"": ""86856"", ""maxSwallowSize"": ""3950573"", ""maxThreads"": ""248"", ""minSpareThreads"": ""817"", ""processorCache"": ""400"", ""tcpNoDelay"": ""TRUE"", ""threadPriority"": ""3"", ""threadsMaxIdleTime"": ""541524"", ""throughput__2"": ""2209.99"", ""useAsyncIO"": ""FALSE"", ""useVirtualThreads"": ""TRUE""}"
tomcat,tpe,3301,plain,false,167,2322.96,21.53,2322.96,10.031241655349731,"[8, 50, 10, False]",0.0,10.03108263015747,0.0,"{""acceptCount"": ""259"", ""allowBackslash"": ""FALSE"", ""compression"": ""on"", ""compressionMinSize"": ""4819"", ""connectionTimeout"": ""527409"", ""connectionUploadTimeout"": ""193019"", ""disableUploadTimeout"": ""FALSE"", ""executorTerminationTimeoutMillis"": ""336991"", ""keepAliveTimeout"": ""398952"", ""maxConnections"": ""4077"", ""maxHeaderCount"": ""774"", ""maxHttpHeaderSize"": ""52677"", ""maxHttpRequestHeaderSize"": ""50823"", ""maxHttpResponseHeaderSize"": ""27003"", ""maxKeepAliveRequests"": ""3101"", ""maxParameterCount"": ""24712"", ""maxSwallowSize"": ""7286547"", ""maxThreads"": ""14"", ""minSpareThreads"": ""773"", ""processorCache"": ""385"", ""tcpNoDelay"": ""TRUE"", ""threadPriority"": ""6"", ""threadsMaxIdleTime"": ""554489"", ""throughput__2"": ""2322.96"", ""useAsyncIO"": ""FALSE"", ""useVirtualThreads"": ""FALSE""}"
tomcat,tpe,3301,plain,false,168,2332.79,23.12,2332.79,10.033268690109253,"[8, 50, 10, False]",0.0,10.033104658126831,0.0,"{""acceptCount"": ""677"", ""allowBackslash"": ""FALSE"", ""compression"": ""on"", ""compressionMinSize"": ""5534"", ""connectionTimeout"": ""405906"", ""connectionUploadTimeout"": ""202303"", ""disableUploadTimeout"": ""TRUE"", ""executorTerminationTimeoutMillis"": ""101843"", ""keepAliveTimeout"": ""449276"", ""maxConnections"": ""9448"", ""maxHeaderCount"": ""63"", ""maxHttpHeaderSize"": ""16069"", ""maxHttpRequestHeaderSize"": ""56872"", ""maxHttpResponseHeaderSize"": ""56762"", ""maxKeepAliveRequests"": ""526"", ""maxParameterCount"": ""34858"", ""maxSwallowSize"": ""17478358"", ""maxThreads"": ""154"", ""minSpareThreads"": ""868"", ""processorCache"": ""38"", ""tcpNoDelay"": ""FALSE"", ""threadPriority"": ""4"", ""threadsMaxIdleTime"": ""214622"", ""throughput__2"": ""2332.79"", ""useAsyncIO"": ""TRUE"", ""useVirtualThreads"": ""FALSE""}"
tomcat,tpe,3301,plain,false,169,2550.11,22.32,2550.11,10.031474351882935,"[8, 50, 10, False]",0.0,10.031352281570435,0.0,"{""acceptCount"": ""810"", ""allowBackslash"": ""FALSE"", ""compression"": ""force"", ""compressionMinSize"": ""5480"", ""connectionTimeout"": ""40235"", ""connectionUploadTimeout"": ""242511"", ""disableUploadTimeout"": ""FALSE"", ""executorTerminationTimeoutMillis"": ""6758"", ""keepAliveTimeout"": ""331355"", ""maxConnections"": ""3674"", ""maxHeaderCount"": ""739"", ""maxHttpHeaderSize"": ""17328"", ""maxHttpRequestHeaderSize"": ""48070"", ""maxHttpResponseHeaderSize"": ""32161"", ""maxKeepAliveRequests"": ""2984"", ""maxParameterCount"": ""52562"", ""maxSwallowSize"": ""7392439"", ""maxThreads"": ""213"", ""minSpareThreads"": ""168"", ""processorCache"": ""97"", ""tcpNoDelay"": ""TRUE"", ""threadPriority"": ""2"", ""threadsMaxIdleTime"": ""530834"", ""throughput__2"": ""2550.11"", ""useAsyncIO"": ""FALSE"", ""useVirtualThreads"": ""FALSE""}"
tomcat,tpe,3301,plain,false,170,2458.26,24.41,2458.26,10.02446722984314,"[8, 50, 10, False]",0.0,10.024365663528442,0.0,"{""acceptCount"": ""318"", ""allowBackslash"": ""FALSE"", ""compression"": ""force"", ""compressionMinSize"": ""1904"", ""connectionTimeout"": ""128802"", ""connectionUploadTimeout"": ""485237"", ""disableUploadTimeout"": ""FALSE"", ""executorTerminationTimeoutMillis"": ""339265"", ""keepAliveTimeout"": ""279537"", ""maxConnections"": ""3985"", ""maxHeaderCount"": ""57"", ""maxHttpHeaderSize"": ""45823"", ""maxHttpRequestHeaderSize"": ""25522"", ""maxHttpResponseHeaderSize"": ""4634"", ""maxKeepAliveRequests"": ""4419"", ""maxParameterCount"": ""63308"", ""maxSwallowSize"": ""13008717"", ""maxThreads"": ""30"", ""minSpareThreads"": ""126"", ""processorCache"": ""186"", ""tcpNoDelay"": ""TRUE"", ""threadPriority"": ""1"", ""threadsMaxIdleTime"": ""438703"", ""throughput__2"": ""2458.26"", ""useAsyncIO"": ""FALSE"", ""useVirtualThreads"": ""FALSE""}"
tomcat,tpe,3301,plain,false,171,2526.14,26.11,2526.14,10.043559789657593,"[8, 50, 10, False]",0.0,10.043469190597534,0.0,"{""acceptCount"": ""815"", ""allowBackslash"": ""FALSE"", ""compression"": ""off"", ""compressionMinSize"": ""6170"", ""connectionTimeout"": ""188045"", ""connectionUploadTimeout"": ""321033"", ""disableUploadTimeout"": ""FALSE"", ""executorTerminationTimeoutMillis"": ""310777"", ""keepAliveTimeout"": ""201061"", ""maxConnections"": ""13166"", ""maxHeaderCount"": ""955"", ""maxHttpHeaderSize"": ""37680"", ""maxHttpRequestHeaderSize"": ""62629"", ""maxHttpResponseHeaderSize"": ""6211"", ""maxKeepAliveRequests"": ""4101"", ""maxParameterCount"": ""50103"", ""maxSwallowSize"": ""16940281"", ""maxThreads"": ""163"", ""minSpareThreads"": ""95"", ""processorCache"": ""44"", ""tcpNoDelay"": ""FALSE"", ""threadPriority"": ""6"", ""threadsMaxIdleTime"": ""450479"", ""throughput__2"": ""2526.14"", ""useAsyncIO"": ""FALSE"", ""useVirtualThreads"": ""FALSE""}"
tomcat,tpe,3301,plain,false,172,2245.47,28.21,2245.47,10.033865928649902,"[8, 50, 10, False]",0.0,10.033774375915527,0.0,"{""acceptCount"": ""951"", ""allowBackslash"": ""FALSE"", ""compression"": ""force"", ""compressionMinSize"": ""4821"", ""connectionTimeout"": ""459767"", ""connectionUploadTimeout"": ""80705"", ""disableUploadTimeout"": ""FALSE"", ""executorTerminationTimeoutMillis"": ""7670"", ""keepAliveTimeout"": ""61379"", ""maxConnections"": ""1614"", ""maxHeaderCount"": ""681"", ""maxHttpHeaderSize"": ""2996"", ""maxHttpRequestHeaderSize"": ""28499"", ""maxHttpResponseHeaderSize"": ""35486"", ""maxKeepAliveRequests"": ""1995"", ""maxParameterCount"": ""87775"", ""maxSwallowSize"": ""20167979"", ""maxThreads"": ""347"", ""minSpareThreads"": ""602"", ""processorCache"": ""195"", ""tcpNoDelay"": ""TRUE"", ""threadPriority"": ""2"", ""threadsMaxIdleTime"": ""164362"", ""throughput__2"": ""2245.47"", ""useAsyncIO"": ""FALSE"", ""useVirtualThreads"": ""FALSE""}"
tomcat,tpe,3301,plain,false,173,2319.24,21.6,2319.24,10.034459114074707,"[8, 50, 10, False]",0.0,10.03437066078186,0.0,"{""acceptCount"": ""963"", ""allowBackslash"": ""FALSE"", ""compression"": ""off"", ""compressionMinSize"": ""7355"", ""connectionTimeout"": ""36276"", ""connectionUploadTimeout"": ""524511"", ""disableUploadTimeout"": ""FALSE"", ""executorTerminationTimeoutMillis"": ""51357"", ""keepAliveTimeout"": ""503656"", ""maxConnections"": ""12653"", ""maxHeaderCount"": ""426"", ""maxHttpHeaderSize"": ""56018"", ""maxHttpRequestHeaderSize"": ""24119"", ""maxHttpResponseHeaderSize"": ""25539"", ""maxKeepAliveRequests"": ""377"", ""maxParameterCount"": ""47270"", ""maxSwallowSize"": ""8420057"", ""maxThreads"": ""9"", ""minSpareThreads"": ""85"", ""processorCache"": ""3"", ""tcpNoDelay"": ""FALSE"", ""threadPriority"": ""2"", ""threadsMaxIdleTime"": ""518885"", ""throughput__2"": ""2319.24"", ""useAsyncIO"": ""FALSE"", ""useVirtualThreads"": ""FALSE""}"
tomcat,tpe,3301,plain,false,174,2361.67,23.04,2361.67,10.041644811630249,"[8, 50, 10, False]",0.0,10.041463851928711,0.0,"{""acceptCount"": ""995"", ""allowBackslash"": ""FALSE"", ""compression"": ""off"", ""compressionMinSize"": ""3447"", ""connectionTimeout"": ""53944"", ""connectionUploadTimeout"": ""178487"", ""disableUploadTimeout"": ""FALSE"", ""executorTerminationTimeoutMillis"": ""229677"", ""keepAliveTimeout"": ""57811"", ""maxConnections"": ""18682"", ""maxHeaderCount"": ""843"", ""maxHttpHeaderSize"": ""24216"", ""maxHttpRequestHeaderSize"": ""22618"", ""maxHttpResponseHeaderSize"": ""7857"", ""maxKeepAliveRequests"": ""3439"", ""maxParameterCount"": ""56385"", ""maxSwallowSize"": ""5753116"", ""maxThreads"": ""88"", ""minSpareThreads"": ""444"", ""processorCache"": ""154"", ""tcpNoDelay"": ""FALSE"", ""threadPriority"": ""7"", ""threadsMaxIdleTime"": ""34796"", ""throughput__2"": ""2361.67"", ""useAsyncIO"": ""FALSE"", ""useVirtualThreads"": ""FALSE""}"
tomcat,tpe,3301,plain,false,175,2241.27,33.98,2241.27,10.04858136177063,"[8, 50, 10, False]",0.0,10.048463106155396,0.0,"{""acceptCount"": ""14"", ""allowBackslash"": ""FALSE"", ""compression"": ""on"", ""compressionMinSize"": ""6252"", ""connectionTimeout"": ""171817"", ""connectionUploadTimeout"": ""433733"", ""disableUploadTimeout"": ""FALSE"", ""executorTerminationTimeoutMillis"": ""423370"", ""keepAliveTimeout"": ""552736"", ""maxConnections"": ""13991"", ""maxHeaderCount"": ""579"", ""maxHttpHeaderSize"": ""33512"", ""maxHttpRequestHeaderSize"": ""11354"", ""maxHttpResponseHeaderSize"": ""44410"", ""maxKeepAliveRequests"": ""3772"", ""maxParameterCount"": ""55168"", ""maxSwallowSize"": ""171611"", ""maxThreads"": ""291"", ""minSpareThreads"": ""926"", ""processorCache"": ""392"", ""tcpNoDelay"": ""TRUE"", ""threadPriority"": ""4"", ""threadsMaxIdleTime"": ""329664"", ""throughput__2"": ""2241.27"", ""useAsyncIO"": ""FALSE"", ""useVirtualThreads"": ""FALSE""}"
tomcat,tpe,3301,plain,false,176,2388.75,21.06,2388.75,10.030941724777222,"[8, 50, 10, False]",0.0,10.030848026275635,0.0,"{""acceptCount"": ""535"", ""allowBackslash"": ""FALSE"", ""compression"": ""off"", ""compressionMinSize"": ""5688"", ""connectionTimeout"": ""196026"", ""connectionUploadTimeout"": ""261881"", ""disableUploadTimeout"": ""FALSE"", ""executorTerminationTimeoutMillis"": ""43245"", ""keepAliveTimeout"": ""67905"", ""maxConnections"": ""16206"", ""maxHeaderCount"": ""976"", ""maxHttpHeaderSize"": ""62371"", ""maxHttpRequestHeaderSize"": ""31000"", ""maxHttpResponseHeaderSize"": ""3430"", ""maxKeepAliveRequests"": ""1840"", ""maxParameterCount"": ""36831"", ""maxSwallowSize"": ""17794948"", ""maxThreads"": ""364"", ""minSpareThreads"": ""242"", ""processorCache"": ""191"", ""tcpNoDelay"": ""FALSE"", ""threadPriority"": ""8"", ""threadsMaxIdleTime"": ""574840"", ""throughput__2"": ""2388.75"", ""useAsyncIO"": ""FALSE"", ""useVirtualThreads"": ""TRUE""}"
tomcat,tpe,3301,plain,false,177,2697.49,21.58,2697.49,10.081268787384033,"[8, 50, 10, False]",0.0,10.08118462562561,0.0,"{""acceptCount"": ""709"", ""allowBackslash"": ""FALSE"", ""compression"": ""off"", ""compressionMinSize"": ""6383"", ""connectionTimeout"": ""242709"", ""connectionUploadTimeout"": ""69383"", ""disableUploadTimeout"": ""FALSE"", ""executorTerminationTimeoutMillis"": ""139786"", ""keepAliveTimeout"": ""418734"", ""maxConnections"": ""4432"", ""maxHeaderCount"": ""194"", ""maxHttpHeaderSize"": ""42712"", ""maxHttpRequestHeaderSize"": ""50332"", ""maxHttpResponseHeaderSize"": ""49137"", ""maxKeepAliveRequests"": ""4683"", ""maxParameterCount"": ""44911"", ""maxSwallowSize"": ""14210957"", ""maxThreads"": ""180"", ""minSpareThreads"": ""278"", ""processorCache"": ""176"", ""tcpNoDelay"": ""FALSE"", ""threadPriority"": ""4"", ""threadsMaxIdleTime"": ""380183"", ""throughput__2"": ""2697.49"", ""useAsyncIO"": ""FALSE"", ""useVirtualThreads"": ""FALSE""}"
tomcat,tpe,3301,plain,false,178,2312.7,23.74,2312.7,10.03599739074707,"[8, 50, 10, False]",0.0,10.03589653968811,0.0,"{""acceptCount"": ""783"", ""allowBackslash"": ""FALSE"", ""compression"": ""force"", ""compressionMinSize"": ""2232"", ""connectionTimeout"": ""353016"", ""connectionUploadTimeout"": ""287842"", ""disableUploadTimeout"": ""FALSE"", ""executorTerminationTimeoutMillis"": ""118577"", ""keepAliveTimeout"": ""595753"", ""maxConnections"": ""13638"", ""maxHeaderCount"": ""624"", ""maxHttpHeaderSize"": ""13026"", ""maxHttpRequestHeaderSize"": ""34253"", ""maxHttpResponseHeaderSize"": ""4504"", ""maxKeepAliveRequests"": ""2541"", ""maxParameterCount"": ""1618"", ""maxSwallowSize"": ""5698121"", ""maxThreads"": ""261"", ""minSpareThreads"": ""47"", ""processorCache"": ""180"", ""tcpNoDelay"": ""TRUE"", ""threadPriority"": ""6"", ""threadsMaxIdleTime"": ""369055"", ""throughput__2"": ""2312.7"", ""useAsyncIO"": ""FALSE"", ""useVirtualThreads"": ""FALSE""}"
tomcat,tpe,3301,plain,false,179,2650.58,23.28,2650.58,10.028927087783813,"[8, 50, 10, False]",0.0,10.02882719039917,0.0,"{""acceptCount"": ""217"", ""allowBackslash"": ""TRUE"", ""compression"": ""force"", ""compressionMinSize"": ""5745"", ""connectionTimeout"": ""2981"", ""connectionUploadTimeout"": ""575329"", ""disableUploadTimeout"": ""FALSE"", ""executorTerminationTimeoutMillis"": ""32380"", ""keepAliveTimeout"": ""253325"", ""maxConnections"": ""4667"", ""maxHeaderCount"": ""586"", ""maxHttpHeaderSize"": ""60966"", ""maxHttpRequestHeaderSize"": ""49393"", ""maxHttpResponseHeaderSize"": ""60865"", ""maxKeepAliveRequests"": ""1493"", ""maxParameterCount"": ""84747"", ""maxSwallowSize"": ""2206562"", ""maxThreads"": ""184"", ""minSpareThreads"": ""868"", ""processorCache"": ""340"", ""tcpNoDelay"": ""FALSE"", ""threadPriority"": ""10"", ""threadsMaxIdleTime"": ""321045"", ""throughput__2"": ""2650.58"", ""useAsyncIO"": ""TRUE"", ""useVirtualThreads"": ""FALSE""}"
tomcat,tpe,3301,plain,false,180,2512.95,24.34,2512.95,10.04809045791626,"[8, 50, 10, False]",0.0,10.048001050949097,0.0,"{""acceptCount"": ""850"", ""allowBackslash"": ""FALSE"", ""compression"": ""on"", ""compressionMinSize"": ""2276"", ""connectionTimeout"": ""1109"", ""connectionUploadTimeout"": ""99395"", ""disableUploadTimeout"": ""TRUE"", ""executorTerminationTimeoutMillis"": ""337583"", ""keepAliveTimeout"": ""427602"", ""maxConnections"": ""4603"", ""maxHeaderCount"": ""35"", ""maxHttpHeaderSize"": ""8477"", ""maxHttpRequestHeaderSize"": ""62729"", ""maxHttpResponseHeaderSize"": ""30537"", ""maxKeepAliveRequests"": ""1409"", ""maxParameterCount"": ""36098"", ""maxSwallowSize"": ""2851090"", ""maxThreads"": ""55"", ""minSpareThreads"": ""79"", ""processorCache"": ""5"", ""tcpNoDelay"": ""TRUE"", ""threadPriority"": ""3"", ""threadsMaxIdleTime"": ""388237"", ""throughput__2"": ""2512.95"", ""useAsyncIO"": ""FALSE"", ""useVirtualThreads"": ""FALSE""}"
tomcat,tpe,3301,plain,false,181,2540.21,25.84,2540.21,10.063814163208008,"[8, 50, 10, False]",0.0,10.063729763031006,0.0,"{""acceptCount"": ""322"", ""allowBackslash"": ""FALSE"", ""compression"": ""on"", ""compressionMinSize"": ""5901"", ""connectionTimeout"": ""77157"", ""connectionUploadTimeout"": ""552893"", ""disableUploadTimeout"": ""FALSE"", ""executorTerminationTimeoutMillis"": ""186677"", ""keepAliveTimeout"": ""322292"", ""maxConnections"": ""6790"", ""maxHeaderCount"": ""22"", ""maxHttpHeaderSize"": ""40453"", ""maxHttpRequestHeaderSize"": ""23181"", ""maxHttpResponseHeaderSize"": ""22148"", ""maxKeepAliveRequests"": ""2389"", ""maxParameterCount"": ""92260"", ""maxSwallowSize"": ""4514761"", ""maxThreads"": ""295"", ""minSpareThreads"": ""996"", ""processorCache"": ""285"", ""tcpNoDelay"": ""TRUE"", ""threadPriority"": ""8"", ""threadsMaxIdleTime"": ""48599"", ""throughput__2"": ""2540.21"", ""useAsyncIO"": ""TRUE"", ""useVirtualThreads"": ""FALSE""}"
tomcat,tpe,3301,plain,false,182,2330.11,24.84,2330.11,10.052515983581543,"[8, 50, 10, False]",0.0,10.052420377731323,0.0,"{""acceptCount"": ""696"", ""allowBackslash"": ""TRUE"", ""compression"": ""on"", ""compressionMinSize"": ""3156"", ""connectionTimeout"": ""590026"", ""connectionUploadTimeout"": ""417300"", ""disableUploadTimeout"": ""FALSE"", ""executorTerminationTimeoutMillis"": ""5183"", ""keepAliveTimeout"": ""516824"", ""maxConnections"": ""4098"", ""maxHeaderCount"": ""671"", ""maxHttpHeaderSize"": ""54177"", ""maxHttpRequestHeaderSize"": ""21606"", ""maxHttpResponseHeaderSize"": ""20860"", ""maxKeepAliveRequests"": ""2358"", ""maxParameterCount"": ""25179"", ""maxSwallowSize"": ""7960514"", ""maxThreads"": ""153"", ""minSpareThreads"": ""419"", ""processorCache"": ""299"", ""tcpNoDelay"": ""FALSE"", ""threadPriority"": ""1"", ""threadsMaxIdleTime"": ""407217"", ""throughput__2"": ""2330.11"", ""useAsyncIO"": ""TRUE"", ""useVirtualThreads"": ""FALSE""}"
tomcat,tpe,3301,plain,false,183,2329.02,25.21,2329.02,10.04784893989563,"[8, 50, 10, False]",0.0,10.047760963439941,0.0,"{""acceptCount"": ""764"", ""allowBackslash"": ""FALSE"", ""compression"": ""force"", ""compressionMinSize"": ""4474"", ""connectionTimeout"": ""278318"", ""connectionUploadTimeout"": ""113785"", ""disableUploadTimeout"": ""FALSE"", ""executorTerminationTimeoutMillis"": ""9875"", ""keepAliveTimeout"": ""117556"", ""maxConnections"": ""5902"", ""maxHeaderCount"": ""80"", ""maxHttpHeaderSize"": ""47675"", ""maxHttpRequestHeaderSize"": ""35934"", ""maxHttpResponseHeaderSize"": ""7347"", ""maxKeepAliveRequests"": ""3418"", ""maxParameterCount"": ""80806"", ""maxSwallowSize"": ""18843573"", ""maxThreads"": ""174"", ""minSpareThreads"": ""648"", ""processorCache"": ""346"", ""tcpNoDelay"": ""FALSE"", ""threadPriority"": ""4"", ""threadsMaxIdleTime"": ""318361"", ""throughput__2"": ""2329.02"", ""useAsyncIO"": ""FALSE"", ""useVirtualThreads"": ""FALSE""}"
tomcat,tpe,3301,plain,false,184,2240.64,26.78,2240.64,10.047528743743896,"[8, 50, 10, False]",0.0,10.047440528869629,0.0,"{""acceptCount"": ""477"", ""allowBackslash"": ""FALSE"", ""compression"": ""off"", ""compressionMinSize"": ""7110"", ""connectionTimeout"": ""10117"", ""connectionUploadTimeout"": ""280615"", ""disableUploadTimeout"": ""FALSE"", ""executorTerminationTimeoutMillis"": ""22726"", ""keepAliveTimeout"": ""207390"", ""maxConnections"": ""7061"", ""maxHeaderCount"": ""755"", ""maxHttpHeaderSize"": ""40106"", ""maxHttpRequestHeaderSize"": ""49410"", ""maxHttpResponseHeaderSize"": ""30415"", ""maxKeepAliveRequests"": ""3696"", ""maxParameterCount"": ""91154"", ""maxSwallowSize"": ""3609773"", ""maxThreads"": ""316"", ""minSpareThreads"": ""629"", ""processorCache"": ""205"", ""tcpNoDelay"": ""TRUE"", ""threadPriority"": ""3"", ""threadsMaxIdleTime"": ""153473"", ""throughput__2"": ""2240.64"", ""useAsyncIO"": ""FALSE"", ""useVirtualThreads"": ""FALSE""}"
tomcat,tpe,3301,plain,false,185,2213.59,27.05,2213.59,10.036780834197998,"[8, 50, 10, False]",0.0,10.0366849899292,0.0,"{""acceptCount"": ""644"", ""allowBackslash"": ""FALSE"", ""compression"": ""on"", ""compressionMinSize"": ""1065"", ""connectionTimeout"": ""77459"", ""connectionUploadTimeout"": ""262576"", ""disableUploadTimeout"": ""TRUE"", ""executorTerminationTimeoutMillis"": ""63919"", ""keepAliveTimeout"": ""189101"", ""maxConnections"": ""14651"", ""maxHeaderCount"": ""97"", ""maxHttpHeaderSize"": ""20650"", ""maxHttpRequestHeaderSize"": ""41958"", ""maxHttpResponseHeaderSize"": ""9097"", ""maxKeepAliveRequests"": ""603"", ""maxParameterCount"": ""19159"", ""maxSwallowSize"": ""5012892"", ""maxThreads"": ""276"", ""minSpareThreads"": ""151"", ""processorCache"": ""5"", ""tcpNoDelay"": ""TRUE"", ""threadPriority"": ""4"", ""threadsMaxIdleTime"": ""39855"", ""throughput__2"": ""2213.59"", ""useAsyncIO"": ""FALSE"", ""useVirtualThreads"": ""FALSE""}"
tomcat,tpe,3301,plain,false,186,2317.45,21.4,2317.45,10.029435873031616,"[8, 50, 10, False]",0.0,10.029354572296143,0.0,"{""acceptCount"": ""383"", ""allowBackslash"": ""FALSE"", ""compression"": ""on"", ""compressionMinSize"": ""8928"", ""connectionTimeout"": ""86110"", ""connectionUploadTimeout"": ""558078"", ""disableUploadTimeout"": ""TRUE"", ""executorTerminationTimeoutMillis"": ""153570"", ""keepAliveTimeout"": ""371913"", ""maxConnections"": ""11762"", ""maxHeaderCount"": ""43"", ""maxHttpHeaderSize"": ""30385"", ""maxHttpRequestHeaderSize"": ""15047"", ""maxHttpResponseHeaderSize"": ""1156"", ""maxKeepAliveRequests"": ""2690"", ""maxParameterCount"": ""38459"", ""maxSwallowSize"": ""940609"", ""maxThreads"": ""374"", ""minSpareThreads"": ""980"", ""processorCache"": ""59"", ""tcpNoDelay"": ""TRUE"", ""threadPriority"": ""8"", ""threadsMaxIdleTime"": ""87708"", ""throughput__2"": ""2317.45"", ""useAsyncIO"": ""TRUE"", ""useVirtualThreads"": ""TRUE""}"
tomcat,tpe,3301,plain,false,187,2382.66,20.83,2382.66,10.031505584716797,"[8, 50, 10, False]",0.0,10.03142261505127,0.0,"{""acceptCount"": ""544"", ""allowBackslash"": ""TRUE"", ""compression"": ""on"", ""compressionMinSize"": ""1681"", ""connectionTimeout"": ""231119"", ""connectionUploadTimeout"": ""188254"", ""disableUploadTimeout"": ""TRUE"", ""executorTerminationTimeoutMillis"": ""260801"", ""keepAliveTimeout"": ""133136"", ""maxConnections"": ""1187"", ""maxHeaderCount"": ""971"", ""maxHttpHeaderSize"": ""8925"", ""maxHttpRequestHeaderSize"": ""28571"", ""maxHttpResponseHeaderSize"": ""15768"", ""maxKeepAliveRequests"": ""3332"", ""maxParameterCount"": ""73688"", ""maxSwallowSize"": ""5326050"", ""maxThreads"": ""91"", ""minSpareThreads"": ""987"", ""processorCache"": ""349"", ""tcpNoDelay"": ""FALSE"", ""threadPriority"": ""10"", ""threadsMaxIdleTime"": ""541129"", ""throughput__2"": ""2382.66"", ""useAsyncIO"": ""TRUE"", ""useVirtualThreads"": ""TRUE""}"
tomcat,tpe,3301,plain,false,188,2415.41,26.51,2415.41,10.06199836730957,"[8, 50, 10, False]",0.0,10.061891794204712,0.0,"{""acceptCount"": ""966"", ""allowBackslash"": ""FALSE"", ""compression"": ""on"", ""compressionMinSize"": ""444"", ""connectionTimeout"": ""415579"", ""connectionUploadTimeout"": ""15425"", ""disableUploadTimeout"": ""FALSE"", ""executorTerminationTimeoutMillis"": ""329314"", ""keepAliveTimeout"": ""446373"", ""maxConnections"": ""10137"", ""maxHeaderCount"": ""918"", ""maxHttpHeaderSize"": ""28848"", ""maxHttpRequestHeaderSize"": ""50929"", ""maxHttpResponseHeaderSize"": ""12148"", ""maxKeepAliveRequests"": ""4210"", ""maxParameterCount"": ""30008"", ""maxSwallowSize"": ""13422489"", ""maxThreads"": ""87"", ""minSpareThreads"": ""72"", ""processorCache"": ""55"", ""tcpNoDelay"": ""TRUE"", ""threadPriority"": ""8"", ""threadsMaxIdleTime"": ""77079"", ""throughput__2"": ""2415.41"", ""useAsyncIO"": ""TRUE"", ""useVirtualThreads"": ""FALSE""}"
tomcat,tpe,3301,plain,false,189,2416.82,24.05,2416.82,10.048664569854736,"[8, 50, 10, False]",0.0,10.0485680103302,0.0,"{""acceptCount"": ""547"", ""allowBackslash"": ""FALSE"", ""compression"": ""off"", ""compressionMinSize"": ""2615"", ""connectionTimeout"": ""114689"", ""connectionUploadTimeout"": ""463934"", ""disableUploadTimeout"": ""FALSE"", ""executorTerminationTimeoutMillis"": ""296246"", ""keepAliveTimeout"": ""109994"", ""maxConnections"": ""19220"", ""maxHeaderCount"": ""911"", ""maxHttpHeaderSize"": ""11789"", ""maxHttpRequestHeaderSize"": ""51097"", ""maxHttpResponseHeaderSize"": ""2937"", ""maxKeepAliveRequests"": ""4959"", ""maxParameterCount"": ""59095"", ""maxSwallowSize"": ""17541340"", ""maxThreads"": ""234"", ""minSpareThreads"": ""39"", ""processorCache"": ""266"", ""tcpNoDelay"": ""FALSE"", ""threadPriority"": ""1"", ""threadsMaxIdleTime"": ""402777"", ""throughput__2"": ""2416.82"", ""useAsyncIO"": ""FALSE"", ""useVirtualThreads"": ""FALSE""}"
tomcat,tpe,3301,plain,false,190,2233.94,27.29,2233.94,10.034844160079956,"[8, 50, 10, False]",0.0,10.034753322601318,0.0,"{""acceptCount"": ""341"", ""allowBackslash"": ""FALSE"", ""compression"": ""force"", ""compressionMinSize"": ""6144"", ""connectionTimeout"": ""333515"", ""connectionUploadTimeout"": ""55859"", ""disableUploadTimeout"": ""FALSE"", ""executorTerminationTimeoutMillis"": ""188314"", ""keepAliveTimeout"": ""374698"", ""maxConnections"": ""15062"", ""maxHeaderCount"": ""970"", ""maxHttpHeaderSize"": ""631"", ""maxHttpRequestHeaderSize"": ""51592"", ""maxHttpResponseHeaderSize"": ""51474"", ""maxKeepAliveRequests"": ""4226"", ""maxParameterCount"": ""38980"", ""maxSwallowSize"": ""8540417"", ""maxThreads"": ""307"", ""minSpareThreads"": ""9"", ""processorCache"": ""226"", ""tcpNoDelay"": ""TRUE"", ""threadPriority"": ""2"", ""threadsMaxIdleTime"": ""598135"", ""throughput__2"": ""2233.94"", ""useAsyncIO"": ""FALSE"", ""useVirtualThreads"": ""FALSE""}"
tomcat,tpe,3301,plain,false,191,2345.94,26.64,2345.94,10.039033651351929,"[8, 50, 10, False]",0.0,10.03884220123291,0.0,"{""acceptCount"": ""738"", ""allowBackslash"": ""FALSE"", ""compression"": ""on"", ""compressionMinSize"": ""1066"", ""connectionTimeout"": ""456896"", ""connectionUploadTimeout"": ""552358"", ""disableUploadTimeout"": ""FALSE"", ""executorTerminationTimeoutMillis"": ""8626"", ""keepAliveTimeout"": ""597607"", ""maxConnections"": ""988"", ""maxHeaderCount"": ""417"", ""maxHttpHeaderSize"": ""51657"", ""maxHttpRequestHeaderSize"": ""52782"", ""maxHttpResponseHeaderSize"": ""17712"", ""maxKeepAliveRequests"": ""1671"", ""maxParameterCount"": ""3946"", ""maxSwallowSize"": ""8560523"", ""maxThreads"": ""88"", ""minSpareThreads"": ""953"", ""processorCache"": ""177"", ""tcpNoDelay"": ""TRUE"", ""threadPriority"": ""1"", ""threadsMaxIdleTime"": ""236979"", ""throughput__2"": ""2345.94"", ""useAsyncIO"": ""FALSE"", ""useVirtualThreads"": ""FALSE""}"
tomcat,tpe,3301,plain,false,192,2406.92,293.0,2406.92,10.068350791931152,"[8, 50, 10, False]",0.0,10.068209886550903,0.0,"{""acceptCount"": ""740"", ""allowBackslash"": ""TRUE"", ""compression"": ""force"", ""compressionMinSize"": ""1564"", ""connectionTimeout"": ""293312"", ""connectionUploadTimeout"": ""198870"", ""disableUploadTimeout"": ""TRUE"", ""executorTerminationTimeoutMillis"": ""35915"", ""keepAliveTimeout"": ""483620"", ""maxConnections"": ""17"", ""maxHeaderCount"": ""142"", ""maxHttpHeaderSize"": ""28623"", ""maxHttpRequestHeaderSize"": ""41012"", ""maxHttpResponseHeaderSize"": ""34120"", ""maxKeepAliveRequests"": ""142"", ""maxParameterCount"": ""33046"", ""maxSwallowSize"": ""4798417"", ""maxThreads"": ""23"", ""minSpareThreads"": ""501"", ""processorCache"": ""31"", ""tcpNoDelay"": ""TRUE"", ""threadPriority"": ""5"", ""threadsMaxIdleTime"": ""377909"", ""throughput__2"": ""2406.92"", ""useAsyncIO"": ""TRUE"", ""useVirtualThreads"": ""FALSE""}"
tomcat,tpe,3301,plain,false,193,2391.93,26.24,2391.93,10.021727561950684,"[8, 50, 10, False]",0.0,10.021629810333252,0.0,"{""acceptCount"": ""341"", ""allowBackslash"": ""FALSE"", ""compression"": ""on"", ""compressionMinSize"": ""8962"", ""connectionTimeout"": ""134372"", ""connectionUploadTimeout"": ""565313"", ""disableUploadTimeout"": ""FALSE"", ""executorTerminationTimeoutMillis"": ""108313"", ""keepAliveTimeout"": ""355628"", ""maxConnections"": ""13143"", ""maxHeaderCount"": ""159"", ""maxHttpHeaderSize"": ""5584"", ""maxHttpRequestHeaderSize"": ""2546"", ""maxHttpResponseHeaderSize"": ""2656"", ""maxKeepAliveRequests"": ""4612"", ""maxParameterCount"": ""80576"", ""maxSwallowSize"": ""12572449"", ""maxThreads"": ""236"", ""minSpareThreads"": ""643"", ""processorCache"": ""229"", ""tcpNoDelay"": ""TRUE"", ""threadPriority"": ""7"", ""threadsMaxIdleTime"": ""507375"", ""throughput__2"": ""2391.93"", ""useAsyncIO"": ""TRUE"", ""useVirtualThreads"": ""FALSE""}"
tomcat,tpe,3301,plain,false,194,2500.58,24.08,2500.58,10.026540279388428,"[8, 50, 10, False]",0.0,10.026389598846436,0.0,"{""acceptCount"": ""539"", ""allowBackslash"": ""TRUE"", ""compression"": ""off"", ""compressionMinSize"": ""218"", ""connectionTimeout"": ""318795"", ""connectionUploadTimeout"": ""510830"", ""disableUploadTimeout"": ""TRUE"", ""executorTerminationTimeoutMillis"": ""534723"", ""keepAliveTimeout"": ""300613"", ""maxConnections"": ""8137"", ""maxHeaderCount"": ""934"", ""maxHttpHeaderSize"": ""19522"", ""maxHttpRequestHeaderSize"": ""14803"", ""maxHttpResponseHeaderSize"": ""17584"", ""maxKeepAliveRequests"": ""3133"", ""maxParameterCount"": ""54434"", ""maxSwallowSize"": ""12200982"", ""maxThreads"": ""390"", ""minSpareThreads"": ""919"", ""processorCache"": ""271"", ""tcpNoDelay"": ""FALSE"", ""threadPriority"": ""8"", ""threadsMaxIdleTime"": ""318913"", ""throughput__2"": ""2500.58"", ""useAsyncIO"": ""TRUE"", ""useVirtualThreads"": ""FALSE""}"
tomcat,tpe,3301,plain,false,195,2518.07,20.59,2518.07,10.018908023834229,"[8, 50, 10, False]",0.0,10.018827438354492,0.0,"{""acceptCount"": ""235"", ""allowBackslash"": ""FALSE"", ""compression"": ""force"", ""compressionMinSize"": ""9454"", ""connectionTimeout"": ""563743"", ""connectionUploadTimeout"": ""426390"", ""disableUploadTimeout"": ""TRUE"", ""executorTerminationTimeoutMillis"": ""158308"", ""keepAliveTimeout"": ""183318"", ""maxConnections"": ""11793"", ""maxHeaderCount"": ""826"", ""maxHttpHeaderSize"": ""23431"", ""maxHttpRequestHeaderSize"": ""61712"", ""maxHttpResponseHeaderSize"": ""8628"", ""maxKeepAliveRequests"": ""4335"", ""maxParameterCount"": ""17608"", ""maxSwallowSize"": ""16452985"", ""maxThreads"": ""18"", ""minSpareThreads"": ""139"", ""processorCache"": ""53"", ""tcpNoDelay"": ""FALSE"", ""threadPriority"": ""9"", ""threadsMaxIdleTime"": ""545995"", ""throughput__2"": ""2518.07"", ""useAsyncIO"": ""FALSE"", ""useVirtualThreads"": ""FALSE""}"
tomcat,tpe,3301,plain,false,196,2315.45,24.61,2315.45,10.019402742385864,"[8, 50, 10, False]",0.0,10.019315958023071,0.0,"{""acceptCount"": ""331"", ""allowBackslash"": ""TRUE"", ""compression"": ""force"", ""compressionMinSize"": ""3201"", ""connectionTimeout"": ""381142"", ""connectionUploadTimeout"": ""270999"", ""disableUploadTimeout"": ""TRUE"", ""executorTerminationTimeoutMillis"": ""108163"", ""keepAliveTimeout"": ""24848"", ""maxConnections"": ""18562"", ""maxHeaderCount"": ""402"", ""maxHttpHeaderSize"": ""8116"", ""maxHttpRequestHeaderSize"": ""30193"", ""maxHttpResponseHeaderSize"": ""53873"", ""maxKeepAliveRequests"": ""2447"", ""maxParameterCount"": ""56151"", ""maxSwallowSize"": ""9161796"", ""maxThreads"": ""309"", ""minSpareThreads"": ""344"", ""processorCache"": ""223"", ""tcpNoDelay"": ""FALSE"", ""threadPriority"": ""6"", ""threadsMaxIdleTime"": ""588552"", ""throughput__2"": ""2315.45"", ""useAsyncIO"": ""TRUE"", ""useVirtualThreads"": ""FALSE""}"
tomcat,tpe,3301,plain,false,197,2186.93,28.49,2186.93,10.02112364768982,"[8, 50, 10, False]",0.0,10.021026611328125,0.0,"{""acceptCount"": ""564"", ""allowBackslash"": ""FALSE"", ""compression"": ""force"", ""compressionMinSize"": ""5774"", ""connectionTimeout"": ""341552"", ""connectionUploadTimeout"": ""81850"", ""disableUploadTimeout"": ""FALSE"", ""executorTerminationTimeoutMillis"": ""295148"", ""keepAliveTimeout"": ""102681"", ""maxConnections"": ""9039"", ""maxHeaderCount"": ""179"", ""maxHttpHeaderSize"": ""57427"", ""maxHttpRequestHeaderSize"": ""36901"", ""maxHttpResponseHeaderSize"": ""61201"", ""maxKeepAliveRequests"": ""3064"", ""maxParameterCount"": ""26842"", ""maxSwallowSize"": ""6937080"", ""maxThreads"": ""231"", ""minSpareThreads"": ""406"", ""processorCache"": ""131"", ""tcpNoDelay"": ""FALSE"", ""threadPriority"": ""7"", ""threadsMaxIdleTime"": ""564622"", ""throughput__2"": ""2186.93"", ""useAsyncIO"": ""FALSE"", ""useVirtualThreads"": ""FALSE""}"
tomcat,tpe,3301,plain,false,198,2083.12,27.64,2083.12,10.016439199447632,"[8, 50, 10, False]",0.0,10.016347169876099,0.0,"{""acceptCount"": ""426"", ""allowBackslash"": ""FALSE"", ""compression"": ""force"", ""compressionMinSize"": ""6906"", ""connectionTimeout"": ""131847"", ""connectionUploadTimeout"": ""195219"", ""disableUploadTimeout"": ""FALSE"", ""executorTerminationTimeoutMillis"": ""246571"", ""keepAliveTimeout"": ""415658"", ""maxConnections"": ""3947"", ""maxHeaderCount"": ""629"", ""maxHttpHeaderSize"": ""36568"", ""maxHttpRequestHeaderSize"": ""43330"", ""maxHttpResponseHeaderSize"": ""13691"", ""maxKeepAliveRequests"": ""4046"", ""maxParameterCount"": ""84643"", ""maxSwallowSize"": ""12058262"", ""maxThreads"": ""299"", ""minSpareThreads"": ""766"", ""processorCache"": ""118"", ""tcpNoDelay"": ""TRUE"", ""threadPriority"": ""10"", ""threadsMaxIdleTime"": ""173554"", ""throughput__2"": ""2083.12"", ""useAsyncIO"": ""TRUE"", ""useVirtualThreads"": ""FALSE""}"
tomcat,tpe,3301,plain,false,199,2376.28,27.75,2376.28,10.030223608016968,"[8, 50, 10, False]",0.0,10.030126810073853,0.0,"{""acceptCount"": ""780"", ""allowBackslash"": ""TRUE"", ""compression"": ""on"", ""compressionMinSize"": ""8187"", ""connectionTimeout"": ""291672"", ""connectionUploadTimeout"": ""570403"", ""disableUploadTimeout"": ""TRUE"", ""executorTerminationTimeoutMillis"": ""579722"", ""keepAliveTimeout"": ""481780"", ""maxConnections"": ""9739"", ""maxHeaderCount"": ""612"", ""maxHttpHeaderSize"": ""34098"", ""maxHttpRequestHeaderSize"": ""51544"", ""maxHttpResponseHeaderSize"": ""4303"", ""maxKeepAliveRequests"": ""3122"", ""maxParameterCount"": ""78659"", ""maxSwallowSize"": ""4667048"", ""maxThreads"": ""201"", ""minSpareThreads"": ""145"", ""processorCache"": ""374"", ""tcpNoDelay"": ""FALSE"", ""threadPriority"": ""1"", ""threadsMaxIdleTime"": ""590038"", ""throughput__2"": ""2376.28"", ""useAsyncIO"": ""FALSE"", ""useVirtualThreads"": ""FALSE""}"
tomcat,tpe,3301,plain,false,200,2474.81,24.82,2474.81,10.026658296585083,"[8, 50, 10, False]",0.0,10.026565313339233,0.0,"{""acceptCount"": ""352"", ""allowBackslash"": ""FALSE"", ""compression"": ""on"", ""compressionMinSize"": ""1323"", ""connectionTimeout"": ""544822"", ""connectionUploadTimeout"": ""595881"", ""disableUploadTimeout"": ""TRUE"", ""executorTerminationTimeoutMillis"": ""487923"", ""keepAliveTimeout"": ""218150"", ""maxConnections"": ""3728"", ""maxHeaderCount"": ""738"", ""maxHttpHeaderSize"": ""41469"", ""maxHttpRequestHeaderSize"": ""54837"", ""maxHttpResponseHeaderSize"": ""44704"", ""maxKeepAliveRequests"": ""2352"", ""maxParameterCount"": ""27749"", ""maxSwallowSize"": ""12755705"", ""maxThreads"": ""65"", ""minSpareThreads"": ""784"", ""processorCache"": ""44"", ""tcpNoDelay"": ""FALSE"", ""threadPriority"": ""8"", ""threadsMaxIdleTime"": ""165142"", ""throughput__2"": ""2474.81"", ""useAsyncIO"": ""TRUE"", ""useVirtualThreads"": ""FALSE""}"
tomcat,tpe,3302,plain,false,1,2119.83,24.01,2119.83,10.027264833450317,"[8, 50, 10, False]",0.0,10.025731086730957,0.0,"{""acceptCount"": ""669"", ""allowBackslash"": ""FALSE"", ""compression"": ""off"", ""compressionMinSize"": ""792"", ""connectionTimeout"": ""2952"", ""connectionUploadTimeout"": ""99516"", ""disableUploadTimeout"": ""TRUE"", ""executorTerminationTimeoutMillis"": ""598405"", ""keepAliveTimeout"": ""293829"", ""maxConnections"": ""19713"", ""maxHeaderCount"": ""466"", ""maxHttpHeaderSize"": ""4813"", ""maxHttpRequestHeaderSize"": ""36655"", ""maxHttpResponseHeaderSize"": ""6937"", ""maxKeepAliveRequests"": ""1349"", ""maxParameterCount"": ""4488"", ""maxSwallowSize"": ""3564280"", ""maxThreads"": ""45"", ""minSpareThreads"": ""149"", ""processorCache"": ""328"", ""tcpNoDelay"": ""FALSE"", ""threadPriority"": ""10"", ""threadsMaxIdleTime"": ""517707"", ""throughput__2"": ""2119.83"", ""useAsyncIO"": ""FALSE"", ""useVirtualThreads"": ""TRUE""}"
tomcat,tpe,3302,plain,false,2,2260.9,25.27,2260.9,10.028820514678955,"[8, 50, 10, False]",0.0,10.028733015060425,0.0,"{""acceptCount"": ""888"", ""allowBackslash"": ""TRUE"", ""compression"": ""force"", ""compressionMinSize"": ""2944"", ""connectionTimeout"": ""588420"", ""connectionUploadTimeout"": ""363995"", ""disableUploadTimeout"": ""FALSE"", ""executorTerminationTimeoutMillis"": ""205269"", ""keepAliveTimeout"": ""463605"", ""maxConnections"": ""15477"", ""maxHeaderCount"": ""326"", ""maxHttpHeaderSize"": ""24573"", ""maxHttpRequestHeaderSize"": ""50799"", ""maxHttpResponseHeaderSize"": ""12877"", ""maxKeepAliveRequests"": ""885"", ""maxParameterCount"": ""93381"", ""maxSwallowSize"": ""1760376"", ""maxThreads"": ""26"", ""minSpareThreads"": ""937"", ""processorCache"": ""150"", ""tcpNoDelay"": ""FALSE"", ""threadPriority"": ""10"", ""threadsMaxIdleTime"": ""579557"", ""throughput__2"": ""2260.9"", ""useAsyncIO"": ""TRUE"", ""useVirtualThreads"": ""FALSE""}"
tomcat,tpe,3302,plain,false,3,2286.26,24.94,2286.26,10.037543296813965,"[8, 50, 10, False]",0.0,10.037431240081787,0.0,"{""acceptCount"": ""161"", ""allowBackslash"": ""FALSE"", ""compression"": ""off"", ""compressionMinSize"": ""9514"", ""connectionTimeout"": ""67815"", ""connectionUploadTimeout"": ""12197"", ""disableUploadTimeout"": ""FALSE"", ""executorTerminationTimeoutMillis"": ""100909"", ""keepAliveTimeout"": ""199222"", ""maxConnections"": ""5792"", ""maxHeaderCount"": ""576"", ""maxHttpHeaderSize"": ""11091"", ""maxHttpRequestHeaderSize"": ""32689"", ""maxHttpResponseHeaderSize"": ""14732"", ""maxKeepAliveRequests"": ""4550"", ""maxParameterCount"": ""74552"", ""maxSwallowSize"": ""15271634"", ""maxThreads"": ""214"", ""minSpareThreads"": ""205"", ""processorCache"": ""238"", ""tcpNoDelay"": ""FALSE"", ""threadPriority"": ""1"", ""threadsMaxIdleTime"": ""420700"", ""throughput__2"": ""2286.26"", ""useAsyncIO"": ""FALSE"", ""useVirtualThreads"": ""FALSE""}"
tomcat,tpe,3302,plain,false,4,2213.11,27.73,2213.11,10.024720191955566,"[8, 50, 10, False]",0.0,10.024631023406982,0.0,"{""acceptCount"": ""554"", ""allowBackslash"": ""TRUE"", ""compression"": ""on"", ""compressionMinSize"": ""9087"", ""connectionTimeout"": ""121685"", ""connectionUploadTimeout"": ""225130"", ""disableUploadTimeout"": ""TRUE"", ""executorTerminationTimeoutMillis"": ""314022"", ""keepAliveTimeout"": ""519149"", ""maxConnections"": ""16805"", ""maxHeaderCount"": ""840"", ""maxHttpHeaderSize"": ""21157"", ""maxHttpRequestHeaderSize"": ""29444"", ""maxHttpResponseHeaderSize"": ""14842"", ""maxKeepAliveRequests"": ""2685"", ""maxParameterCount"": ""96181"", ""maxSwallowSize"": ""45702"", ""maxThreads"": ""294"", ""minSpareThreads"": ""726"", ""processorCache"": ""87"", ""tcpNoDelay"": ""FALSE"", ""threadPriority"": ""2"", ""threadsMaxIdleTime"": ""596500"", ""throughput__2"": ""2213.11"", ""useAsyncIO"": ""FALSE"", ""useVirtualThreads"": ""FALSE""}"
tomcat,tpe,3302,plain,false,5,2128.12,29.7,2128.12,10.032565116882324,"[8, 50, 10, False]",0.0,10.03245234489441,0.0,"{""acceptCount"": ""28"", ""allowBackslash"": ""TRUE"", ""compression"": ""force"", ""compressionMinSize"": ""3242"", ""connectionTimeout"": ""104606"", ""connectionUploadTimeout"": ""226309"", ""disableUploadTimeout"": ""FALSE"", ""executorTerminationTimeoutMillis"": ""270414"", ""keepAliveTimeout"": ""227191"", ""maxConnections"": ""5404"", ""maxHeaderCount"": ""363"", ""maxHttpHeaderSize"": ""16573"", ""maxHttpRequestHeaderSize"": ""57487"", ""maxHttpResponseHeaderSize"": ""23588"", ""maxKeepAliveRequests"": ""3223"", ""maxParameterCount"": ""15709"", ""maxSwallowSize"": ""7370182"", ""maxThreads"": ""185"", ""minSpareThreads"": ""872"", ""processorCache"": ""210"", ""tcpNoDelay"": ""TRUE"", ""threadPriority"": ""2"", ""threadsMaxIdleTime"": ""543725"", ""throughput__2"": ""2128.12"", ""useAsyncIO"": ""TRUE"", ""useVirtualThreads"": ""FALSE""}"
tomcat,tpe,3302,plain,false,6,2099.9,24.15,2099.9,10.02875804901123,"[8, 50, 10, False]",0.0,10.028676509857178,0.0,"{""acceptCount"": ""800"", ""allowBackslash"": ""FALSE"", ""compression"": ""force"", ""compressionMinSize"": ""5425"", ""connectionTimeout"": ""252569"", ""connectionUploadTimeout"": ""80153"", ""disableUploadTimeout"": ""TRUE"", ""executorTerminationTimeoutMillis"": ""207329"", ""keepAliveTimeout"": ""369625"", ""maxConnections"": ""17611"", ""maxHeaderCount"": ""381"", ""maxHttpHeaderSize"": ""4671"", ""maxHttpRequestHeaderSize"": ""32851"", ""maxHttpResponseHeaderSize"": ""58483"", ""maxKeepAliveRequests"": ""2118"", ""maxParameterCount"": ""90288"", ""maxSwallowSize"": ""10150702"", ""maxThreads"": ""187"", ""minSpareThreads"": ""608"", ""processorCache"": ""50"", ""tcpNoDelay"": ""FALSE"", ""threadPriority"": ""6"", ""threadsMaxIdleTime"": ""433798"", ""throughput__2"": ""2099.9"", ""useAsyncIO"": ""TRUE"", ""useVirtualThreads"": ""TRUE""}"
tomcat,tpe,3302,plain,false,7,2186.84,27.79,2186.84,10.042343139648438,"[8, 50, 10, False]",0.0,10.04222822189331,0.0,"{""acceptCount"": ""226"", ""allowBackslash"": ""FALSE"", ""compression"": ""off"", ""compressionMinSize"": ""6510"", ""connectionTimeout"": ""233488"", ""connectionUploadTimeout"": ""515389"", ""disableUploadTimeout"": ""FALSE"", ""executorTerminationTimeoutMillis"": ""138560"", ""keepAliveTimeout"": ""575971"", ""maxConnections"": ""6062"", ""maxHeaderCount"": ""496"", ""maxHttpHeaderSize"": ""27933"", ""maxHttpRequestHeaderSize"": ""24306"", ""maxHttpResponseHeaderSize"": ""45777"", ""maxKeepAliveRequests"": ""1119"", ""maxParameterCount"": ""20683"", ""maxSwallowSize"": ""9057863"", ""maxThreads"": ""111"", ""minSpareThreads"": ""621"", ""processorCache"": ""201"", ""tcpNoDelay"": ""FALSE"", ""threadPriority"": ""7"", ""threadsMaxIdleTime"": ""23022"", ""throughput__2"": ""2186.84"", ""useAsyncIO"": ""FALSE"", ""useVirtualThreads"": ""FALSE""}"
tomcat,tpe,3302,plain,false,8,1972.87,26.37,1972.87,10.02695918083191,"[8, 50, 10, False]",0.0,10.026862621307373,0.0,"{""acceptCount"": ""649"", ""allowBackslash"": ""TRUE"", ""compression"": ""force"", ""compressionMinSize"": ""2127"", ""connectionTimeout"": ""510685"", ""connectionUploadTimeout"": ""340841"", ""disableUploadTimeout"": ""TRUE"", ""executorTerminationTimeoutMillis"": ""291979"", ""keepAliveTimeout"": ""159542"", ""maxConnections"": ""6879"", ""maxHeaderCount"": ""512"", ""maxHttpHeaderSize"": ""5026"", ""maxHttpRequestHeaderSize"": ""33754"", ""maxHttpResponseHeaderSize"": ""58248"", ""maxKeepAliveRequests"": ""4368"", ""maxParameterCount"": ""81405"", ""maxSwallowSize"": ""17415953"", ""maxThreads"": ""237"", ""minSpareThreads"": ""713"", ""processorCache"": ""357"", ""tcpNoDelay"": ""FALSE"", ""threadPriority"": ""3"", ""threadsMaxIdleTime"": ""593947"", ""throughput__2"": ""1972.87"", ""useAsyncIO"": ""TRUE"", ""useVirtualThreads"": ""TRUE""}"
tomcat,tpe,3302,plain,false,9,2088.46,26.14,2088.46,10.029937505722046,"[8, 50, 10, False]",0.0,10.029820919036865,0.0,"{""acceptCount"": ""910"", ""allowBackslash"": ""TRUE"", ""compression"": ""on"", ""compressionMinSize"": ""4709"", ""connectionTimeout"": ""353201"", ""connectionUploadTimeout"": ""25558"", ""disableUploadTimeout"": ""TRUE"", ""executorTerminationTimeoutMillis"": ""240224"", ""keepAliveTimeout"": ""573588"", ""maxConnections"": ""183"", ""maxHeaderCount"": ""643"", ""maxHttpHeaderSize"": ""22426"", ""maxHttpRequestHeaderSize"": ""12789"", ""maxHttpResponseHeaderSize"": ""23310"", ""maxKeepAliveRequests"": ""3419"", ""maxParameterCount"": ""13316"", ""maxSwallowSize"": ""7027580"", ""maxThreads"": ""173"", ""minSpareThreads"": ""21"", ""processorCache"": ""144"", ""tcpNoDelay"": ""FALSE"", ""threadPriority"": ""5"", ""threadsMaxIdleTime"": ""246175"", ""throughput__2"": ""2088.46"", ""useAsyncIO"": ""FALSE"", ""useVirtualThreads"": ""TRUE""}"
tomcat,tpe,3302,plain,false,10,2217.46,25.73,2217.46,10.029989004135132,"[8, 50, 10, False]",0.0,10.0293128490448,0.0,"{""acceptCount"": ""592"", ""allowBackslash"": ""FALSE"", ""compression"": ""on"", ""compressionMinSize"": ""3335"", ""connectionTimeout"": ""187509"", ""connectionUploadTimeout"": ""534773"", ""disableUploadTimeout"": ""TRUE"", ""executorTerminationTimeoutMillis"": ""18162"", ""keepAliveTimeout"": ""583774"", ""maxConnections"": ""12542"", ""maxHeaderCount"": ""173"", ""maxHttpHeaderSize"": ""46524"", ""maxHttpRequestHeaderSize"": ""44892"", ""maxHttpResponseHeaderSize"": ""7798"", ""maxKeepAliveRequests"": ""644"", ""maxParameterCount"": ""88422"", ""maxSwallowSize"": ""7191298"", ""maxThreads"": ""366"", ""minSpareThreads"": ""767"", ""processorCache"": ""196"", ""tcpNoDelay"": ""TRUE"", ""threadPriority"": ""6"", ""threadsMaxIdleTime"": ""558633"", ""throughput__2"": ""2217.46"", ""useAsyncIO"": ""TRUE"", ""useVirtualThreads"": ""FALSE""}"
tomcat,tpe,3302,plain,false,11,1966.31,26.3,1966.31,10.044697284698486,"[8, 50, 10, False]",0.0,10.04460620880127,0.0,"{""acceptCount"": ""959"", ""allowBackslash"": ""FALSE"", ""compression"": ""force"", ""compressionMinSize"": ""4858"", ""connectionTimeout"": ""203164"", ""connectionUploadTimeout"": ""120697"", ""disableUploadTimeout"": ""FALSE"", ""executorTerminationTimeoutMillis"": ""21007"", ""keepAliveTimeout"": ""273200"", ""maxConnections"": ""15517"", ""maxHeaderCount"": ""101"", ""maxHttpHeaderSize"": ""12116"", ""maxHttpRequestHeaderSize"": ""39451"", ""maxHttpResponseHeaderSize"": ""33064"", ""maxKeepAliveRequests"": ""3273"", ""maxParameterCount"": ""74919"", ""maxSwallowSize"": ""17251968"", ""maxThreads"": ""277"", ""minSpareThreads"": ""923"", ""processorCache"": ""393"", ""tcpNoDelay"": ""TRUE"", ""threadPriority"": ""5"", ""threadsMaxIdleTime"": ""497551"", ""throughput__2"": ""1966.31"", ""useAsyncIO"": ""TRUE"", ""useVirtualThreads"": ""TRUE""}"
tomcat,tpe,3302,plain,false,12,2015.17,27.82,2015.17,10.033724308013916,"[8, 50, 10, False]",0.0,10.033635139465332,0.0,"{""acceptCount"": ""253"", ""allowBackslash"": ""FALSE"", ""compression"": ""force"", ""compressionMinSize"": ""9996"", ""connectionTimeout"": ""592900"", ""connectionUploadTimeout"": ""52276"", ""disableUploadTimeout"": ""TRUE"", ""executorTerminationTimeoutMillis"": ""183408"", ""keepAliveTimeout"": ""411114"", ""maxConnections"": ""8539"", ""maxHeaderCount"": ""728"", ""maxHttpHeaderSize"": ""17802"", ""maxHttpRequestHeaderSize"": ""43970"", ""maxHttpResponseHeaderSize"": ""609"", ""maxKeepAliveRequests"": ""2687"", ""maxParameterCount"": ""8384"", ""maxSwallowSize"": ""17841993"", ""maxThreads"": ""369"", ""minSpareThreads"": ""500"", ""processorCache"": ""385"", ""tcpNoDelay"": ""TRUE"", ""threadPriority"": ""6"", ""threadsMaxIdleTime"": ""565368"", ""throughput__2"": ""2015.17"", ""useAsyncIO"": ""FALSE"", ""useVirtualThreads"": ""FALSE""}"
tomcat,tpe,3302,plain,false,13,2188.19,26.8,2188.19,10.035431861877441,"[8, 50, 10, False]",0.0,10.035346031188965,0.0,"{""acceptCount"": ""384"", ""allowBackslash"": ""FALSE"", ""compression"": ""force"", ""compressionMinSize"": ""5895"", ""connectionTimeout"": ""21312"", ""connectionUploadTimeout"": ""455183"", ""disableUploadTimeout"": ""FALSE"", ""executorTerminationTimeoutMillis"": ""445848"", ""keepAliveTimeout"": ""537896"", ""maxConnections"": ""18738"", ""maxHeaderCount"": ""233"", ""maxHttpHeaderSize"": ""10687"", ""maxHttpRequestHeaderSize"": ""61411"", ""maxHttpResponseHeaderSize"": ""34860"", ""maxKeepAliveRequests"": ""2768"", ""maxParameterCount"": ""54014"", ""maxSwallowSize"": ""7622605"", ""maxThreads"": ""266"", ""minSpareThreads"": ""890"", ""processorCache"": ""35"", ""tcpNoDelay"": ""TRUE"", ""threadPriority"": ""1"", ""threadsMaxIdleTime"": ""595381"", ""throughput__2"": ""2188.19"", ""useAsyncIO"": ""FALSE"", ""useVirtualThreads"": ""FALSE""}"
tomcat,tpe,3302,plain,false,14,1982.04,25.66,1982.04,10.027194738388062,"[8, 50, 10, False]",0.0,10.027105808258057,0.0,"{""acceptCount"": ""564"", ""allowBackslash"": ""FALSE"", ""compression"": ""on"", ""compressionMinSize"": ""5179"", ""connectionTimeout"": ""160184"", ""connectionUploadTimeout"": ""398570"", ""disableUploadTimeout"": ""FALSE"", ""executorTerminationTimeoutMillis"": ""533801"", ""keepAliveTimeout"": ""383256"", ""maxConnections"": ""11748"", ""maxHeaderCount"": ""230"", ""maxHttpHeaderSize"": ""11146"", ""maxHttpRequestHeaderSize"": ""27859"", ""maxHttpResponseHeaderSize"": ""6897"", ""maxKeepAliveRequests"": ""391"", ""maxParameterCount"": ""31893"", ""maxSwallowSize"": ""16781871"", ""maxThreads"": ""63"", ""minSpareThreads"": ""626"", ""processorCache"": ""341"", ""tcpNoDelay"": ""FALSE"", ""threadPriority"": ""3"", ""threadsMaxIdleTime"": ""63354"", ""throughput__2"": ""1982.04"", ""useAsyncIO"": ""FALSE"", ""useVirtualThreads"": ""TRUE""}"
tomcat,tpe,3302,plain,false,15,2143.77,26.85,2143.77,10.047255277633667,"[8, 50, 10, False]",0.0,10.047166347503662,0.0,"{""acceptCount"": ""288"", ""allowBackslash"": ""FALSE"", ""compression"": ""off"", ""compressionMinSize"": ""2690"", ""connectionTimeout"": ""476671"", ""connectionUploadTimeout"": ""279464"", ""disableUploadTimeout"": ""FALSE"", ""executorTerminationTimeoutMillis"": ""501785"", ""keepAliveTimeout"": ""324376"", ""maxConnections"": ""9539"", ""maxHeaderCount"": ""425"", ""maxHttpHeaderSize"": ""63490"", ""maxHttpRequestHeaderSize"": ""54031"", ""maxHttpResponseHeaderSize"": ""13412"", ""maxKeepAliveRequests"": ""3608"", ""maxParameterCount"": ""6765"", ""maxSwallowSize"": ""334515"", ""maxThreads"": ""261"", ""minSpareThreads"": ""729"", ""processorCache"": ""81"", ""tcpNoDelay"": ""TRUE"", ""threadPriority"": ""8"", ""threadsMaxIdleTime"": ""420882"", ""throughput__2"": ""2143.77"", ""useAsyncIO"": ""FALSE"", ""useVirtualThreads"": ""FALSE""}"
tomcat,tpe,3302,plain,false,16,2226.63,23.95,2226.63,10.035243511199951,"[8, 50, 10, False]",0.0,10.035120487213135,0.0,"{""acceptCount"": ""359"", ""allowBackslash"": ""TRUE"", ""compression"": ""on"", ""compressionMinSize"": ""3799"", ""connectionTimeout"": ""24480"", ""connectionUploadTimeout"": ""467412"", ""disableUploadTimeout"": ""TRUE"", ""executorTerminationTimeoutMillis"": ""409145"", ""keepAliveTimeout"": ""139843"", ""maxConnections"": ""12160"", ""maxHeaderCount"": ""905"", ""maxHttpHeaderSize"": ""26386"", ""maxHttpRequestHeaderSize"": ""39247"", ""maxHttpResponseHeaderSize"": ""20672"", ""maxKeepAliveRequests"": ""2721"", ""maxParameterCount"": ""31487"", ""maxSwallowSize"": ""2418543"", ""maxThreads"": ""25"", ""minSpareThreads"": ""181"", ""processorCache"": ""264"", ""tcpNoDelay"": ""FALSE"", ""threadPriority"": ""8"", ""threadsMaxIdleTime"": ""166544"", ""throughput__2"": ""2226.63"", ""useAsyncIO"": ""TRUE"", ""useVirtualThreads"": ""FALSE""}"
tomcat,tpe,3302,plain,false,17,2179.79,22.92,2179.79,10.030596494674683,"[8, 50, 10, False]",0.0,10.030503511428833,0.0,"{""acceptCount"": ""643"", ""allowBackslash"": ""TRUE"", ""compression"": ""force"", ""compressionMinSize"": ""834"", ""connectionTimeout"": ""175133"", ""connectionUploadTimeout"": ""213092"", ""disableUploadTimeout"": ""FALSE"", ""executorTerminationTimeoutMillis"": ""73682"", ""keepAliveTimeout"": ""174192"", ""maxConnections"": ""107"", ""maxHeaderCount"": ""621"", ""maxHttpHeaderSize"": ""52367"", ""maxHttpRequestHeaderSize"": ""34619"", ""maxHttpResponseHeaderSize"": ""23451"", ""maxKeepAliveRequests"": ""2748"", ""maxParameterCount"": ""4335"", ""maxSwallowSize"": ""12411866"", ""maxThreads"": ""352"", ""minSpareThreads"": ""396"", ""processorCache"": ""317"", ""tcpNoDelay"": ""TRUE"", ""threadPriority"": ""4"", ""threadsMaxIdleTime"": ""202866"", ""throughput__2"": ""2179.79"", ""useAsyncIO"": ""FALSE"", ""useVirtualThreads"": ""TRUE""}"
tomcat,tpe,3302,plain,false,18,2239.39,22.47,2239.39,10.030495405197144,"[8, 50, 10, False]",0.0,10.030403852462769,0.0,"{""acceptCount"": ""282"", ""allowBackslash"": ""TRUE"", ""compression"": ""on"", ""compressionMinSize"": ""9836"", ""connectionTimeout"": ""132285"", ""connectionUploadTimeout"": ""513233"", ""disableUploadTimeout"": ""FALSE"", ""executorTerminationTimeoutMillis"": ""402900"", ""keepAliveTimeout"": ""596759"", ""maxConnections"": ""19866"", ""maxHeaderCount"": ""694"", ""maxHttpHeaderSize"": ""21960"", ""maxHttpRequestHeaderSize"": ""50424"", ""maxHttpResponseHeaderSize"": ""19612"", ""maxKeepAliveRequests"": ""1424"", ""maxParameterCount"": ""47637"", ""maxSwallowSize"": ""18411152"", ""maxThreads"": ""170"", ""minSpareThreads"": ""524"", ""processorCache"": ""191"", ""tcpNoDelay"": ""FALSE"", ""threadPriority"": ""6"", ""threadsMaxIdleTime"": ""443699"", ""throughput__2"": ""2239.39"", ""useAsyncIO"": ""FALSE"", ""useVirtualThreads"": ""TRUE""}"
tomcat,tpe,3302,plain,false,19,2227.43,27.63,2227.43,10.032268762588501,"[8, 50, 10, False]",0.0,10.032181978225708,0.0,"{""acceptCount"": ""929"", ""allowBackslash"": ""FALSE"", ""compression"": ""off"", ""compressionMinSize"": ""3083"", ""connectionTimeout"": ""360518"", ""connectionUploadTimeout"": ""495556"", ""disableUploadTimeout"": ""TRUE"", ""executorTerminationTimeoutMillis"": ""399122"", ""keepAliveTimeout"": ""24349"", ""maxConnections"": ""10053"", ""maxHeaderCount"": ""902"", ""maxHttpHeaderSize"": ""40430"", ""maxHttpRequestHeaderSize"": ""16743"", ""maxHttpResponseHeaderSize"": ""31091"", ""maxKeepAliveRequests"": ""4312"", ""maxParameterCount"": ""50705"", ""maxSwallowSize"": ""19576465"", ""maxThreads"": ""269"", ""minSpareThreads"": ""175"", ""processorCache"": ""153"", ""tcpNoDelay"": ""FALSE"", ""threadPriority"": ""5"", ""threadsMaxIdleTime"": ""330643"", ""throughput__2"": ""2227.43"", ""useAsyncIO"": ""TRUE"", ""useVirtualThreads"": ""FALSE""}"
tomcat,tpe,3302,plain,false,20,2239.56,48.88,2239.56,10.052569389343262,"[8, 50, 10, False]",0.0,10.052468061447144,0.0,"{""acceptCount"": ""8"", ""allowBackslash"": ""FALSE"", ""compression"": ""off"", ""compressionMinSize"": ""8719"", ""connectionTimeout"": ""32355"", ""connectionUploadTimeout"": ""312897"", ""disableUploadTimeout"": ""FALSE"", ""executorTerminationTimeoutMillis"": ""249796"", ""keepAliveTimeout"": ""258831"", ""maxConnections"": ""13487"", ""maxHeaderCount"": ""972"", ""maxHttpHeaderSize"": ""41310"", ""maxHttpRequestHeaderSize"": ""11608"", ""maxHttpResponseHeaderSize"": ""33452"", ""maxKeepAliveRequests"": ""1354"", ""maxParameterCount"": ""68505"", ""maxSwallowSize"": ""14435061"", ""maxThreads"": ""325"", ""minSpareThreads"": ""609"", ""processorCache"": ""159"", ""tcpNoDelay"": ""FALSE"", ""threadPriority"": ""6"", ""threadsMaxIdleTime"": ""431284"", ""throughput__2"": ""2239.56"", ""useAsyncIO"": ""TRUE"", ""useVirtualThreads"": ""TRUE""}"
tomcat,tpe,3302,plain,false,21,2392.54,24.33,2392.54,10.033348083496094,"[8, 50, 10, False]",0.0,10.033255577087402,0.0,"{""acceptCount"": ""440"", ""allowBackslash"": ""TRUE"", ""compression"": ""off"", ""compressionMinSize"": ""2423"", ""connectionTimeout"": ""458981"", ""connectionUploadTimeout"": ""245198"", ""disableUploadTimeout"": ""FALSE"", ""executorTerminationTimeoutMillis"": ""83639"", ""keepAliveTimeout"": ""361920"", ""maxConnections"": ""18200"", ""maxHeaderCount"": ""700"", ""maxHttpHeaderSize"": ""18686"", ""maxHttpRequestHeaderSize"": ""31716"", ""maxHttpResponseHeaderSize"": ""4952"", ""maxKeepAliveRequests"": ""4638"", ""maxParameterCount"": ""68649"", ""maxSwallowSize"": ""10962491"", ""maxThreads"": ""86"", ""minSpareThreads"": ""502"", ""processorCache"": ""41"", ""tcpNoDelay"": ""FALSE"", ""threadPriority"": ""6"", ""threadsMaxIdleTime"": ""380275"", ""throughput__2"": ""2392.54"", ""useAsyncIO"": ""TRUE"", ""useVirtualThreads"": ""FALSE""}"
tomcat,tpe,3302,plain,false,22,2439.26,29.17,2439.26,10.04603362083435,"[8, 50, 10, False]",0.0,10.045940160751343,0.0,"{""acceptCount"": ""192"", ""allowBackslash"": ""FALSE"", ""compression"": ""force"", ""compressionMinSize"": ""8655"", ""connectionTimeout"": ""212151"", ""connectionUploadTimeout"": ""122607"", ""disableUploadTimeout"": ""FALSE"", ""executorTerminationTimeoutMillis"": ""425209"", ""keepAliveTimeout"": ""243789"", ""maxConnections"": ""776"", ""maxHeaderCount"": ""139"", ""maxHttpHeaderSize"": ""27875"", ""maxHttpRequestHeaderSize"": ""39660"", ""maxHttpResponseHeaderSize"": ""15598"", ""maxKeepAliveRequests"": ""4846"", ""maxParameterCount"": ""53626"", ""maxSwallowSize"": ""15272105"", ""maxThreads"": ""87"", ""minSpareThreads"": ""42"", ""processorCache"": ""28"", ""tcpNoDelay"": ""FALSE"", ""threadPriority"": ""4"", ""threadsMaxIdleTime"": ""590599"", ""throughput__2"": ""2439.26"", ""useAsyncIO"": ""FALSE"", ""useVirtualThreads"": ""FALSE""}"
tomcat,tpe,3302,plain,false,23,2523.5,26.23,2523.5,10.034367084503174,"[8, 50, 10, False]",0.0,10.03427791595459,0.0,"{""acceptCount"": ""760"", ""allowBackslash"": ""TRUE"", ""compression"": ""off"", ""compressionMinSize"": ""7086"", ""connectionTimeout"": ""515115"", ""connectionUploadTimeout"": ""545644"", ""disableUploadTimeout"": ""FALSE"", ""executorTerminationTimeoutMillis"": ""22315"", ""keepAliveTimeout"": ""529175"", ""maxConnections"": ""4349"", ""maxHeaderCount"": ""639"", ""maxHttpHeaderSize"": ""10090"", ""maxHttpRequestHeaderSize"": ""20774"", ""maxHttpResponseHeaderSize"": ""9792"", ""maxKeepAliveRequests"": ""4178"", ""maxParameterCount"": ""10466"", ""maxSwallowSize"": ""17335864"", ""maxThreads"": ""67"", ""minSpareThreads"": ""273"", ""processorCache"": ""58"", ""tcpNoDelay"": ""FALSE"", ""threadPriority"": ""9"", ""threadsMaxIdleTime"": ""259029"", ""throughput__2"": ""2523.5"", ""useAsyncIO"": ""TRUE"", ""useVirtualThreads"": ""FALSE""}"
tomcat,tpe,3302,plain,false,24,2335.85,21.07,2335.85,10.028261184692383,"[8, 50, 10, False]",0.0,10.028173923492432,0.0,"{""acceptCount"": ""880"", ""allowBackslash"": ""FALSE"", ""compression"": ""on"", ""compressionMinSize"": ""7616"", ""connectionTimeout"": ""536486"", ""connectionUploadTimeout"": ""323367"", ""disableUploadTimeout"": ""FALSE"", ""executorTerminationTimeoutMillis"": ""398038"", ""keepAliveTimeout"": ""96537"", ""maxConnections"": ""15527"", ""maxHeaderCount"": ""106"", ""maxHttpHeaderSize"": ""48614"", ""maxHttpRequestHeaderSize"": ""49382"", ""maxHttpResponseHeaderSize"": ""5255"", ""maxKeepAliveRequests"": ""3312"", ""maxParameterCount"": ""66493"", ""maxSwallowSize"": ""3880464"", ""maxThreads"": ""12"", ""minSpareThreads"": ""265"", ""processorCache"": ""257"", ""tcpNoDelay"": ""FALSE"", ""threadPriority"": ""10"", ""threadsMaxIdleTime"": ""519739"", ""throughput__2"": ""2335.85"", ""useAsyncIO"": ""FALSE"", ""useVirtualThreads"": ""FALSE""}"
tomcat,tpe,3302,plain,false,25,2309.65,25.42,2309.65,10.047455072402954,"[8, 50, 10, False]",0.0,10.047363519668579,0.0,"{""acceptCount"": ""916"", ""allowBackslash"": ""FALSE"", ""compression"": ""on"", ""compressionMinSize"": ""4337"", ""connectionTimeout"": ""418092"", ""connectionUploadTimeout"": ""243496"", ""disableUploadTimeout"": ""FALSE"", ""executorTerminationTimeoutMillis"": ""124691"", ""keepAliveTimeout"": ""76956"", ""maxConnections"": ""12505"", ""maxHeaderCount"": ""44"", ""maxHttpHeaderSize"": ""58546"", ""maxHttpRequestHeaderSize"": ""63464"", ""maxHttpResponseHeaderSize"": ""1899"", ""maxKeepAliveRequests"": ""3210"", ""maxParameterCount"": ""91315"", ""maxSwallowSize"": ""2448149"", ""maxThreads"": ""188"", ""minSpareThreads"": ""531"", ""processorCache"": ""231"", ""tcpNoDelay"": ""FALSE"", ""threadPriority"": ""3"", ""threadsMaxIdleTime"": ""493668"", ""throughput__2"": ""2309.65"", ""useAsyncIO"": ""FALSE"", ""useVirtualThreads"": ""FALSE""}"
tomcat,tpe,3302,plain,false,26,2279.83,21.99,2279.83,10.026387691497803,"[8, 50, 10, False]",0.0,10.026302814483643,0.0,"{""acceptCount"": ""999"", ""allowBackslash"": ""FALSE"", ""compression"": ""force"", ""compressionMinSize"": ""5104"", ""connectionTimeout"": ""538032"", ""connectionUploadTimeout"": ""386423"", ""disableUploadTimeout"": ""FALSE"", ""executorTerminationTimeoutMillis"": ""112166"", ""keepAliveTimeout"": ""124138"", ""maxConnections"": ""2864"", ""maxHeaderCount"": ""530"", ""maxHttpHeaderSize"": ""51403"", ""maxHttpRequestHeaderSize"": ""62717"", ""maxHttpResponseHeaderSize"": ""43352"", ""maxKeepAliveRequests"": ""2785"", ""maxParameterCount"": ""93489"", ""maxSwallowSize"": ""886051"", ""maxThreads"": ""212"", ""minSpareThreads"": ""849"", ""processorCache"": ""286"", ""tcpNoDelay"": ""FALSE"", ""threadPriority"": ""10"", ""threadsMaxIdleTime"": ""369118"", ""throughput__2"": ""2279.83"", ""useAsyncIO"": ""FALSE"", ""useVirtualThreads"": ""TRUE""}"
tomcat,tpe,3302,plain,false,27,2296.54,21.75,2296.54,10.027825593948364,"[8, 50, 10, False]",0.0,10.027737617492676,0.0,"{""acceptCount"": ""627"", ""allowBackslash"": ""TRUE"", ""compression"": ""force"", ""compressionMinSize"": ""7737"", ""connectionTimeout"": ""490882"", ""connectionUploadTimeout"": ""279641"", ""disableUploadTimeout"": ""FALSE"", ""executorTerminationTimeoutMillis"": ""2516"", ""keepAliveTimeout"": ""189623"", ""maxConnections"": ""4750"", ""maxHeaderCount"": ""230"", ""maxHttpHeaderSize"": ""8447"", ""maxHttpRequestHeaderSize"": ""41589"", ""maxHttpResponseHeaderSize"": ""7924"", ""maxKeepAliveRequests"": ""773"", ""maxParameterCount"": ""980"", ""maxSwallowSize"": ""12434871"", ""maxThreads"": ""310"", ""minSpareThreads"": ""220"", ""processorCache"": ""21"", ""tcpNoDelay"": ""FALSE"", ""threadPriority"": ""10"", ""threadsMaxIdleTime"": ""251491"", ""throughput__2"": ""2296.54"", ""useAsyncIO"": ""TRUE"", ""useVirtualThreads"": ""TRUE""}"
tomcat,tpe,3302,plain,false,28,2488.99,22.87,2488.99,10.030694723129272,"[8, 50, 10, False]",0.0,10.030612468719482,0.0,"{""acceptCount"": ""480"", ""allowBackslash"": ""FALSE"", ""compression"": ""on"", ""compressionMinSize"": ""7437"", ""connectionTimeout"": ""245071"", ""connectionUploadTimeout"": ""284636"", ""disableUploadTimeout"": ""FALSE"", ""executorTerminationTimeoutMillis"": ""457890"", ""keepAliveTimeout"": ""366520"", ""maxConnections"": ""7384"", ""maxHeaderCount"": ""149"", ""maxHttpHeaderSize"": ""57254"", ""maxHttpRequestHeaderSize"": ""42461"", ""maxHttpResponseHeaderSize"": ""16751"", ""maxKeepAliveRequests"": ""4221"", ""maxParameterCount"": ""84775"", ""maxSwallowSize"": ""16694384"", ""maxThreads"": ""85"", ""minSpareThreads"": ""121"", ""processorCache"": ""234"", ""tcpNoDelay"": ""FALSE"", ""threadPriority"": ""2"", ""threadsMaxIdleTime"": ""485842"", ""throughput__2"": ""2488.99"", ""useAsyncIO"": ""TRUE"", ""useVirtualThreads"": ""FALSE""}"
tomcat,tpe,3302,plain,false,29,2456.29,25.02,2456.29,10.03848147392273,"[8, 50, 10, False]",0.0,10.038397789001465,0.0,"{""acceptCount"": ""683"", ""allowBackslash"": ""TRUE"", ""compression"": ""off"", ""compressionMinSize"": ""1436"", ""connectionTimeout"": ""107720"", ""connectionUploadTimeout"": ""232326"", ""disableUploadTimeout"": ""FALSE"", ""executorTerminationTimeoutMillis"": ""319976"", ""keepAliveTimeout"": ""85735"", ""maxConnections"": ""12288"", ""maxHeaderCount"": ""593"", ""maxHttpHeaderSize"": ""44285"", ""maxHttpRequestHeaderSize"": ""29928"", ""maxHttpResponseHeaderSize"": ""18725"", ""maxKeepAliveRequests"": ""3843"", ""maxParameterCount"": ""53566"", ""maxSwallowSize"": ""8920179"", ""maxThreads"": ""79"", ""minSpareThreads"": ""308"", ""processorCache"": ""334"", ""tcpNoDelay"": ""FALSE"", ""threadPriority"": ""3"", ""threadsMaxIdleTime"": ""245444"", ""throughput__2"": ""2456.29"", ""useAsyncIO"": ""TRUE"", ""useVirtualThreads"": ""FALSE""}"
tomcat,tpe,3302,plain,false,30,2392.05,26.95,2392.05,10.047487258911133,"[8, 50, 10, False]",0.0,10.047397375106812,0.0,"{""acceptCount"": ""258"", ""allowBackslash"": ""FALSE"", ""compression"": ""on"", ""compressionMinSize"": ""8912"", ""connectionTimeout"": ""331847"", ""connectionUploadTimeout"": ""414840"", ""disableUploadTimeout"": ""FALSE"", ""executorTerminationTimeoutMillis"": ""335979"", ""keepAliveTimeout"": ""394032"", ""maxConnections"": ""14428"", ""maxHeaderCount"": ""379"", ""maxHttpHeaderSize"": ""62466"", ""maxHttpRequestHeaderSize"": ""64181"", ""maxHttpResponseHeaderSize"": ""62635"", ""maxKeepAliveRequests"": ""2141"", ""maxParameterCount"": ""17375"", ""maxSwallowSize"": ""8116707"", ""maxThreads"": ""110"", ""minSpareThreads"": ""184"", ""processorCache"": ""266"", ""tcpNoDelay"": ""FALSE"", ""threadPriority"": ""1"", ""threadsMaxIdleTime"": ""119871"", ""throughput__2"": ""2392.05"", ""useAsyncIO"": ""TRUE"", ""useVirtualThreads"": ""FALSE""}"
tomcat,tpe,3302,plain,false,31,2463.02,23.98,2463.02,10.032534837722778,"[8, 50, 10, False]",0.0,10.032362699508667,0.0,"{""acceptCount"": ""511"", ""allowBackslash"": ""FALSE"", ""compression"": ""on"", ""compressionMinSize"": ""3894"", ""connectionTimeout"": ""246565"", ""connectionUploadTimeout"": ""406838"", ""disableUploadTimeout"": ""FALSE"", ""executorTerminationTimeoutMillis"": ""17508"", ""keepAliveTimeout"": ""263859"", ""maxConnections"": ""12936"", ""maxHeaderCount"": ""248"", ""maxHttpHeaderSize"": ""51240"", ""maxHttpRequestHeaderSize"": ""58624"", ""maxHttpResponseHeaderSize"": ""59121"", ""maxKeepAliveRequests"": ""1950"", ""maxParameterCount"": ""61708"", ""maxSwallowSize"": ""18845076"", ""maxThreads"": ""66"", ""minSpareThreads"": ""559"", ""processorCache"": ""382"", ""tcpNoDelay"": ""FALSE"", ""threadPriority"": ""4"", ""threadsMaxIdleTime"": ""133318"", ""throughput__2"": ""2463.02"", ""useAsyncIO"": ""TRUE"", ""useVirtualThreads"": ""FALSE""}"
tomcat,tpe,3302,plain,false,32,2543.41,25.79,2543.41,10.039344549179077,"[8, 50, 10, False]",0.0,10.039251327514648,0.0,"{""acceptCount"": ""366"", ""allowBackslash"": ""FALSE"", ""compression"": ""on"", ""compressionMinSize"": ""4724"", ""connectionTimeout"": ""555583"", ""connectionUploadTimeout"": ""120635"", ""disableUploadTimeout"": ""FALSE"", ""executorTerminationTimeoutMillis"": ""4233"", ""keepAliveTimeout"": ""14990"", ""maxConnections"": ""18219"", ""maxHeaderCount"": ""966"", ""maxHttpHeaderSize"": ""30282"", ""maxHttpRequestHeaderSize"": ""63484"", ""maxHttpResponseHeaderSize"": ""44003"", ""maxKeepAliveRequests"": ""2215"", ""maxParameterCount"": ""37202"", ""maxSwallowSize"": ""20703759"", ""maxThreads"": ""117"", ""minSpareThreads"": ""151"", ""processorCache"": ""118"", ""tcpNoDelay"": ""FALSE"", ""threadPriority"": ""3"", ""threadsMaxIdleTime"": ""97237"", ""throughput__2"": ""2543.41"", ""useAsyncIO"": ""TRUE"", ""useVirtualThreads"": ""FALSE""}"
tomcat,tpe,3302,plain,false,33,2475.43,23.07,2475.43,10.029118299484253,"[8, 50, 10, False]",0.0,10.029038190841675,0.0,"{""acceptCount"": ""295"", ""allowBackslash"": ""TRUE"", ""compression"": ""off"", ""compressionMinSize"": ""7359"", ""connectionTimeout"": ""3761"", ""connectionUploadTimeout"": ""258963"", ""disableUploadTimeout"": ""FALSE"", ""executorTerminationTimeoutMillis"": ""537450"", ""keepAliveTimeout"": ""153873"", ""maxConnections"": ""7695"", ""maxHeaderCount"": ""619"", ""maxHttpHeaderSize"": ""63843"", ""maxHttpRequestHeaderSize"": ""46053"", ""maxHttpResponseHeaderSize"": ""50969"", ""maxKeepAliveRequests"": ""3135"", ""maxParameterCount"": ""98911"", ""maxSwallowSize"": ""17535617"", ""maxThreads"": ""39"", ""minSpareThreads"": ""678"", ""processorCache"": ""269"", ""tcpNoDelay"": ""FALSE"", ""threadPriority"": ""4"", ""threadsMaxIdleTime"": ""517536"", ""throughput__2"": ""2475.43"", ""useAsyncIO"": ""TRUE"", ""useVirtualThreads"": ""FALSE""}"
tomcat,tpe,3302,plain,false,34,2471.35,21.33,2471.35,10.044513463973999,"[8, 50, 10, False]",0.0,10.04442310333252,0.0,"{""acceptCount"": ""901"", ""allowBackslash"": ""FALSE"", ""compression"": ""force"", ""compressionMinSize"": ""764"", ""connectionTimeout"": ""254346"", ""connectionUploadTimeout"": ""554157"", ""disableUploadTimeout"": ""FALSE"", ""executorTerminationTimeoutMillis"": ""18254"", ""keepAliveTimeout"": ""61020"", ""maxConnections"": ""4749"", ""maxHeaderCount"": ""950"", ""maxHttpHeaderSize"": ""28655"", ""maxHttpRequestHeaderSize"": ""63913"", ""maxHttpResponseHeaderSize"": ""60367"", ""maxKeepAliveRequests"": ""2070"", ""maxParameterCount"": ""67737"", ""maxSwallowSize"": ""5227503"", ""maxThreads"": ""21"", ""minSpareThreads"": ""675"", ""processorCache"": ""317"", ""tcpNoDelay"": ""FALSE"", ""threadPriority"": ""1"", ""threadsMaxIdleTime"": ""577728"", ""throughput__2"": ""2471.35"", ""useAsyncIO"": ""TRUE"", ""useVirtualThreads"": ""FALSE""}"
tomcat,tpe,3302,plain,false,35,2304.4,25.44,2304.4,10.04517388343811,"[8, 50, 10, False]",0.0,10.04508352279663,0.0,"{""acceptCount"": ""569"", ""allowBackslash"": ""TRUE"", ""compression"": ""off"", ""compressionMinSize"": ""8901"", ""connectionTimeout"": ""39173"", ""connectionUploadTimeout"": ""332156"", ""disableUploadTimeout"": ""FALSE"", ""executorTerminationTimeoutMillis"": ""429645"", ""keepAliveTimeout"": ""471927"", ""maxConnections"": ""6610"", ""maxHeaderCount"": ""875"", ""maxHttpHeaderSize"": ""38635"", ""maxHttpRequestHeaderSize"": ""42591"", ""maxHttpResponseHeaderSize"": ""55505"", ""maxKeepAliveRequests"": ""196"", ""maxParameterCount"": ""46357"", ""maxSwallowSize"": ""7662916"", ""maxThreads"": ""53"", ""minSpareThreads"": ""487"", ""processorCache"": ""331"", ""tcpNoDelay"": ""FALSE"", ""threadPriority"": ""5"", ""threadsMaxIdleTime"": ""382935"", ""throughput__2"": ""2304.4"", ""useAsyncIO"": ""TRUE"", ""useVirtualThreads"": ""FALSE""}"
tomcat,tpe,3302,plain,false,36,2326.25,24.89,2326.25,10.03910779953003,"[8, 50, 10, False]",0.0,10.038943767547607,0.0,"{""acceptCount"": ""507"", ""allowBackslash"": ""TRUE"", ""compression"": ""force"", ""compressionMinSize"": ""4495"", ""connectionTimeout"": ""102861"", ""connectionUploadTimeout"": ""48405"", ""disableUploadTimeout"": ""FALSE"", ""executorTerminationTimeoutMillis"": ""508125"", ""keepAliveTimeout"": ""32934"", ""maxConnections"": ""9088"", ""maxHeaderCount"": ""441"", ""maxHttpHeaderSize"": ""51867"", ""maxHttpRequestHeaderSize"": ""28160"", ""maxHttpResponseHeaderSize"": ""30515"", ""maxKeepAliveRequests"": ""4185"", ""maxParameterCount"": ""24108"", ""maxSwallowSize"": ""12250862"", ""maxThreads"": ""123"", ""minSpareThreads"": ""847"", ""processorCache"": ""136"", ""tcpNoDelay"": ""FALSE"", ""threadPriority"": ""2"", ""threadsMaxIdleTime"": ""263483"", ""throughput__2"": ""2326.25"", ""useAsyncIO"": ""TRUE"", ""useVirtualThreads"": ""FALSE""}"
tomcat,tpe,3302,plain,false,37,2460.39,22.87,2460.39,10.027833700180054,"[8, 50, 10, False]",0.0,10.027745723724365,0.0,"{""acceptCount"": ""691"", ""allowBackslash"": ""FALSE"", ""compression"": ""force"", ""compressionMinSize"": ""8351"", ""connectionTimeout"": ""205489"", ""connectionUploadTimeout"": ""85698"", ""disableUploadTimeout"": ""FALSE"", ""executorTerminationTimeoutMillis"": ""484280"", ""keepAliveTimeout"": ""63"", ""maxConnections"": ""2942"", ""maxHeaderCount"": ""14"", ""maxHttpHeaderSize"": ""29058"", ""maxHttpRequestHeaderSize"": ""13905"", ""maxHttpResponseHeaderSize"": ""5531"", ""maxKeepAliveRequests"": ""3201"", ""maxParameterCount"": ""47082"", ""maxSwallowSize"": ""19625076"", ""maxThreads"": ""78"", ""minSpareThreads"": ""498"", ""processorCache"": ""51"", ""tcpNoDelay"": ""FALSE"", ""threadPriority"": ""8"", ""threadsMaxIdleTime"": ""132492"", ""throughput__2"": ""2460.39"", ""useAsyncIO"": ""FALSE"", ""useVirtualThreads"": ""FALSE""}"
tomcat,tpe,3302,plain,false,38,2342.8,24.82,2342.8,10.026709794998169,"[8, 50, 10, False]",0.0,10.026628732681274,0.0,"{""acceptCount"": ""650"", ""allowBackslash"": ""FALSE"", ""compression"": ""on"", ""compressionMinSize"": ""9379"", ""connectionTimeout"": ""557559"", ""connectionUploadTimeout"": ""15427"", ""disableUploadTimeout"": ""FALSE"", ""executorTerminationTimeoutMillis"": ""494718"", ""keepAliveTimeout"": ""429021"", ""maxConnections"": ""5465"", ""maxHeaderCount"": ""989"", ""maxHttpHeaderSize"": ""36888"", ""maxHttpRequestHeaderSize"": ""697"", ""maxHttpResponseHeaderSize"": ""14737"", ""maxKeepAliveRequests"": ""2120"", ""maxParameterCount"": ""71797"", ""maxSwallowSize"": ""19683025"", ""maxThreads"": ""84"", ""minSpareThreads"": ""445"", ""processorCache"": ""233"", ""tcpNoDelay"": ""TRUE"", ""threadPriority"": ""2"", ""threadsMaxIdleTime"": ""316212"", ""throughput__2"": ""2342.8"", ""useAsyncIO"": ""TRUE"", ""useVirtualThreads"": ""FALSE""}"
tomcat,tpe,3302,plain,false,39,2419.29,26.91,2419.29,10.052631855010986,"[8, 50, 10, False]",0.0,10.052542209625244,0.0,"{""acceptCount"": ""741"", ""allowBackslash"": ""FALSE"", ""compression"": ""force"", ""compressionMinSize"": ""2457"", ""connectionTimeout"": ""326549"", ""connectionUploadTimeout"": ""43019"", ""disableUploadTimeout"": ""FALSE"", ""executorTerminationTimeoutMillis"": ""378563"", ""keepAliveTimeout"": ""8834"", ""maxConnections"": ""2807"", ""maxHeaderCount"": ""356"", ""maxHttpHeaderSize"": ""48101"", ""maxHttpRequestHeaderSize"": ""43867"", ""maxHttpResponseHeaderSize"": ""52933"", ""maxKeepAliveRequests"": ""1963"", ""maxParameterCount"": ""19059"", ""maxSwallowSize"": ""18249617"", ""maxThreads"": ""194"", ""minSpareThreads"": ""838"", ""processorCache"": ""33"", ""tcpNoDelay"": ""FALSE"", ""threadPriority"": ""9"", ""threadsMaxIdleTime"": ""406563"", ""throughput__2"": ""2419.29"", ""useAsyncIO"": ""FALSE"", ""useVirtualThreads"": ""FALSE""}"
tomcat,tpe,3302,plain,false,40,2174.67,26.04,2174.67,10.034395694732666,"[8, 50, 10, False]",0.0,10.034308910369873,0.0,"{""acceptCount"": ""26"", ""allowBackslash"": ""FALSE"", ""compression"": ""on"", ""compressionMinSize"": ""4742"", ""connectionTimeout"": ""114695"", ""connectionUploadTimeout"": ""352546"", ""disableUploadTimeout"": ""FALSE"", ""executorTerminationTimeoutMillis"": ""423308"", ""keepAliveTimeout"": ""139548"", ""maxConnections"": ""12709"", ""maxHeaderCount"": ""878"", ""maxHttpHeaderSize"": ""25136"", ""maxHttpRequestHeaderSize"": ""57835"", ""maxHttpResponseHeaderSize"": ""28453"", ""maxKeepAliveRequests"": ""4897"", ""maxParameterCount"": ""94790"", ""maxSwallowSize"": ""13902535"", ""maxThreads"": ""228"", ""minSpareThreads"": ""272"", ""processorCache"": ""329"", ""tcpNoDelay"": ""FALSE"", ""threadPriority"": ""2"", ""threadsMaxIdleTime"": ""552849"", ""throughput__2"": ""2174.67"", ""useAsyncIO"": ""TRUE"", ""useVirtualThreads"": ""FALSE""}"
tomcat,tpe,3302,plain,false,41,2339.3,25.28,2339.3,10.023755073547363,"[8, 50, 10, False]",0.0,10.023667812347412,0.0,"{""acceptCount"": ""71"", ""allowBackslash"": ""FALSE"", ""compression"": ""on"", ""compressionMinSize"": ""2888"", ""connectionTimeout"": ""304318"", ""connectionUploadTimeout"": ""54036"", ""disableUploadTimeout"": ""TRUE"", ""executorTerminationTimeoutMillis"": ""384138"", ""keepAliveTimeout"": ""371564"", ""maxConnections"": ""6848"", ""maxHeaderCount"": ""267"", ""maxHttpHeaderSize"": ""10964"", ""maxHttpRequestHeaderSize"": ""45166"", ""maxHttpResponseHeaderSize"": ""54863"", ""maxKeepAliveRequests"": ""688"", ""maxParameterCount"": ""67213"", ""maxSwallowSize"": ""20441316"", ""maxThreads"": ""137"", ""minSpareThreads"": ""247"", ""processorCache"": ""356"", ""tcpNoDelay"": ""FALSE"", ""threadPriority"": ""9"", ""threadsMaxIdleTime"": ""18471"", ""throughput__2"": ""2339.3"", ""useAsyncIO"": ""TRUE"", ""useVirtualThreads"": ""FALSE""}"
tomcat,tpe,3302,plain,false,42,2555.22,25.13,2555.22,10.029888391494751,"[8, 50, 10, False]",0.0,10.029808044433594,0.0,"{""acceptCount"": ""627"", ""allowBackslash"": ""TRUE"", ""compression"": ""force"", ""compressionMinSize"": ""2050"", ""connectionTimeout"": ""491602"", ""connectionUploadTimeout"": ""499975"", ""disableUploadTimeout"": ""TRUE"", ""executorTerminationTimeoutMillis"": ""81733"", ""keepAliveTimeout"": ""260530"", ""maxConnections"": ""4739"", ""maxHeaderCount"": ""210"", ""maxHttpHeaderSize"": ""12264"", ""maxHttpRequestHeaderSize"": ""26548"", ""maxHttpResponseHeaderSize"": ""6082"", ""maxKeepAliveRequests"": ""2554"", ""maxParameterCount"": ""21078"", ""maxSwallowSize"": ""19264121"", ""maxThreads"": ""58"", ""minSpareThreads"": ""735"", ""processorCache"": ""109"", ""tcpNoDelay"": ""FALSE"", ""threadPriority"": ""8"", ""threadsMaxIdleTime"": ""27767"", ""throughput__2"": ""2555.22"", ""useAsyncIO"": ""TRUE"", ""useVirtualThreads"": ""FALSE""}"
tomcat,tpe,3302,plain,false,43,2491.68,20.13,2491.68,10.054734945297241,"[8, 50, 10, False]",0.0,10.054651260375977,0.0,"{""acceptCount"": ""773"", ""allowBackslash"": ""TRUE"", ""compression"": ""off"", ""compressionMinSize"": ""1236"", ""connectionTimeout"": ""248195"", ""connectionUploadTimeout"": ""75823"", ""disableUploadTimeout"": ""FALSE"", ""executorTerminationTimeoutMillis"": ""113400"", ""keepAliveTimeout"": ""188081"", ""maxConnections"": ""9881"", ""maxHeaderCount"": ""249"", ""maxHttpHeaderSize"": ""12687"", ""maxHttpRequestHeaderSize"": ""45776"", ""maxHttpResponseHeaderSize"": ""64227"", ""maxKeepAliveRequests"": ""3423"", ""maxParameterCount"": ""5417"", ""maxSwallowSize"": ""10011219"", ""maxThreads"": ""349"", ""minSpareThreads"": ""59"", ""processorCache"": ""376"", ""tcpNoDelay"": ""FALSE"", ""threadPriority"": ""1"", ""threadsMaxIdleTime"": ""145142"", ""throughput__2"": ""2491.68"", ""useAsyncIO"": ""TRUE"", ""useVirtualThreads"": ""TRUE""}"
tomcat,tpe,3302,plain,false,44,2338.93,42.75,2338.93,10.06413221359253,"[8, 50, 10, False]",0.0,10.064032793045044,0.0,"{""acceptCount"": ""12"", ""allowBackslash"": ""TRUE"", ""compression"": ""on"", ""compressionMinSize"": ""9419"", ""connectionTimeout"": ""562499"", ""connectionUploadTimeout"": ""414455"", ""disableUploadTimeout"": ""FALSE"", ""executorTerminationTimeoutMillis"": ""522825"", ""keepAliveTimeout"": ""149958"", ""maxConnections"": ""9209"", ""maxHeaderCount"": ""6"", ""maxHttpHeaderSize"": ""42384"", ""maxHttpRequestHeaderSize"": ""7127"", ""maxHttpResponseHeaderSize"": ""16085"", ""maxKeepAliveRequests"": ""1991"", ""maxParameterCount"": ""50795"", ""maxSwallowSize"": ""20419331"", ""maxThreads"": ""72"", ""minSpareThreads"": ""653"", ""processorCache"": ""80"", ""tcpNoDelay"": ""TRUE"", ""threadPriority"": ""6"", ""threadsMaxIdleTime"": ""270493"", ""throughput__2"": ""2338.93"", ""useAsyncIO"": ""FALSE"", ""useVirtualThreads"": ""FALSE""}"
tomcat,tpe,3302,plain,false,45,2290.75,25.84,2290.75,10.030752897262573,"[8, 50, 10, False]",0.0,10.030624151229858,0.0,"{""acceptCount"": ""743"", ""allowBackslash"": ""FALSE"", ""compression"": ""force"", ""compressionMinSize"": ""2463"", ""connectionTimeout"": ""189343"", ""connectionUploadTimeout"": ""585815"", ""disableUploadTimeout"": ""FALSE"", ""executorTerminationTimeoutMillis"": ""132644"", ""keepAliveTimeout"": ""246377"", ""maxConnections"": ""10137"", ""maxHeaderCount"": ""846"", ""maxHttpHeaderSize"": ""40548"", ""maxHttpRequestHeaderSize"": ""36074"", ""maxHttpResponseHeaderSize"": ""62257"", ""maxKeepAliveRequests"": ""4736"", ""maxParameterCount"": ""32493"", ""maxSwallowSize"": ""11752683"", ""maxThreads"": ""298"", ""minSpareThreads"": ""883"", ""processorCache"": ""152"", ""tcpNoDelay"": ""FALSE"", ""threadPriority"": ""7"", ""threadsMaxIdleTime"": ""79078"", ""throughput__2"": ""2290.75"", ""useAsyncIO"": ""TRUE"", ""useVirtualThreads"": ""FALSE""}"
tomcat,tpe,3302,plain,false,46,2417.59,20.68,2417.59,10.024951457977295,"[8, 50, 10, False]",0.0,10.024868249893188,0.0,"{""acceptCount"": ""113"", ""allowBackslash"": ""TRUE"", ""compression"": ""off"", ""compressionMinSize"": ""925"", ""connectionTimeout"": ""419407"", ""connectionUploadTimeout"": ""392874"", ""disableUploadTimeout"": ""FALSE"", ""executorTerminationTimeoutMillis"": ""410815"", ""keepAliveTimeout"": ""155988"", ""maxConnections"": ""1057"", ""maxHeaderCount"": ""246"", ""maxHttpHeaderSize"": ""50569"", ""maxHttpRequestHeaderSize"": ""51384"", ""maxHttpResponseHeaderSize"": ""37880"", ""maxKeepAliveRequests"": ""1089"", ""maxParameterCount"": ""11827"", ""maxSwallowSize"": ""10980573"", ""maxThreads"": ""382"", ""minSpareThreads"": ""346"", ""processorCache"": ""387"", ""tcpNoDelay"": ""FALSE"", ""threadPriority"": ""3"", ""threadsMaxIdleTime"": ""551390"", ""throughput__2"": ""2417.59"", ""useAsyncIO"": ""TRUE"", ""useVirtualThreads"": ""TRUE""}"
tomcat,tpe,3302,plain,false,47,2521.2,21.68,2521.2,10.049026489257812,"[8, 50, 10, False]",0.0,10.048752069473267,0.0,"{""acceptCount"": ""614"", ""allowBackslash"": ""TRUE"", ""compression"": ""off"", ""compressionMinSize"": ""837"", ""connectionTimeout"": ""424646"", ""connectionUploadTimeout"": ""202928"", ""disableUploadTimeout"": ""TRUE"", ""executorTerminationTimeoutMillis"": ""138990"", ""keepAliveTimeout"": ""255615"", ""maxConnections"": ""6898"", ""maxHeaderCount"": ""140"", ""maxHttpHeaderSize"": ""32187"", ""maxHttpRequestHeaderSize"": ""53705"", ""maxHttpResponseHeaderSize"": ""4419"", ""maxKeepAliveRequests"": ""899"", ""maxParameterCount"": ""13629"", ""maxSwallowSize"": ""8704399"", ""maxThreads"": ""89"", ""minSpareThreads"": ""810"", ""processorCache"": ""211"", ""tcpNoDelay"": ""TRUE"", ""threadPriority"": ""10"", ""threadsMaxIdleTime"": ""197778"", ""throughput__2"": ""2521.2"", ""useAsyncIO"": ""TRUE"", ""useVirtualThreads"": ""FALSE""}"
tomcat,tpe,3302,plain,false,48,2377.28,27.53,2377.28,10.038803339004517,"[8, 50, 10, False]",0.0,10.038714408874512,0.0,"{""acceptCount"": ""444"", ""allowBackslash"": ""TRUE"", ""compression"": ""force"", ""compressionMinSize"": ""805"", ""connectionTimeout"": ""312934"", ""connectionUploadTimeout"": ""568535"", ""disableUploadTimeout"": ""TRUE"", ""executorTerminationTimeoutMillis"": ""92047"", ""keepAliveTimeout"": ""295262"", ""maxConnections"": ""18459"", ""maxHeaderCount"": ""317"", ""maxHttpHeaderSize"": ""24056"", ""maxHttpRequestHeaderSize"": ""16640"", ""maxHttpResponseHeaderSize"": ""27153"", ""maxKeepAliveRequests"": ""2908"", ""maxParameterCount"": ""40366"", ""maxSwallowSize"": ""19061628"", ""maxThreads"": ""46"", ""minSpareThreads"": ""908"", ""processorCache"": ""52"", ""tcpNoDelay"": ""FALSE"", ""threadPriority"": ""2"", ""threadsMaxIdleTime"": ""148033"", ""throughput__2"": ""2377.28"", ""useAsyncIO"": ""FALSE"", ""useVirtualThreads"": ""FALSE""}"
tomcat,tpe,3302,plain,false,49,2214.26,24.7,2214.26,10.035419702529907,"[8, 50, 10, False]",0.0,10.035210132598877,0.0,"{""acceptCount"": ""67"", ""allowBackslash"": ""TRUE"", ""compression"": ""off"", ""compressionMinSize"": ""3297"", ""connectionTimeout"": ""526744"", ""connectionUploadTimeout"": ""436645"", ""disableUploadTimeout"": ""TRUE"", ""executorTerminationTimeoutMillis"": ""501545"", ""keepAliveTimeout"": ""477789"", ""maxConnections"": ""16108"", ""maxHeaderCount"": ""646"", ""maxHttpHeaderSize"": ""37754"", ""maxHttpRequestHeaderSize"": ""27223"", ""maxHttpResponseHeaderSize"": ""2203"", ""maxKeepAliveRequests"": ""3021"", ""maxParameterCount"": ""13354"", ""maxSwallowSize"": ""6241648"", ""maxThreads"": ""223"", ""minSpareThreads"": ""584"", ""processorCache"": ""364"", ""tcpNoDelay"": ""TRUE"", ""threadPriority"": ""10"", ""threadsMaxIdleTime"": ""570274"", ""throughput__2"": ""2214.26"", ""useAsyncIO"": ""TRUE"", ""useVirtualThreads"": ""FALSE""}"
tomcat,tpe,3302,plain,false,50,2438.47,22.89,2438.47,10.023825407028198,"[8, 50, 10, False]",0.0,10.023738861083984,0.0,"{""acceptCount"": ""941"", ""allowBackslash"": ""FALSE"", ""compression"": ""force"", ""compressionMinSize"": ""3584"", ""connectionTimeout"": ""468036"", ""connectionUploadTimeout"": ""103609"", ""disableUploadTimeout"": ""FALSE"", ""executorTerminationTimeoutMillis"": ""6005"", ""keepAliveTimeout"": ""407275"", ""maxConnections"": ""19857"", ""maxHeaderCount"": ""41"", ""maxHttpHeaderSize"": ""63013"", ""maxHttpRequestHeaderSize"": ""29796"", ""maxHttpResponseHeaderSize"": ""22444"", ""maxKeepAliveRequests"": ""479"", ""maxParameterCount"": ""34001"", ""maxSwallowSize"": ""13776594"", ""maxThreads"": ""27"", ""minSpareThreads"": ""757"", ""processorCache"": ""223"", ""tcpNoDelay"": ""FALSE"", ""threadPriority"": ""8"", ""threadsMaxIdleTime"": ""1218"", ""throughput__2"": ""2438.47"", ""useAsyncIO"": ""TRUE"", ""useVirtualThreads"": ""FALSE""}"
tomcat,tpe,3302,plain,false,51,2046.6,39.84,2046.6,10.02657151222229,"[8, 50, 10, False]",0.0,10.026470422744751,0.0,"{""acceptCount"": ""649"", ""allowBackslash"": ""TRUE"", ""compression"": ""off"", ""compressionMinSize"": ""8131"", ""connectionTimeout"": ""514375"", ""connectionUploadTimeout"": ""154515"", ""disableUploadTimeout"": ""TRUE"", ""executorTerminationTimeoutMillis"": ""165197"", ""keepAliveTimeout"": ""512589"", ""maxConnections"": ""5215"", ""maxHeaderCount"": ""932"", ""maxHttpHeaderSize"": ""27967"", ""maxHttpRequestHeaderSize"": ""60328"", ""maxHttpResponseHeaderSize"": ""25575"", ""maxKeepAliveRequests"": ""1689"", ""maxParameterCount"": ""57884"", ""maxSwallowSize"": ""18456662"", ""maxThreads"": ""171"", ""minSpareThreads"": ""304"", ""processorCache"": ""0"", ""tcpNoDelay"": ""TRUE"", ""threadPriority"": ""5"", ""threadsMaxIdleTime"": ""346903"", ""throughput__2"": ""2046.6"", ""useAsyncIO"": ""TRUE"", ""useVirtualThreads"": ""FALSE""}"
tomcat,tpe,3302,plain,false,52,2319.82,21.63,2319.82,10.026219129562378,"[8, 50, 10, False]",0.0,10.026125431060791,0.0,"{""acceptCount"": ""228"", ""allowBackslash"": ""TRUE"", ""compression"": ""off"", ""compressionMinSize"": ""234"", ""connectionTimeout"": ""397356"", ""connectionUploadTimeout"": ""547391"", ""disableUploadTimeout"": ""TRUE"", ""executorTerminationTimeoutMillis"": ""472585"", ""keepAliveTimeout"": ""136734"", ""maxConnections"": ""224"", ""maxHeaderCount"": ""30"", ""maxHttpHeaderSize"": ""43592"", ""maxHttpRequestHeaderSize"": ""49258"", ""maxHttpResponseHeaderSize"": ""3843"", ""maxKeepAliveRequests"": ""1708"", ""maxParameterCount"": ""30897"", ""maxSwallowSize"": ""15840976"", ""maxThreads"": ""47"", ""minSpareThreads"": ""814"", ""processorCache"": ""111"", ""tcpNoDelay"": ""TRUE"", ""threadPriority"": ""6"", ""threadsMaxIdleTime"": ""553418"", ""throughput__2"": ""2319.82"", ""useAsyncIO"": ""TRUE"", ""useVirtualThreads"": ""TRUE""}"
tomcat,tpe,3302,plain,false,53,2236.96,22.24,2236.96,10.03272032737732,"[8, 50, 10, False]",0.0,10.032626867294312,0.0,"{""acceptCount"": ""354"", ""allowBackslash"": ""TRUE"", ""compression"": ""off"", ""compressionMinSize"": ""964"", ""connectionTimeout"": ""248885"", ""connectionUploadTimeout"": ""461084"", ""disableUploadTimeout"": ""TRUE"", ""executorTerminationTimeoutMillis"": ""142456"", ""keepAliveTimeout"": ""476867"", ""maxConnections"": ""16406"", ""maxHeaderCount"": ""319"", ""maxHttpHeaderSize"": ""23396"", ""maxHttpRequestHeaderSize"": ""52355"", ""maxHttpResponseHeaderSize"": ""43882"", ""maxKeepAliveRequests"": ""4655"", ""maxParameterCount"": ""365"", ""maxSwallowSize"": ""2039786"", ""maxThreads"": ""229"", ""minSpareThreads"": ""29"", ""processorCache"": ""193"", ""tcpNoDelay"": ""TRUE"", ""threadPriority"": ""2"", ""threadsMaxIdleTime"": ""31431"", ""throughput__2"": ""2236.96"", ""useAsyncIO"": ""TRUE"", ""useVirtualThreads"": ""TRUE""}"
tomcat,tpe,3302,plain,false,54,2197.52,26.44,2197.52,10.033092975616455,"[8, 50, 10, False]",0.0,10.032932996749878,0.0,"{""acceptCount"": ""940"", ""allowBackslash"": ""FALSE"", ""compression"": ""on"", ""compressionMinSize"": ""7907"", ""connectionTimeout"": ""449616"", ""connectionUploadTimeout"": ""264494"", ""disableUploadTimeout"": ""FALSE"", ""executorTerminationTimeoutMillis"": ""457151"", ""keepAliveTimeout"": ""253430"", ""maxConnections"": ""4902"", ""maxHeaderCount"": ""175"", ""maxHttpHeaderSize"": ""36980"", ""maxHttpRequestHeaderSize"": ""6912"", ""maxHttpResponseHeaderSize"": ""18404"", ""maxKeepAliveRequests"": ""2365"", ""maxParameterCount"": ""58668"", ""maxSwallowSize"": ""12463286"", ""maxThreads"": ""186"", ""minSpareThreads"": ""13"", ""processorCache"": ""363"", ""tcpNoDelay"": ""FALSE"", ""threadPriority"": ""1"", ""threadsMaxIdleTime"": ""214422"", ""throughput__2"": ""2197.52"", ""useAsyncIO"": ""TRUE"", ""useVirtualThreads"": ""FALSE""}"
tomcat,tpe,3302,plain,false,55,2407.17,26.33,2407.17,10.02800726890564,"[8, 50, 10, False]",0.0,10.027902841567993,0.0,"{""acceptCount"": ""312"", ""allowBackslash"": ""TRUE"", ""compression"": ""force"", ""compressionMinSize"": ""5837"", ""connectionTimeout"": ""347208"", ""connectionUploadTimeout"": ""494374"", ""disableUploadTimeout"": ""TRUE"", ""executorTerminationTimeoutMillis"": ""36167"", ""keepAliveTimeout"": ""322757"", ""maxConnections"": ""5612"", ""maxHeaderCount"": ""50"", ""maxHttpHeaderSize"": ""21457"", ""maxHttpRequestHeaderSize"": ""25899"", ""maxHttpResponseHeaderSize"": ""36024"", ""maxKeepAliveRequests"": ""4609"", ""maxParameterCount"": ""98876"", ""maxSwallowSize"": ""5656538"", ""maxThreads"": ""157"", ""minSpareThreads"": ""834"", ""processorCache"": ""59"", ""tcpNoDelay"": ""TRUE"", ""threadPriority"": ""4"", ""threadsMaxIdleTime"": ""10314"", ""throughput__2"": ""2407.17"", ""useAsyncIO"": ""TRUE"", ""useVirtualThreads"": ""FALSE""}"
tomcat,tpe,3302,plain,false,56,2578.26,20.05,2578.26,10.022816181182861,"[8, 50, 10, False]",0.0,10.022729873657227,0.0,"{""acceptCount"": ""681"", ""allowBackslash"": ""TRUE"", ""compression"": ""force"", ""compressionMinSize"": ""4760"", ""connectionTimeout"": ""550455"", ""connectionUploadTimeout"": ""513720"", ""disableUploadTimeout"": ""FALSE"", ""executorTerminationTimeoutMillis"": ""14946"", ""keepAliveTimeout"": ""128166"", ""maxConnections"": ""6358"", ""maxHeaderCount"": ""752"", ""maxHttpHeaderSize"": ""64138"", ""maxHttpRequestHeaderSize"": ""3114"", ""maxHttpResponseHeaderSize"": ""51569"", ""maxKeepAliveRequests"": ""4076"", ""maxParameterCount"": ""23990"", ""maxSwallowSize"": ""1657474"", ""maxThreads"": ""19"", ""minSpareThreads"": ""35"", ""processorCache"": ""325"", ""tcpNoDelay"": ""FALSE"", ""threadPriority"": ""1"", ""threadsMaxIdleTime"": ""59591"", ""throughput__2"": ""2578.26"", ""useAsyncIO"": ""TRUE"", ""useVirtualThreads"": ""FALSE""}"
tomcat,tpe,3302,plain,false,57,2385.37,24.69,2385.37,10.023081541061401,"[8, 50, 10, False]",0.0,10.022994995117188,0.0,"{""acceptCount"": ""670"", ""allowBackslash"": ""TRUE"", ""compression"": ""force"", ""compressionMinSize"": ""3020"", ""connectionTimeout"": ""467895"", ""connectionUploadTimeout"": ""444920"", ""disableUploadTimeout"": ""TRUE"", ""executorTerminationTimeoutMillis"": ""38505"", ""keepAliveTimeout"": ""288021"", ""maxConnections"": ""1389"", ""maxHeaderCount"": ""418"", ""maxHttpHeaderSize"": ""11106"", ""maxHttpRequestHeaderSize"": ""60320"", ""maxHttpResponseHeaderSize"": ""21890"", ""maxKeepAliveRequests"": ""313"", ""maxParameterCount"": ""45401"", ""maxSwallowSize"": ""17342715"", ""maxThreads"": ""252"", ""minSpareThreads"": ""997"", ""processorCache"": ""356"", ""tcpNoDelay"": ""TRUE"", ""threadPriority"": ""7"", ""threadsMaxIdleTime"": ""531740"", ""throughput__2"": ""2385.37"", ""useAsyncIO"": ""TRUE"", ""useVirtualThreads"": ""FALSE""}"
tomcat,tpe,3302,plain,false,58,2481.68,25.21,2481.68,10.040866613388062,"[8, 50, 10, False]",0.0,10.040772914886475,0.0,"{""acceptCount"": ""932"", ""allowBackslash"": ""TRUE"", ""compression"": ""on"", ""compressionMinSize"": ""7535"", ""connectionTimeout"": ""585234"", ""connectionUploadTimeout"": ""391775"", ""disableUploadTimeout"": ""TRUE"", ""executorTerminationTimeoutMillis"": ""221426"", ""keepAliveTimeout"": ""274794"", ""maxConnections"": ""6343"", ""maxHeaderCount"": ""152"", ""maxHttpHeaderSize"": ""6069"", ""maxHttpRequestHeaderSize"": ""54572"", ""maxHttpResponseHeaderSize"": ""21961"", ""maxKeepAliveRequests"": ""1299"", ""maxParameterCount"": ""77323"", ""maxSwallowSize"": ""10533459"", ""maxThreads"": ""63"", ""minSpareThreads"": ""357"", ""processorCache"": ""70"", ""tcpNoDelay"": ""FALSE"", ""threadPriority"": ""4"", ""threadsMaxIdleTime"": ""111103"", ""throughput__2"": ""2481.68"", ""useAsyncIO"": ""TRUE"", ""useVirtualThreads"": ""FALSE""}"
tomcat,tpe,3302,plain,false,59,2194.58,22.74,2194.58,10.038203954696655,"[8, 50, 10, False]",0.0,10.038085699081421,0.0,"{""acceptCount"": ""997"", ""allowBackslash"": ""TRUE"", ""compression"": ""off"", ""compressionMinSize"": ""4003"", ""connectionTimeout"": ""190902"", ""connectionUploadTimeout"": ""61657"", ""disableUploadTimeout"": ""FALSE"", ""executorTerminationTimeoutMillis"": ""179643"", ""keepAliveTimeout"": ""447505"", ""maxConnections"": ""13727"", ""maxHeaderCount"": ""54"", ""maxHttpHeaderSize"": ""25284"", ""maxHttpRequestHeaderSize"": ""23162"", ""maxHttpResponseHeaderSize"": ""57808"", ""maxKeepAliveRequests"": ""3557"", ""maxParameterCount"": ""26499"", ""maxSwallowSize"": ""1771465"", ""maxThreads"": ""80"", ""minSpareThreads"": ""555"", ""processorCache"": ""259"", ""tcpNoDelay"": ""FALSE"", ""threadPriority"": ""2"", ""threadsMaxIdleTime"": ""274328"", ""throughput__2"": ""2194.58"", ""useAsyncIO"": ""TRUE"", ""useVirtualThreads"": ""TRUE""}"
tomcat,tpe,3302,plain,false,60,2314.32,24.74,2314.32,10.03277039527893,"[8, 50, 10, False]",0.0,10.032661437988281,0.0,"{""acceptCount"": ""800"", ""allowBackslash"": ""TRUE"", ""compression"": ""force"", ""compressionMinSize"": ""10184"", ""connectionTimeout"": ""173602"", ""connectionUploadTimeout"": ""512979"", ""disableUploadTimeout"": ""TRUE"", ""executorTerminationTimeoutMillis"": ""77884"", ""keepAliveTimeout"": ""385708"", ""maxConnections"": ""5774"", ""maxHeaderCount"": ""345"", ""maxHttpHeaderSize"": ""49429"", ""maxHttpRequestHeaderSize"": ""32252"", ""maxHttpResponseHeaderSize"": ""31153"", ""maxKeepAliveRequests"": ""3973"", ""maxParameterCount"": ""41026"", ""maxSwallowSize"": ""17542218"", ""maxThreads"": ""219"", ""minSpareThreads"": ""727"", ""processorCache"": ""195"", ""tcpNoDelay"": ""FALSE"", ""threadPriority"": ""7"", ""threadsMaxIdleTime"": ""252144"", ""throughput__2"": ""2314.32"", ""useAsyncIO"": ""TRUE"", ""useVirtualThreads"": ""FALSE""}"
tomcat,tpe,3302,plain,false,61,2411.59,20.9,2411.59,10.0257408618927,"[8, 50, 10, False]",0.0,10.025640726089478,0.0,"{""acceptCount"": ""922"", ""allowBackslash"": ""FALSE"", ""compression"": ""off"", ""compressionMinSize"": ""2178"", ""connectionTimeout"": ""311725"", ""connectionUploadTimeout"": ""46499"", ""disableUploadTimeout"": ""FALSE"", ""executorTerminationTimeoutMillis"": ""64345"", ""keepAliveTimeout"": ""80088"", ""maxConnections"": ""14196"", ""maxHeaderCount"": ""840"", ""maxHttpHeaderSize"": ""1507"", ""maxHttpRequestHeaderSize"": ""37630"", ""maxHttpResponseHeaderSize"": ""65486"", ""maxKeepAliveRequests"": ""3683"", ""maxParameterCount"": ""9198"", ""maxSwallowSize"": ""2970741"", ""maxThreads"": ""289"", ""minSpareThreads"": ""351"", ""processorCache"": ""230"", ""tcpNoDelay"": ""FALSE"", ""threadPriority"": ""3"", ""threadsMaxIdleTime"": ""17466"", ""throughput__2"": ""2411.59"", ""useAsyncIO"": ""TRUE"", ""useVirtualThreads"": ""TRUE""}"
tomcat,tpe,3302,plain,false,62,2537.1,23.86,2537.1,10.037496566772461,"[8, 50, 10, False]",0.0,10.037405252456665,0.0,"{""acceptCount"": ""442"", ""allowBackslash"": ""TRUE"", ""compression"": ""off"", ""compressionMinSize"": ""3405"", ""connectionTimeout"": ""263066"", ""connectionUploadTimeout"": ""61016"", ""disableUploadTimeout"": ""TRUE"", ""executorTerminationTimeoutMillis"": ""277371"", ""keepAliveTimeout"": ""126716"", ""maxConnections"": ""15379"", ""maxHeaderCount"": ""84"", ""maxHttpHeaderSize"": ""25312"", ""maxHttpRequestHeaderSize"": ""37378"", ""maxHttpResponseHeaderSize"": ""35138"", ""maxKeepAliveRequests"": ""1029"", ""maxParameterCount"": ""96846"", ""maxSwallowSize"": ""4378687"", ""maxThreads"": ""42"", ""minSpareThreads"": ""418"", ""processorCache"": ""376"", ""tcpNoDelay"": ""TRUE"", ""threadPriority"": ""7"", ""threadsMaxIdleTime"": ""288754"", ""throughput__2"": ""2537.1"", ""useAsyncIO"": ""TRUE"", ""useVirtualThreads"": ""FALSE""}"
tomcat,tpe,3302,plain,false,63,2389.19,23.65,2389.19,10.033231973648071,"[8, 50, 10, False]",0.0,10.032906293869019,0.0,"{""acceptCount"": ""480"", ""allowBackslash"": ""TRUE"", ""compression"": ""force"", ""compressionMinSize"": ""2105"", ""connectionTimeout"": ""74311"", ""connectionUploadTimeout"": ""96015"", ""disableUploadTimeout"": ""TRUE"", ""executorTerminationTimeoutMillis"": ""12277"", ""keepAliveTimeout"": ""86930"", ""maxConnections"": ""17615"", ""maxHeaderCount"": ""136"", ""maxHttpHeaderSize"": ""63616"", ""maxHttpRequestHeaderSize"": ""12050"", ""maxHttpResponseHeaderSize"": ""55229"", ""maxKeepAliveRequests"": ""1248"", ""maxParameterCount"": ""95460"", ""maxSwallowSize"": ""12543792"", ""maxThreads"": ""28"", ""minSpareThreads"": ""658"", ""processorCache"": ""215"", ""tcpNoDelay"": ""TRUE"", ""threadPriority"": ""4"", ""threadsMaxIdleTime"": ""191366"", ""throughput__2"": ""2389.19"", ""useAsyncIO"": ""TRUE"", ""useVirtualThreads"": ""FALSE""}"
tomcat,tpe,3302,plain,false,64,2235.48,24.92,2235.48,10.030059337615967,"[8, 50, 10, False]",0.0,10.029937267303467,0.0,"{""acceptCount"": ""193"", ""allowBackslash"": ""TRUE"", ""compression"": ""off"", ""compressionMinSize"": ""3337"", ""connectionTimeout"": ""473217"", ""connectionUploadTimeout"": ""114749"", ""disableUploadTimeout"": ""TRUE"", ""executorTerminationTimeoutMillis"": ""437742"", ""keepAliveTimeout"": ""131719"", ""maxConnections"": ""10015"", ""maxHeaderCount"": ""195"", ""maxHttpHeaderSize"": ""4043"", ""maxHttpRequestHeaderSize"": ""11545"", ""maxHttpResponseHeaderSize"": ""48329"", ""maxKeepAliveRequests"": ""1744"", ""maxParameterCount"": ""66340"", ""maxSwallowSize"": ""10801176"", ""maxThreads"": ""216"", ""minSpareThreads"": ""805"", ""processorCache"": ""128"", ""tcpNoDelay"": ""TRUE"", ""threadPriority"": ""6"", ""threadsMaxIdleTime"": ""262992"", ""throughput__2"": ""2235.48"", ""useAsyncIO"": ""TRUE"", ""useVirtualThreads"": ""FALSE""}"
tomcat,tpe,3302,plain,false,65,2275.49,21.72,2275.49,10.032138109207153,"[8, 50, 10, False]",0.0,10.032029151916504,0.0,"{""acceptCount"": ""352"", ""allowBackslash"": ""TRUE"", ""compression"": ""off"", ""compressionMinSize"": ""6090"", ""connectionTimeout"": ""159651"", ""connectionUploadTimeout"": ""355607"", ""disableUploadTimeout"": ""TRUE"", ""executorTerminationTimeoutMillis"": ""250542"", ""keepAliveTimeout"": ""47302"", ""maxConnections"": ""14151"", ""maxHeaderCount"": ""87"", ""maxHttpHeaderSize"": ""31371"", ""maxHttpRequestHeaderSize"": ""36985"", ""maxHttpResponseHeaderSize"": ""11751"", ""maxKeepAliveRequests"": ""1656"", ""maxParameterCount"": ""39486"", ""maxSwallowSize"": ""5000625"", ""maxThreads"": ""3"", ""minSpareThreads"": ""328"", ""processorCache"": ""281"", ""tcpNoDelay"": ""TRUE"", ""threadPriority"": ""7"", ""threadsMaxIdleTime"": ""132466"", ""throughput__2"": ""2275.49"", ""useAsyncIO"": ""TRUE"", ""useVirtualThreads"": ""FALSE""}"
tomcat,tpe,3302,plain,false,66,2454.75,24.87,2454.75,10.02682900428772,"[8, 50, 10, False]",0.0,10.026746988296509,0.0,"{""acceptCount"": ""227"", ""allowBackslash"": ""FALSE"", ""compression"": ""off"", ""compressionMinSize"": ""5235"", ""connectionTimeout"": ""251998"", ""connectionUploadTimeout"": ""423323"", ""disableUploadTimeout"": ""TRUE"", ""executorTerminationTimeoutMillis"": ""5759"", ""keepAliveTimeout"": ""258447"", ""maxConnections"": ""8260"", ""maxHeaderCount"": ""56"", ""maxHttpHeaderSize"": ""32843"", ""maxHttpRequestHeaderSize"": ""40397"", ""maxHttpResponseHeaderSize"": ""13634"", ""maxKeepAliveRequests"": ""2490"", ""maxParameterCount"": ""10501"", ""maxSwallowSize"": ""10019932"", ""maxThreads"": ""357"", ""minSpareThreads"": ""838"", ""processorCache"": ""149"", ""tcpNoDelay"": ""TRUE"", ""threadPriority"": ""9"", ""threadsMaxIdleTime"": ""145781"", ""throughput__2"": ""2454.75"", ""useAsyncIO"": ""TRUE"", ""useVirtualThreads"": ""FALSE""}"
tomcat,tpe,3302,plain,false,67,2546.73,25.04,2546.73,10.05182433128357,"[8, 50, 10, False]",0.0,10.051729440689087,0.0,"{""acceptCount"": ""353"", ""allowBackslash"": ""FALSE"", ""compression"": ""on"", ""compressionMinSize"": ""2023"", ""connectionTimeout"": ""388457"", ""connectionUploadTimeout"": ""13094"", ""disableUploadTimeout"": ""FALSE"", ""executorTerminationTimeoutMillis"": ""242767"", ""keepAliveTimeout"": ""331728"", ""maxConnections"": ""6837"", ""maxHeaderCount"": ""908"", ""maxHttpHeaderSize"": ""19916"", ""maxHttpRequestHeaderSize"": ""57775"", ""maxHttpResponseHeaderSize"": ""32630"", ""maxKeepAliveRequests"": ""1177"", ""maxParameterCount"": ""42539"", ""maxSwallowSize"": ""19087860"", ""maxThreads"": ""221"", ""minSpareThreads"": ""9"", ""processorCache"": ""137"", ""tcpNoDelay"": ""FALSE"", ""threadPriority"": ""9"", ""threadsMaxIdleTime"": ""411831"", ""throughput__2"": ""2546.73"", ""useAsyncIO"": ""TRUE"", ""useVirtualThreads"": ""FALSE""}"
tomcat,tpe,3302,plain,false,68,2383.2,26.25,2383.2,10.041589498519897,"[8, 50, 10, False]",0.0,10.041495084762573,0.0,"{""acceptCount"": ""592"", ""allowBackslash"": ""FALSE"", ""compression"": ""on"", ""compressionMinSize"": ""4705"", ""connectionTimeout"": ""554770"", ""connectionUploadTimeout"": ""256110"", ""disableUploadTimeout"": ""FALSE"", ""executorTerminationTimeoutMillis"": ""458011"", ""keepAliveTimeout"": ""160198"", ""maxConnections"": ""8038"", ""maxHeaderCount"": ""392"", ""maxHttpHeaderSize"": ""57568"", ""maxHttpRequestHeaderSize"": ""62970"", ""maxHttpResponseHeaderSize"": ""33510"", ""maxKeepAliveRequests"": ""3926"", ""maxParameterCount"": ""55077"", ""maxSwallowSize"": ""20824649"", ""maxThreads"": ""102"", ""minSpareThreads"": ""273"", ""processorCache"": ""30"", ""tcpNoDelay"": ""FALSE"", ""threadPriority"": ""8"", ""threadsMaxIdleTime"": ""453960"", ""throughput__2"": ""2383.2"", ""useAsyncIO"": ""TRUE"", ""useVirtualThreads"": ""FALSE""}"
tomcat,tpe,3302,plain,false,69,2205.07,22.42,2205.07,10.027992248535156,"[8, 50, 10, False]",0.0,10.027867555618286,0.0,"{""acceptCount"": ""278"", ""allowBackslash"": ""TRUE"", ""compression"": ""force"", ""compressionMinSize"": ""1039"", ""connectionTimeout"": ""244593"", ""connectionUploadTimeout"": ""220551"", ""disableUploadTimeout"": ""FALSE"", ""executorTerminationTimeoutMillis"": ""529720"", ""keepAliveTimeout"": ""88958"", ""maxConnections"": ""10493"", ""maxHeaderCount"": ""368"", ""maxHttpHeaderSize"": ""7077"", ""maxHttpRequestHeaderSize"": ""43121"", ""maxHttpResponseHeaderSize"": ""54083"", ""maxKeepAliveRequests"": ""4010"", ""maxParameterCount"": ""37188"", ""maxSwallowSize"": ""12645766"", ""maxThreads"": ""377"", ""minSpareThreads"": ""74"", ""processorCache"": ""112"", ""tcpNoDelay"": ""FALSE"", ""threadPriority"": ""1"", ""threadsMaxIdleTime"": ""87914"", ""throughput__2"": ""2205.07"", ""useAsyncIO"": ""TRUE"", ""useVirtualThreads"": ""TRUE""}"
tomcat,tpe,3302,plain,false,70,2335.24,24.75,2335.24,10.031927824020386,"[8, 50, 10, False]",0.0,10.031799793243408,0.0,"{""acceptCount"": ""542"", ""allowBackslash"": ""TRUE"", ""compression"": ""on"", ""compressionMinSize"": ""9743"", ""connectionTimeout"": ""351108"", ""connectionUploadTimeout"": ""339666"", ""disableUploadTimeout"": ""FALSE"", ""executorTerminationTimeoutMillis"": ""59330"", ""keepAliveTimeout"": ""69298"", ""maxConnections"": ""4365"", ""maxHeaderCount"": ""314"", ""maxHttpHeaderSize"": ""5988"", ""maxHttpRequestHeaderSize"": ""43099"", ""maxHttpResponseHeaderSize"": ""4422"", ""maxKeepAliveRequests"": ""2254"", ""maxParameterCount"": ""79814"", ""maxSwallowSize"": ""4132364"", ""maxThreads"": ""236"", ""minSpareThreads"": ""470"", ""processorCache"": ""77"", ""tcpNoDelay"": ""FALSE"", ""threadPriority"": ""3"", ""threadsMaxIdleTime"": ""344042"", ""throughput__2"": ""2335.24"", ""useAsyncIO"": ""TRUE"", ""useVirtualThreads"": ""FALSE""}"
tomcat,tpe,3302,plain,false,71,2543.3,21.36,2543.3,10.032477617263794,"[8, 50, 10, False]",0.0,10.031800746917725,0.0,"{""acceptCount"": ""46"", ""allowBackslash"": ""FALSE"", ""compression"": ""on"", ""compressionMinSize"": ""131"", ""connectionTimeout"": ""137420"", ""connectionUploadTimeout"": ""513163"", ""disableUploadTimeout"": ""FALSE"", ""executorTerminationTimeoutMillis"": ""98399"", ""keepAliveTimeout"": ""572573"", ""maxConnections"": ""17727"", ""maxHeaderCount"": ""228"", ""maxHttpHeaderSize"": ""53883"", ""maxHttpRequestHeaderSize"": ""62873"", ""maxHttpResponseHeaderSize"": ""37569"", ""maxKeepAliveRequests"": ""1273"", ""maxParameterCount"": ""97924"", ""maxSwallowSize"": ""12402662"", ""maxThreads"": ""225"", ""minSpareThreads"": ""850"", ""processorCache"": ""272"", ""tcpNoDelay"": ""FALSE"", ""threadPriority"": ""5"", ""threadsMaxIdleTime"": ""468799"", ""throughput__2"": ""2543.3"", ""useAsyncIO"": ""TRUE"", ""useVirtualThreads"": ""FALSE""}"
tomcat,tpe,3302,plain,false,72,2506.35,24.67,2506.35,10.022683143615723,"[8, 50, 10, False]",0.0,10.02258586883545,0.0,"{""acceptCount"": ""65"", ""allowBackslash"": ""TRUE"", ""compression"": ""off"", ""compressionMinSize"": ""4172"", ""connectionTimeout"": ""313997"", ""connectionUploadTimeout"": ""227185"", ""disableUploadTimeout"": ""TRUE"", ""executorTerminationTimeoutMillis"": ""108220"", ""keepAliveTimeout"": ""150175"", ""maxConnections"": ""8053"", ""maxHeaderCount"": ""211"", ""maxHttpHeaderSize"": ""23851"", ""maxHttpRequestHeaderSize"": ""2763"", ""maxHttpResponseHeaderSize"": ""17433"", ""maxKeepAliveRequests"": ""3654"", ""maxParameterCount"": ""4310"", ""maxSwallowSize"": ""19429217"", ""maxThreads"": ""98"", ""minSpareThreads"": ""509"", ""processorCache"": ""388"", ""tcpNoDelay"": ""FALSE"", ""threadPriority"": ""3"", ""threadsMaxIdleTime"": ""82430"", ""throughput__2"": ""2506.35"", ""useAsyncIO"": ""TRUE"", ""useVirtualThreads"": ""FALSE""}"
tomcat,tpe,3302,plain,false,73,2359.58,24.44,2359.58,10.022134780883789,"[8, 50, 10, False]",0.0,10.022037029266357,0.0,"{""acceptCount"": ""60"", ""allowBackslash"": ""FALSE"", ""compression"": ""on"", ""compressionMinSize"": ""10188"", ""connectionTimeout"": ""42950"", ""connectionUploadTimeout"": ""372296"", ""disableUploadTimeout"": ""FALSE"", ""executorTerminationTimeoutMillis"": ""168671"", ""keepAliveTimeout"": ""474254"", ""maxConnections"": ""3415"", ""maxHeaderCount"": ""151"", ""maxHttpHeaderSize"": ""63675"", ""maxHttpRequestHeaderSize"": ""6850"", ""maxHttpResponseHeaderSize"": ""22883"", ""maxKeepAliveRequests"": ""2221"", ""maxParameterCount"": ""84243"", ""maxSwallowSize"": ""6709844"", ""maxThreads"": ""175"", ""minSpareThreads"": ""268"", ""processorCache"": ""209"", ""tcpNoDelay"": ""FALSE"", ""threadPriority"": ""3"", ""threadsMaxIdleTime"": ""501297"", ""throughput__2"": ""2359.58"", ""useAsyncIO"": ""TRUE"", ""useVirtualThreads"": ""FALSE""}"
tomcat,tpe,3302,plain,false,74,2353.63,24.65,2353.63,10.025109767913818,"[8, 50, 10, False]",0.0,10.025017023086548,0.0,"{""acceptCount"": ""251"", ""allowBackslash"": ""TRUE"", ""compression"": ""on"", ""compressionMinSize"": ""7916"", ""connectionTimeout"": ""435056"", ""connectionUploadTimeout"": ""161915"", ""disableUploadTimeout"": ""TRUE"", ""executorTerminationTimeoutMillis"": ""223887"", ""keepAliveTimeout"": ""388123"", ""maxConnections"": ""2473"", ""maxHeaderCount"": ""52"", ""maxHttpHeaderSize"": ""3938"", ""maxHttpRequestHeaderSize"": ""54302"", ""maxHttpResponseHeaderSize"": ""17001"", ""maxKeepAliveRequests"": ""2788"", ""maxParameterCount"": ""74779"", ""maxSwallowSize"": ""7202206"", ""maxThreads"": ""149"", ""minSpareThreads"": ""530"", ""processorCache"": ""234"", ""tcpNoDelay"": ""FALSE"", ""threadPriority"": ""10"", ""threadsMaxIdleTime"": ""153770"", ""throughput__2"": ""2353.63"", ""useAsyncIO"": ""FALSE"", ""useVirtualThreads"": ""FALSE""}"
tomcat,tpe,3302,plain,false,75,2227.23,22.06,2227.23,10.026251316070557,"[8, 50, 10, False]",0.0,10.02613639831543,0.0,"{""acceptCount"": ""968"", ""allowBackslash"": ""TRUE"", ""compression"": ""on"", ""compressionMinSize"": ""1933"", ""connectionTimeout"": ""403760"", ""connectionUploadTimeout"": ""93927"", ""disableUploadTimeout"": ""TRUE"", ""executorTerminationTimeoutMillis"": ""211818"", ""keepAliveTimeout"": ""312544"", ""maxConnections"": ""19917"", ""maxHeaderCount"": ""347"", ""maxHttpHeaderSize"": ""36501"", ""maxHttpRequestHeaderSize"": ""64823"", ""maxHttpResponseHeaderSize"": ""43314"", ""maxKeepAliveRequests"": ""610"", ""maxParameterCount"": ""81466"", ""maxSwallowSize"": ""2325228"", ""maxThreads"": ""5"", ""minSpareThreads"": ""430"", ""processorCache"": ""352"", ""tcpNoDelay"": ""TRUE"", ""threadPriority"": ""9"", ""threadsMaxIdleTime"": ""212418"", ""throughput__2"": ""2227.23"", ""useAsyncIO"": ""TRUE"", ""useVirtualThreads"": ""FALSE""}"
tomcat,tpe,3302,plain,false,76,2403.25,23.12,2403.25,10.023369550704956,"[8, 50, 10, False]",0.0,10.023280382156372,0.0,"{""acceptCount"": ""484"", ""allowBackslash"": ""TRUE"", ""compression"": ""on"", ""compressionMinSize"": ""1890"", ""connectionTimeout"": ""195512"", ""connectionUploadTimeout"": ""79780"", ""disableUploadTimeout"": ""TRUE"", ""executorTerminationTimeoutMillis"": ""464344"", ""keepAliveTimeout"": ""452661"", ""maxConnections"": ""2163"", ""maxHeaderCount"": ""275"", ""maxHttpHeaderSize"": ""7084"", ""maxHttpRequestHeaderSize"": ""59091"", ""maxHttpResponseHeaderSize"": ""3988"", ""maxKeepAliveRequests"": ""104"", ""maxParameterCount"": ""31639"", ""maxSwallowSize"": ""13107544"", ""maxThreads"": ""26"", ""minSpareThreads"": ""455"", ""processorCache"": ""197"", ""tcpNoDelay"": ""FALSE"", ""threadPriority"": ""2"", ""threadsMaxIdleTime"": ""439539"", ""throughput__2"": ""2403.25"", ""useAsyncIO"": ""TRUE"", ""useVirtualThreads"": ""FALSE""}"
tomcat,tpe,3302,plain,false,77,2529.8,24.35,2529.8,10.02634310722351,"[8, 50, 10, False]",0.0,10.026251792907715,0.0,"{""acceptCount"": ""280"", ""allowBackslash"": ""FALSE"", ""compression"": ""on"", ""compressionMinSize"": ""1824"", ""connectionTimeout"": ""320540"", ""connectionUploadTimeout"": ""13928"", ""disableUploadTimeout"": ""FALSE"", ""executorTerminationTimeoutMillis"": ""113752"", ""keepAliveTimeout"": ""330541"", ""maxConnections"": ""15530"", ""maxHeaderCount"": ""768"", ""maxHttpHeaderSize"": ""60849"", ""maxHttpRequestHeaderSize"": ""21382"", ""maxHttpResponseHeaderSize"": ""41508"", ""maxKeepAliveRequests"": ""1867"", ""maxParameterCount"": ""89078"", ""maxSwallowSize"": ""17046803"", ""maxThreads"": ""216"", ""minSpareThreads"": ""572"", ""processorCache"": ""359"", ""tcpNoDelay"": ""FALSE"", ""threadPriority"": ""2"", ""threadsMaxIdleTime"": ""215625"", ""throughput__2"": ""2529.8"", ""useAsyncIO"": ""TRUE"", ""useVirtualThreads"": ""FALSE""}"
tomcat,tpe,3302,plain,false,78,2367.26,20.82,2367.26,10.025958776473999,"[8, 50, 10, False]",0.0,10.025880813598633,0.0,"{""acceptCount"": ""75"", ""allowBackslash"": ""TRUE"", ""compression"": ""off"", ""compressionMinSize"": ""2871"", ""connectionTimeout"": ""425492"", ""connectionUploadTimeout"": ""43895"", ""disableUploadTimeout"": ""TRUE"", ""executorTerminationTimeoutMillis"": ""222034"", ""keepAliveTimeout"": ""68572"", ""maxConnections"": ""2284"", ""maxHeaderCount"": ""957"", ""maxHttpHeaderSize"": ""61422"", ""maxHttpRequestHeaderSize"": ""8234"", ""maxHttpResponseHeaderSize"": ""10472"", ""maxKeepAliveRequests"": ""1978"", ""maxParameterCount"": ""1301"", ""maxSwallowSize"": ""10217496"", ""maxThreads"": ""2"", ""minSpareThreads"": ""356"", ""processorCache"": ""397"", ""tcpNoDelay"": ""FALSE"", ""threadPriority"": ""1"", ""threadsMaxIdleTime"": ""466349"", ""throughput__2"": ""2367.26"", ""useAsyncIO"": ""FALSE"", ""useVirtualThreads"": ""FALSE""}"
tomcat,tpe,3302,plain,false,79,2507.96,23.64,2507.96,10.035702228546143,"[8, 50, 10, False]",0.0,10.035613298416138,0.0,"{""acceptCount"": ""362"", ""allowBackslash"": ""FALSE"", ""compression"": ""on"", ""compressionMinSize"": ""166"", ""connectionTimeout"": ""461417"", ""connectionUploadTimeout"": ""220905"", ""disableUploadTimeout"": ""FALSE"", ""executorTerminationTimeoutMillis"": ""2816"", ""keepAliveTimeout"": ""572637"", ""maxConnections"": ""2113"", ""maxHeaderCount"": ""505"", ""maxHttpHeaderSize"": ""9090"", ""maxHttpRequestHeaderSize"": ""19369"", ""maxHttpResponseHeaderSize"": ""6062"", ""maxKeepAliveRequests"": ""181"", ""maxParameterCount"": ""26726"", ""maxSwallowSize"": ""7545520"", ""maxThreads"": ""303"", ""minSpareThreads"": ""118"", ""processorCache"": ""178"", ""tcpNoDelay"": ""FALSE"", ""threadPriority"": ""9"", ""threadsMaxIdleTime"": ""590379"", ""throughput__2"": ""2507.96"", ""useAsyncIO"": ""TRUE"", ""useVirtualThreads"": ""FALSE""}"
tomcat,tpe,3302,plain,false,80,2148.63,26.43,2148.63,10.029995203018188,"[8, 50, 10, False]",0.0,10.029898405075073,0.0,"{""acceptCount"": ""373"", ""allowBackslash"": ""TRUE"", ""compression"": ""off"", ""compressionMinSize"": ""107"", ""connectionTimeout"": ""593249"", ""connectionUploadTimeout"": ""226557"", ""disableUploadTimeout"": ""TRUE"", ""executorTerminationTimeoutMillis"": ""204218"", ""keepAliveTimeout"": ""160214"", ""maxConnections"": ""5466"", ""maxHeaderCount"": ""433"", ""maxHttpHeaderSize"": ""40002"", ""maxHttpRequestHeaderSize"": ""62363"", ""maxHttpResponseHeaderSize"": ""20635"", ""maxKeepAliveRequests"": ""4786"", ""maxParameterCount"": ""36375"", ""maxSwallowSize"": ""10257529"", ""maxThreads"": ""390"", ""minSpareThreads"": ""330"", ""processorCache"": ""130"", ""tcpNoDelay"": ""TRUE"", ""threadPriority"": ""9"", ""threadsMaxIdleTime"": ""34510"", ""throughput__2"": ""2148.63"", ""useAsyncIO"": ""TRUE"", ""useVirtualThreads"": ""FALSE""}"
tomcat,tpe,3302,plain,false,81,2458.95,23.41,2458.95,10.025827646255493,"[8, 50, 10, False]",0.0,10.025737047195435,0.0,"{""acceptCount"": ""508"", ""allowBackslash"": ""TRUE"", ""compression"": ""off"", ""compressionMinSize"": ""4932"", ""connectionTimeout"": ""364704"", ""connectionUploadTimeout"": ""155179"", ""disableUploadTimeout"": ""TRUE"", ""executorTerminationTimeoutMillis"": ""16956"", ""keepAliveTimeout"": ""362637"", ""maxConnections"": ""8998"", ""maxHeaderCount"": ""984"", ""maxHttpHeaderSize"": ""6238"", ""maxHttpRequestHeaderSize"": ""39957"", ""maxHttpResponseHeaderSize"": ""44570"", ""maxKeepAliveRequests"": ""2496"", ""maxParameterCount"": ""3241"", ""maxSwallowSize"": ""3475954"", ""maxThreads"": ""200"", ""minSpareThreads"": ""852"", ""processorCache"": ""384"", ""tcpNoDelay"": ""TRUE"", ""threadPriority"": ""8"", ""threadsMaxIdleTime"": ""17476"", ""throughput__2"": ""2458.95"", ""useAsyncIO"": ""FALSE"", ""useVirtualThreads"": ""FALSE""}"
tomcat,tpe,3302,plain,false,82,2347.08,21.52,2347.08,10.02968454360962,"[8, 50, 10, False]",0.0,10.02959942817688,0.0,"{""acceptCount"": ""213"", ""allowBackslash"": ""FALSE"", ""compression"": ""on"", ""compressionMinSize"": ""3685"", ""connectionTimeout"": ""462687"", ""connectionUploadTimeout"": ""424744"", ""disableUploadTimeout"": ""FALSE"", ""executorTerminationTimeoutMillis"": ""271032"", ""keepAliveTimeout"": ""586554"", ""maxConnections"": ""1414"", ""maxHeaderCount"": ""368"", ""maxHttpHeaderSize"": ""4680"", ""maxHttpRequestHeaderSize"": ""19345"", ""maxHttpResponseHeaderSize"": ""6064"", ""maxKeepAliveRequests"": ""2513"", ""maxParameterCount"": ""89023"", ""maxSwallowSize"": ""17245370"", ""maxThreads"": ""285"", ""minSpareThreads"": ""372"", ""processorCache"": ""192"", ""tcpNoDelay"": ""FALSE"", ""threadPriority"": ""10"", ""threadsMaxIdleTime"": ""316720"", ""throughput__2"": ""2347.08"", ""useAsyncIO"": ""TRUE"", ""useVirtualThreads"": ""TRUE""}"
tomcat,tpe,3302,plain,false,83,2432.41,23.28,2432.41,10.032009840011597,"[8, 50, 10, False]",0.0,10.03190803527832,0.0,"{""acceptCount"": ""585"", ""allowBackslash"": ""FALSE"", ""compression"": ""on"", ""compressionMinSize"": ""2669"", ""connectionTimeout"": ""549436"", ""connectionUploadTimeout"": ""127970"", ""disableUploadTimeout"": ""FALSE"", ""executorTerminationTimeoutMillis"": ""282615"", ""keepAliveTimeout"": ""578344"", ""maxConnections"": ""5180"", ""maxHeaderCount"": ""216"", ""maxHttpHeaderSize"": ""8191"", ""maxHttpRequestHeaderSize"": ""6859"", ""maxHttpResponseHeaderSize"": ""25966"", ""maxKeepAliveRequests"": ""549"", ""maxParameterCount"": ""20597"", ""maxSwallowSize"": ""14332457"", ""maxThreads"": ""354"", ""minSpareThreads"": ""130"", ""processorCache"": ""65"", ""tcpNoDelay"": ""TRUE"", ""threadPriority"": ""5"", ""threadsMaxIdleTime"": ""456397"", ""throughput__2"": ""2432.41"", ""useAsyncIO"": ""FALSE"", ""useVirtualThreads"": ""FALSE""}"
tomcat,tpe,3302,plain,false,84,2483.98,24.96,2483.98,10.044310569763184,"[8, 50, 10, False]",0.0,10.044214248657227,0.0,"{""acceptCount"": ""585"", ""allowBackslash"": ""TRUE"", ""compression"": ""off"", ""compressionMinSize"": ""529"", ""connectionTimeout"": ""152526"", ""connectionUploadTimeout"": ""18627"", ""disableUploadTimeout"": ""TRUE"", ""executorTerminationTimeoutMillis"": ""43452"", ""keepAliveTimeout"": ""581055"", ""maxConnections"": ""11517"", ""maxHeaderCount"": ""463"", ""maxHttpHeaderSize"": ""7761"", ""maxHttpRequestHeaderSize"": ""27950"", ""maxHttpResponseHeaderSize"": ""17193"", ""maxKeepAliveRequests"": ""4207"", ""maxParameterCount"": ""26405"", ""maxSwallowSize"": ""15468969"", ""maxThreads"": ""135"", ""minSpareThreads"": ""755"", ""processorCache"": ""253"", ""tcpNoDelay"": ""FALSE"", ""threadPriority"": ""2"", ""threadsMaxIdleTime"": ""82042"", ""throughput__2"": ""2483.98"", ""useAsyncIO"": ""TRUE"", ""useVirtualThreads"": ""FALSE""}"
tomcat,tpe,3302,plain,false,85,2221.46,22.36,2221.46,10.03078293800354,"[8, 50, 10, False]",0.0,10.030689716339111,0.0,"{""acceptCount"": ""240"", ""allowBackslash"": ""TRUE"", ""compression"": ""on"", ""compressionMinSize"": ""10103"", ""connectionTimeout"": ""569072"", ""connectionUploadTimeout"": ""223249"", ""disableUploadTimeout"": ""TRUE"", ""executorTerminationTimeoutMillis"": ""435467"", ""keepAliveTimeout"": ""9543"", ""maxConnections"": ""15748"", ""maxHeaderCount"": ""164"", ""maxHttpHeaderSize"": ""50508"", ""maxHttpRequestHeaderSize"": ""57041"", ""maxHttpResponseHeaderSize"": ""14603"", ""maxKeepAliveRequests"": ""2645"", ""maxParameterCount"": ""24214"", ""maxSwallowSize"": ""20658691"", ""maxThreads"": ""29"", ""minSpareThreads"": ""266"", ""processorCache"": ""9"", ""tcpNoDelay"": ""FALSE"", ""threadPriority"": ""3"", ""threadsMaxIdleTime"": ""44180"", ""throughput__2"": ""2221.46"", ""useAsyncIO"": ""TRUE"", ""useVirtualThreads"": ""TRUE""}"
tomcat,tpe,3302,plain,false,86,2508.11,22.92,2508.11,10.024410486221313,"[8, 50, 10, False]",0.0,10.024312496185303,0.0,"{""acceptCount"": ""285"", ""allowBackslash"": ""FALSE"", ""compression"": ""on"", ""compressionMinSize"": ""8979"", ""connectionTimeout"": ""363841"", ""connectionUploadTimeout"": ""82488"", ""disableUploadTimeout"": ""FALSE"", ""executorTerminationTimeoutMillis"": ""185758"", ""keepAliveTimeout"": ""436296"", ""maxConnections"": ""10721"", ""maxHeaderCount"": ""989"", ""maxHttpHeaderSize"": ""44597"", ""maxHttpRequestHeaderSize"": ""57227"", ""maxHttpResponseHeaderSize"": ""58511"", ""maxKeepAliveRequests"": ""1508"", ""maxParameterCount"": ""91591"", ""maxSwallowSize"": ""13566998"", ""maxThreads"": ""386"", ""minSpareThreads"": ""938"", ""processorCache"": ""58"", ""tcpNoDelay"": ""FALSE"", ""threadPriority"": ""1"", ""threadsMaxIdleTime"": ""34636"", ""throughput__2"": ""2508.11"", ""useAsyncIO"": ""TRUE"", ""useVirtualThreads"": ""FALSE""}"
tomcat,tpe,3302,plain,false,87,2572.26,23.37,2572.26,10.02452301979065,"[8, 50, 10, False]",0.0,10.024445056915283,0.0,"{""acceptCount"": ""106"", ""allowBackslash"": ""FALSE"", ""compression"": ""force"", ""compressionMinSize"": ""4337"", ""connectionTimeout"": ""466430"", ""connectionUploadTimeout"": ""14956"", ""disableUploadTimeout"": ""FALSE"", ""executorTerminationTimeoutMillis"": ""8477"", ""keepAliveTimeout"": ""172178"", ""maxConnections"": ""10856"", ""maxHeaderCount"": ""718"", ""maxHttpHeaderSize"": ""52844"", ""maxHttpRequestHeaderSize"": ""19123"", ""maxHttpResponseHeaderSize"": ""12558"", ""maxKeepAliveRequests"": ""4909"", ""maxParameterCount"": ""5593"", ""maxSwallowSize"": ""14962701"", ""maxThreads"": ""251"", ""minSpareThreads"": ""48"", ""processorCache"": ""356"", ""tcpNoDelay"": ""FALSE"", ""threadPriority"": ""9"", ""threadsMaxIdleTime"": ""254593"", ""throughput__2"": ""2572.26"", ""useAsyncIO"": ""TRUE"", ""useVirtualThreads"": ""FALSE""}"
tomcat,tpe,3302,plain,false,88,2474.86,19.81,2474.86,10.031349897384644,"[8, 50, 10, False]",0.0,10.031262397766113,0.0,"{""acceptCount"": ""328"", ""allowBackslash"": ""TRUE"", ""compression"": ""off"", ""compressionMinSize"": ""9406"", ""connectionTimeout"": ""215742"", ""connectionUploadTimeout"": ""70149"", ""disableUploadTimeout"": ""TRUE"", ""executorTerminationTimeoutMillis"": ""376035"", ""keepAliveTimeout"": ""258746"", ""maxConnections"": ""8319"", ""maxHeaderCount"": ""236"", ""maxHttpHeaderSize"": ""17860"", ""maxHttpRequestHeaderSize"": ""13672"", ""maxHttpResponseHeaderSize"": ""11630"", ""maxKeepAliveRequests"": ""4666"", ""maxParameterCount"": ""34442"", ""maxSwallowSize"": ""18402549"", ""maxThreads"": ""7"", ""minSpareThreads"": ""672"", ""processorCache"": ""285"", ""tcpNoDelay"": ""FALSE"", ""threadPriority"": ""5"", ""threadsMaxIdleTime"": ""13592"", ""throughput__2"": ""2474.86"", ""useAsyncIO"": ""FALSE"", ""useVirtualThreads"": ""FALSE""}"
tomcat,tpe,3302,plain,false,89,2364.91,21.1,2364.91,10.042409420013428,"[8, 50, 10, False]",0.0,10.042314767837524,0.0,"{""acceptCount"": ""628"", ""allowBackslash"": ""TRUE"", ""compression"": ""off"", ""compressionMinSize"": ""6619"", ""connectionTimeout"": ""539754"", ""connectionUploadTimeout"": ""353993"", ""disableUploadTimeout"": ""TRUE"", ""executorTerminationTimeoutMillis"": ""531587"", ""keepAliveTimeout"": ""442618"", ""maxConnections"": ""7222"", ""maxHeaderCount"": ""1"", ""maxHttpHeaderSize"": ""23772"", ""maxHttpRequestHeaderSize"": ""10242"", ""maxHttpResponseHeaderSize"": ""3774"", ""maxKeepAliveRequests"": ""643"", ""maxParameterCount"": ""95275"", ""maxSwallowSize"": ""4603967"", ""maxThreads"": ""19"", ""minSpareThreads"": ""189"", ""processorCache"": ""123"", ""tcpNoDelay"": ""FALSE"", ""threadPriority"": ""2"", ""threadsMaxIdleTime"": ""234932"", ""throughput__2"": ""2364.91"", ""useAsyncIO"": ""TRUE"", ""useVirtualThreads"": ""TRUE""}"
tomcat,tpe,3302,plain,false,90,2249.37,27.29,2249.37,10.031951665878296,"[8, 50, 10, False]",0.0,10.031854391098022,0.0,"{""acceptCount"": ""64"", ""allowBackslash"": ""FALSE"", ""compression"": ""on"", ""compressionMinSize"": ""2680"", ""connectionTimeout"": ""189575"", ""connectionUploadTimeout"": ""420798"", ""disableUploadTimeout"": ""FALSE"", ""executorTerminationTimeoutMillis"": ""69816"", ""keepAliveTimeout"": ""324094"", ""maxConnections"": ""9184"", ""maxHeaderCount"": ""664"", ""maxHttpHeaderSize"": ""46210"", ""maxHttpRequestHeaderSize"": ""64482"", ""maxHttpResponseHeaderSize"": ""2446"", ""maxKeepAliveRequests"": ""2795"", ""maxParameterCount"": ""81280"", ""maxSwallowSize"": ""6942385"", ""maxThreads"": ""378"", ""minSpareThreads"": ""168"", ""processorCache"": ""9"", ""tcpNoDelay"": ""FALSE"", ""threadPriority"": ""10"", ""threadsMaxIdleTime"": ""302438"", ""throughput__2"": ""2249.37"", ""useAsyncIO"": ""TRUE"", ""useVirtualThreads"": ""FALSE""}"
tomcat,tpe,3302,plain,false,91,2330.89,26.59,2330.89,10.025607109069824,"[8, 50, 10, False]",0.0,10.0254807472229,0.0,"{""acceptCount"": ""96"", ""allowBackslash"": ""FALSE"", ""compression"": ""on"", ""compressionMinSize"": ""8832"", ""connectionTimeout"": ""552341"", ""connectionUploadTimeout"": ""11310"", ""disableUploadTimeout"": ""FALSE"", ""executorTerminationTimeoutMillis"": ""59090"", ""keepAliveTimeout"": ""294098"", ""maxConnections"": ""10550"", ""maxHeaderCount"": ""969"", ""maxHttpHeaderSize"": ""5948"", ""maxHttpRequestHeaderSize"": ""57661"", ""maxHttpResponseHeaderSize"": ""44385"", ""maxKeepAliveRequests"": ""1120"", ""maxParameterCount"": ""72901"", ""maxSwallowSize"": ""1247115"", ""maxThreads"": ""301"", ""minSpareThreads"": ""214"", ""processorCache"": ""293"", ""tcpNoDelay"": ""TRUE"", ""threadPriority"": ""8"", ""threadsMaxIdleTime"": ""77727"", ""throughput__2"": ""2330.89"", ""useAsyncIO"": ""TRUE"", ""useVirtualThreads"": ""FALSE""}"
tomcat,tpe,3302,plain,false,92,2473.62,25.07,2473.62,10.024123430252075,"[8, 50, 10, False]",0.0,10.024032831192017,0.0,"{""acceptCount"": ""391"", ""allowBackslash"": ""TRUE"", ""compression"": ""off"", ""compressionMinSize"": ""7703"", ""connectionTimeout"": ""92190"", ""connectionUploadTimeout"": ""120553"", ""disableUploadTimeout"": ""TRUE"", ""executorTerminationTimeoutMillis"": ""420970"", ""keepAliveTimeout"": ""120788"", ""maxConnections"": ""6215"", ""maxHeaderCount"": ""974"", ""maxHttpHeaderSize"": ""15161"", ""maxHttpRequestHeaderSize"": ""571"", ""maxHttpResponseHeaderSize"": ""61982"", ""maxKeepAliveRequests"": ""3022"", ""maxParameterCount"": ""85271"", ""maxSwallowSize"": ""5975745"", ""maxThreads"": ""84"", ""minSpareThreads"": ""830"", ""processorCache"": ""53"", ""tcpNoDelay"": ""FALSE"", ""threadPriority"": ""8"", ""threadsMaxIdleTime"": ""211702"", ""throughput__2"": ""2473.62"", ""useAsyncIO"": ""FALSE"", ""useVirtualThreads"": ""FALSE""}"
tomcat,tpe,3302,plain,false,93,2665.76,70.86,2665.76,10.044790983200073,"[8, 50, 10, False]",0.0,10.044694423675537,0.0,"{""acceptCount"": ""3"", ""allowBackslash"": ""TRUE"", ""compression"": ""off"", ""compressionMinSize"": ""8360"", ""connectionTimeout"": ""166773"", ""connectionUploadTimeout"": ""404500"", ""disableUploadTimeout"": ""TRUE"", ""executorTerminationTimeoutMillis"": ""565063"", ""keepAliveTimeout"": ""482218"", ""maxConnections"": ""12210"", ""maxHeaderCount"": ""372"", ""maxHttpHeaderSize"": ""38758"", ""maxHttpRequestHeaderSize"": ""53357"", ""maxHttpResponseHeaderSize"": ""15634"", ""maxKeepAliveRequests"": ""4737"", ""maxParameterCount"": ""3630"", ""maxSwallowSize"": ""2889774"", ""maxThreads"": ""103"", ""minSpareThreads"": ""99"", ""processorCache"": ""368"", ""tcpNoDelay"": ""FALSE"", ""threadPriority"": ""2"", ""threadsMaxIdleTime"": ""26547"", ""throughput__2"": ""2665.76"", ""useAsyncIO"": ""FALSE"", ""useVirtualThreads"": ""FALSE""}"
tomcat,tpe,3302,plain,false,94,2448.1,29.14,2448.1,10.033055305480957,"[8, 50, 10, False]",0.0,10.032972812652588,0.0,"{""acceptCount"": ""382"", ""allowBackslash"": ""TRUE"", ""compression"": ""off"", ""compressionMinSize"": ""2463"", ""connectionTimeout"": ""541932"", ""connectionUploadTimeout"": ""370527"", ""disableUploadTimeout"": ""TRUE"", ""executorTerminationTimeoutMillis"": ""35744"", ""keepAliveTimeout"": ""449619"", ""maxConnections"": ""17302"", ""maxHeaderCount"": ""324"", ""maxHttpHeaderSize"": ""4076"", ""maxHttpRequestHeaderSize"": ""7297"", ""maxHttpResponseHeaderSize"": ""23150"", ""maxKeepAliveRequests"": ""1298"", ""maxParameterCount"": ""61918"", ""maxSwallowSize"": ""14443725"", ""maxThreads"": ""256"", ""minSpareThreads"": ""1000"", ""processorCache"": ""399"", ""tcpNoDelay"": ""FALSE"", ""threadPriority"": ""9"", ""threadsMaxIdleTime"": ""65397"", ""throughput__2"": ""2448.1"", ""useAsyncIO"": ""TRUE"", ""useVirtualThreads"": ""FALSE""}"
tomcat,tpe,3302,plain,false,95,2497.38,25.42,2497.38,10.032676935195923,"[8, 50, 10, False]",0.0,10.032581329345703,0.0,"{""acceptCount"": ""974"", ""allowBackslash"": ""TRUE"", ""compression"": ""off"", ""compressionMinSize"": ""2269"", ""connectionTimeout"": ""421467"", ""connectionUploadTimeout"": ""126997"", ""disableUploadTimeout"": ""TRUE"", ""executorTerminationTimeoutMillis"": ""58247"", ""keepAliveTimeout"": ""507919"", ""maxConnections"": ""3286"", ""maxHeaderCount"": ""693"", ""maxHttpHeaderSize"": ""6419"", ""maxHttpRequestHeaderSize"": ""62278"", ""maxHttpResponseHeaderSize"": ""58665"", ""maxKeepAliveRequests"": ""3515"", ""maxParameterCount"": ""42112"", ""maxSwallowSize"": ""15464924"", ""maxThreads"": ""32"", ""minSpareThreads"": ""532"", ""processorCache"": ""276"", ""tcpNoDelay"": ""FALSE"", ""threadPriority"": ""2"", ""threadsMaxIdleTime"": ""67689"", ""throughput__2"": ""2497.38"", ""useAsyncIO"": ""TRUE"", ""useVirtualThreads"": ""FALSE""}"
tomcat,tpe,3302,plain,false,96,2348.96,25.24,2348.96,10.035145998001099,"[8, 50, 10, False]",0.0,10.03505277633667,0.0,"{""acceptCount"": ""779"", ""allowBackslash"": ""FALSE"", ""compression"": ""force"", ""compressionMinSize"": ""4776"", ""connectionTimeout"": ""540338"", ""connectionUploadTimeout"": ""383103"", ""disableUploadTimeout"": ""FALSE"", ""executorTerminationTimeoutMillis"": ""235475"", ""keepAliveTimeout"": ""48067"", ""maxConnections"": ""17183"", ""maxHeaderCount"": ""573"", ""maxHttpHeaderSize"": ""2801"", ""maxHttpRequestHeaderSize"": ""5624"", ""maxHttpResponseHeaderSize"": ""887"", ""maxKeepAliveRequests"": ""624"", ""maxParameterCount"": ""19177"", ""maxSwallowSize"": ""3451854"", ""maxThreads"": ""395"", ""minSpareThreads"": ""125"", ""processorCache"": ""54"", ""tcpNoDelay"": ""FALSE"", ""threadPriority"": ""8"", ""threadsMaxIdleTime"": ""346681"", ""throughput__2"": ""2348.96"", ""useAsyncIO"": ""TRUE"", ""useVirtualThreads"": ""FALSE""}"
tomcat,tpe,3302,plain,false,97,2255.87,23.36,2255.87,10.033711671829224,"[8, 50, 10, False]",0.0,10.033604860305786,0.0,"{""acceptCount"": ""329"", ""allowBackslash"": ""TRUE"", ""compression"": ""on"", ""compressionMinSize"": ""2957"", ""connectionTimeout"": ""589691"", ""connectionUploadTimeout"": ""33864"", ""disableUploadTimeout"": ""FALSE"", ""executorTerminationTimeoutMillis"": ""457133"", ""keepAliveTimeout"": ""524778"", ""maxConnections"": ""19018"", ""maxHeaderCount"": ""955"", ""maxHttpHeaderSize"": ""56946"", ""maxHttpRequestHeaderSize"": ""4240"", ""maxHttpResponseHeaderSize"": ""45549"", ""maxKeepAliveRequests"": ""1754"", ""maxParameterCount"": ""50023"", ""maxSwallowSize"": ""17075142"", ""maxThreads"": ""288"", ""minSpareThreads"": ""668"", ""processorCache"": ""336"", ""tcpNoDelay"": ""FALSE"", ""threadPriority"": ""8"", ""threadsMaxIdleTime"": ""189991"", ""throughput__2"": ""2255.87"", ""useAsyncIO"": ""TRUE"", ""useVirtualThreads"": ""FALSE""}"
tomcat,tpe,3302,plain,false,98,2089.15,25.83,2089.15,10.029119491577148,"[8, 50, 10, False]",0.0,10.029037475585938,0.0,"{""acceptCount"": ""358"", ""allowBackslash"": ""FALSE"", ""compression"": ""on"", ""compressionMinSize"": ""3335"", ""connectionTimeout"": ""414932"", ""connectionUploadTimeout"": ""142815"", ""disableUploadTimeout"": ""FALSE"", ""executorTerminationTimeoutMillis"": ""523732"", ""keepAliveTimeout"": ""406585"", ""maxConnections"": ""3383"", ""maxHeaderCount"": ""781"", ""maxHttpHeaderSize"": ""11663"", ""maxHttpRequestHeaderSize"": ""42809"", ""maxHttpResponseHeaderSize"": ""54532"", ""maxKeepAliveRequests"": ""32"", ""maxParameterCount"": ""57614"", ""maxSwallowSize"": ""3671743"", ""maxThreads"": ""345"", ""minSpareThreads"": ""734"", ""processorCache"": ""78"", ""tcpNoDelay"": ""FALSE"", ""threadPriority"": ""5"", ""threadsMaxIdleTime"": ""413460"", ""throughput__2"": ""2089.15"", ""useAsyncIO"": ""TRUE"", ""useVirtualThreads"": ""FALSE""}"
tomcat,tpe,3302,plain,false,99,2327.21,24.51,2327.21,10.034662961959839,"[8, 50, 10, False]",0.0,10.034571886062622,0.0,"{""acceptCount"": ""454"", ""allowBackslash"": ""FALSE"", ""compression"": ""on"", ""compressionMinSize"": ""6876"", ""connectionTimeout"": ""529334"", ""connectionUploadTimeout"": ""276306"", ""disableUploadTimeout"": ""TRUE"", ""executorTerminationTimeoutMillis"": ""329545"", ""keepAliveTimeout"": ""103162"", ""maxConnections"": ""4066"", ""maxHeaderCount"": ""52"", ""maxHttpHeaderSize"": ""1557"", ""maxHttpRequestHeaderSize"": ""50662"", ""maxHttpResponseHeaderSize"": ""14140"", ""maxKeepAliveRequests"": ""3911"", ""maxParameterCount"": ""5537"", ""maxSwallowSize"": ""2875839"", ""maxThreads"": ""35"", ""minSpareThreads"": ""822"", ""processorCache"": ""124"", ""tcpNoDelay"": ""FALSE"", ""threadPriority"": ""2"", ""threadsMaxIdleTime"": ""6384"", ""throughput__2"": ""2327.21"", ""useAsyncIO"": ""TRUE"", ""useVirtualThreads"": ""FALSE""}"
tomcat,tpe,3302,plain,false,100,2446.12,20.55,2446.12,10.029229164123535,"[8, 50, 10, False]",0.0,10.02914547920227,0.0,"{""acceptCount"": ""227"", ""allowBackslash"": ""TRUE"", ""compression"": ""off"", ""compressionMinSize"": ""3719"", ""connectionTimeout"": ""93633"", ""connectionUploadTimeout"": ""477468"", ""disableUploadTimeout"": ""TRUE"", ""executorTerminationTimeoutMillis"": ""433028"", ""keepAliveTimeout"": ""455138"", ""maxConnections"": ""11254"", ""maxHeaderCount"": ""411"", ""maxHttpHeaderSize"": ""31605"", ""maxHttpRequestHeaderSize"": ""54664"", ""maxHttpResponseHeaderSize"": ""24841"", ""maxKeepAliveRequests"": ""2843"", ""maxParameterCount"": ""66536"", ""maxSwallowSize"": ""15711482"", ""maxThreads"": ""62"", ""minSpareThreads"": ""59"", ""processorCache"": ""374"", ""tcpNoDelay"": ""FALSE"", ""threadPriority"": ""7"", ""threadsMaxIdleTime"": ""185235"", ""throughput__2"": ""2446.12"", ""useAsyncIO"": ""FALSE"", ""useVirtualThreads"": ""TRUE""}"
tomcat,tpe,3302,plain,false,101,2472.65,26.02,2472.65,10.034316301345825,"[8, 50, 10, False]",0.0,10.034235715866089,0.0,"{""acceptCount"": ""127"", ""allowBackslash"": ""FALSE"", ""compression"": ""off"", ""compressionMinSize"": ""2167"", ""connectionTimeout"": ""346655"", ""connectionUploadTimeout"": ""437863"", ""disableUploadTimeout"": ""TRUE"", ""executorTerminationTimeoutMillis"": ""313005"", ""keepAliveTimeout"": ""297214"", ""maxConnections"": ""6222"", ""maxHeaderCount"": ""402"", ""maxHttpHeaderSize"": ""26690"", ""maxHttpRequestHeaderSize"": ""9143"", ""maxHttpResponseHeaderSize"": ""10069"", ""maxKeepAliveRequests"": ""2066"", ""maxParameterCount"": ""20844"", ""maxSwallowSize"": ""19100709"", ""maxThreads"": ""55"", ""minSpareThreads"": ""788"", ""processorCache"": ""341"", ""tcpNoDelay"": ""FALSE"", ""threadPriority"": ""7"", ""threadsMaxIdleTime"": ""11383"", ""throughput__2"": ""2472.65"", ""useAsyncIO"": ""TRUE"", ""useVirtualThreads"": ""FALSE""}"
tomcat,tpe,3302,plain,false,102,2509.68,23.94,2509.68,10.05869197845459,"[8, 50, 10, False]",0.0,10.05860424041748,0.0,"{""acceptCount"": ""541"", ""allowBackslash"": ""TRUE"", ""compression"": ""off"", ""compressionMinSize"": ""16"", ""connectionTimeout"": ""325078"", ""connectionUploadTimeout"": ""114872"", ""disableUploadTimeout"": ""TRUE"", ""executorTerminationTimeoutMillis"": ""475745"", ""keepAliveTimeout"": ""480353"", ""maxConnections"": ""6924"", ""maxHeaderCount"": ""588"", ""maxHttpHeaderSize"": ""17804"", ""maxHttpRequestHeaderSize"": ""44342"", ""maxHttpResponseHeaderSize"": ""32380"", ""maxKeepAliveRequests"": ""4752"", ""maxParameterCount"": ""66686"", ""maxSwallowSize"": ""14514605"", ""maxThreads"": ""81"", ""minSpareThreads"": ""884"", ""processorCache"": ""68"", ""tcpNoDelay"": ""FALSE"", ""threadPriority"": ""1"", ""threadsMaxIdleTime"": ""85340"", ""throughput__2"": ""2509.68"", ""useAsyncIO"": ""TRUE"", ""useVirtualThreads"": ""FALSE""}"
tomcat,tpe,3302,plain,false,103,2253.72,25.25,2253.72,10.047992706298828,"[8, 50, 10, False]",0.0,10.047899961471558,0.0,"{""acceptCount"": ""759"", ""allowBackslash"": ""FALSE"", ""compression"": ""on"", ""compressionMinSize"": ""8554"", ""connectionTimeout"": ""444810"", ""connectionUploadTimeout"": ""358166"", ""disableUploadTimeout"": ""TRUE"", ""executorTerminationTimeoutMillis"": ""396079"", ""keepAliveTimeout"": ""115350"", ""maxConnections"": ""1016"", ""maxHeaderCount"": ""428"", ""maxHttpHeaderSize"": ""22761"", ""maxHttpRequestHeaderSize"": ""34723"", ""maxHttpResponseHeaderSize"": ""39277"", ""maxKeepAliveRequests"": ""844"", ""maxParameterCount"": ""96682"", ""maxSwallowSize"": ""7129900"", ""maxThreads"": ""145"", ""minSpareThreads"": ""218"", ""processorCache"": ""83"", ""tcpNoDelay"": ""FALSE"", ""threadPriority"": ""5"", ""threadsMaxIdleTime"": ""237577"", ""throughput__2"": ""2253.72"", ""useAsyncIO"": ""TRUE"", ""useVirtualThreads"": ""FALSE""}"
tomcat,tpe,3302,plain,false,104,2294.76,21.57,2294.76,10.04258918762207,"[8, 50, 10, False]",0.0,10.04250454902649,0.0,"{""acceptCount"": ""481"", ""allowBackslash"": ""FALSE"", ""compression"": ""on"", ""compressionMinSize"": ""1741"", ""connectionTimeout"": ""359056"", ""connectionUploadTimeout"": ""130011"", ""disableUploadTimeout"": ""FALSE"", ""executorTerminationTimeoutMillis"": ""119179"", ""keepAliveTimeout"": ""458591"", ""maxConnections"": ""5264"", ""maxHeaderCount"": ""851"", ""maxHttpHeaderSize"": ""10399"", ""maxHttpRequestHeaderSize"": ""31960"", ""maxHttpResponseHeaderSize"": ""62192"", ""maxKeepAliveRequests"": ""4318"", ""maxParameterCount"": ""75118"", ""maxSwallowSize"": ""13988993"", ""maxThreads"": ""6"", ""minSpareThreads"": ""21"", ""processorCache"": ""121"", ""tcpNoDelay"": ""FALSE"", ""threadPriority"": ""4"", ""threadsMaxIdleTime"": ""100323"", ""throughput__2"": ""2294.76"", ""useAsyncIO"": ""TRUE"", ""useVirtualThreads"": ""FALSE""}"
tomcat,tpe,3302,plain,false,105,2228.71,25.75,2228.71,10.034547805786133,"[8, 50, 10, False]",0.0,10.034456014633179,0.0,"{""acceptCount"": ""636"", ""allowBackslash"": ""TRUE"", ""compression"": ""off"", ""compressionMinSize"": ""6742"", ""connectionTimeout"": ""33740"", ""connectionUploadTimeout"": ""121559"", ""disableUploadTimeout"": ""FALSE"", ""executorTerminationTimeoutMillis"": ""293332"", ""keepAliveTimeout"": ""25891"", ""maxConnections"": ""2927"", ""maxHeaderCount"": ""75"", ""maxHttpHeaderSize"": ""7662"", ""maxHttpRequestHeaderSize"": ""39049"", ""maxHttpResponseHeaderSize"": ""65484"", ""maxKeepAliveRequests"": ""861"", ""maxParameterCount"": ""98336"", ""maxSwallowSize"": ""8563520"", ""maxThreads"": ""208"", ""minSpareThreads"": ""589"", ""processorCache"": ""364"", ""tcpNoDelay"": ""TRUE"", ""threadPriority"": ""9"", ""threadsMaxIdleTime"": ""421863"", ""throughput__2"": ""2228.71"", ""useAsyncIO"": ""FALSE"", ""useVirtualThreads"": ""FALSE""}"
tomcat,tpe,3302,plain,false,106,2316.41,21.53,2316.41,10.03005075454712,"[8, 50, 10, False]",0.0,10.029945611953735,0.0,"{""acceptCount"": ""790"", ""allowBackslash"": ""TRUE"", ""compression"": ""off"", ""compressionMinSize"": ""3062"", ""connectionTimeout"": ""313774"", ""connectionUploadTimeout"": ""90779"", ""disableUploadTimeout"": ""TRUE"", ""executorTerminationTimeoutMillis"": ""57923"", ""keepAliveTimeout"": ""147139"", ""maxConnections"": ""16409"", ""maxHeaderCount"": ""87"", ""maxHttpHeaderSize"": ""28860"", ""maxHttpRequestHeaderSize"": ""52936"", ""maxHttpResponseHeaderSize"": ""36942"", ""maxKeepAliveRequests"": ""4064"", ""maxParameterCount"": ""28035"", ""maxSwallowSize"": ""14322506"", ""maxThreads"": ""340"", ""minSpareThreads"": ""138"", ""processorCache"": ""124"", ""tcpNoDelay"": ""FALSE"", ""threadPriority"": ""1"", ""threadsMaxIdleTime"": ""383252"", ""throughput__2"": ""2316.41"", ""useAsyncIO"": ""TRUE"", ""useVirtualThreads"": ""TRUE""}"
tomcat,tpe,3302,plain,false,107,2431.3,23.52,2431.3,10.03021240234375,"[8, 50, 10, False]",0.0,10.030101776123047,0.0,"{""acceptCount"": ""985"", ""allowBackslash"": ""TRUE"", ""compression"": ""on"", ""compressionMinSize"": ""2634"", ""connectionTimeout"": ""364793"", ""connectionUploadTimeout"": ""499552"", ""disableUploadTimeout"": ""TRUE"", ""executorTerminationTimeoutMillis"": ""289561"", ""keepAliveTimeout"": ""35405"", ""maxConnections"": ""402"", ""maxHeaderCount"": ""535"", ""maxHttpHeaderSize"": ""39246"", ""maxHttpRequestHeaderSize"": ""58701"", ""maxHttpResponseHeaderSize"": ""25596"", ""maxKeepAliveRequests"": ""3835"", ""maxParameterCount"": ""66749"", ""maxSwallowSize"": ""20927482"", ""maxThreads"": ""113"", ""minSpareThreads"": ""87"", ""processorCache"": ""135"", ""tcpNoDelay"": ""TRUE"", ""threadPriority"": ""5"", ""threadsMaxIdleTime"": ""101139"", ""throughput__2"": ""2431.3"", ""useAsyncIO"": ""FALSE"", ""useVirtualThreads"": ""FALSE""}"
tomcat,tpe,3302,plain,false,108,2687.2,44.98,2687.2,10.049213409423828,"[8, 50, 10, False]",0.0,10.049124240875244,0.0,"{""acceptCount"": ""10"", ""allowBackslash"": ""TRUE"", ""compression"": ""off"", ""compressionMinSize"": ""5401"", ""connectionTimeout"": ""479856"", ""connectionUploadTimeout"": ""230894"", ""disableUploadTimeout"": ""TRUE"", ""executorTerminationTimeoutMillis"": ""292640"", ""keepAliveTimeout"": ""132338"", ""maxConnections"": ""1359"", ""maxHeaderCount"": ""116"", ""maxHttpHeaderSize"": ""27869"", ""maxHttpRequestHeaderSize"": ""42119"", ""maxHttpResponseHeaderSize"": ""55355"", ""maxKeepAliveRequests"": ""744"", ""maxParameterCount"": ""9865"", ""maxSwallowSize"": ""16494250"", ""maxThreads"": ""19"", ""minSpareThreads"": ""855"", ""processorCache"": ""235"", ""tcpNoDelay"": ""FALSE"", ""threadPriority"": ""8"", ""threadsMaxIdleTime"": ""114065"", ""throughput__2"": ""2687.2"", ""useAsyncIO"": ""FALSE"", ""useVirtualThreads"": ""FALSE""}"
tomcat,tpe,3302,plain,false,109,2530.89,22.77,2530.89,10.042250156402588,"[8, 50, 10, False]",0.0,10.042172908782959,0.0,"{""acceptCount"": ""642"", ""allowBackslash"": ""TRUE"", ""compression"": ""force"", ""compressionMinSize"": ""2084"", ""connectionTimeout"": ""486937"", ""connectionUploadTimeout"": ""389266"", ""disableUploadTimeout"": ""TRUE"", ""executorTerminationTimeoutMillis"": ""13307"", ""keepAliveTimeout"": ""434854"", ""maxConnections"": ""18479"", ""maxHeaderCount"": ""730"", ""maxHttpHeaderSize"": ""22725"", ""maxHttpRequestHeaderSize"": ""49694"", ""maxHttpResponseHeaderSize"": ""10832"", ""maxKeepAliveRequests"": ""4664"", ""maxParameterCount"": ""71203"", ""maxSwallowSize"": ""1449504"", ""maxThreads"": ""32"", ""minSpareThreads"": ""931"", ""processorCache"": ""216"", ""tcpNoDelay"": ""FALSE"", ""threadPriority"": ""1"", ""threadsMaxIdleTime"": ""108384"", ""throughput__2"": ""2530.89"", ""useAsyncIO"": ""TRUE"", ""useVirtualThreads"": ""FALSE""}"
tomcat,tpe,3302,plain,false,110,2243.81,22.09,2243.81,10.053989887237549,"[8, 50, 10, False]",0.0,10.053886890411377,0.0,"{""acceptCount"": ""773"", ""allowBackslash"": ""TRUE"", ""compression"": ""force"", ""compressionMinSize"": ""9490"", ""connectionTimeout"": ""155458"", ""connectionUploadTimeout"": ""96830"", ""disableUploadTimeout"": ""FALSE"", ""executorTerminationTimeoutMillis"": ""115757"", ""keepAliveTimeout"": ""173679"", ""maxConnections"": ""19021"", ""maxHeaderCount"": ""54"", ""maxHttpHeaderSize"": ""45749"", ""maxHttpRequestHeaderSize"": ""15432"", ""maxHttpResponseHeaderSize"": ""63337"", ""maxKeepAliveRequests"": ""1954"", ""maxParameterCount"": ""995"", ""maxSwallowSize"": ""17482553"", ""maxThreads"": ""341"", ""minSpareThreads"": ""42"", ""processorCache"": ""325"", ""tcpNoDelay"": ""TRUE"", ""threadPriority"": ""1"", ""threadsMaxIdleTime"": ""178954"", ""throughput__2"": ""2243.81"", ""useAsyncIO"": ""TRUE"", ""useVirtualThreads"": ""TRUE""}"
tomcat,tpe,3302,plain,false,111,2287.54,23.86,2287.54,10.042950868606567,"[8, 50, 10, False]",0.0,10.04286003112793,0.0,"{""acceptCount"": ""271"", ""allowBackslash"": ""FALSE"", ""compression"": ""force"", ""compressionMinSize"": ""5379"", ""connectionTimeout"": ""123928"", ""connectionUploadTimeout"": ""29460"", ""disableUploadTimeout"": ""FALSE"", ""executorTerminationTimeoutMillis"": ""518078"", ""keepAliveTimeout"": ""502145"", ""maxConnections"": ""17486"", ""maxHeaderCount"": ""924"", ""maxHttpHeaderSize"": ""39308"", ""maxHttpRequestHeaderSize"": ""2664"", ""maxHttpResponseHeaderSize"": ""33532"", ""maxKeepAliveRequests"": ""516"", ""maxParameterCount"": ""39953"", ""maxSwallowSize"": ""17982400"", ""maxThreads"": ""147"", ""minSpareThreads"": ""210"", ""processorCache"": ""301"", ""tcpNoDelay"": ""FALSE"", ""threadPriority"": ""1"", ""threadsMaxIdleTime"": ""515344"", ""throughput__2"": ""2287.54"", ""useAsyncIO"": ""TRUE"", ""useVirtualThreads"": ""FALSE""}"
tomcat,tpe,3302,plain,false,112,2196.7,27.09,2196.7,10.036397218704224,"[8, 50, 10, False]",0.0,10.036272287368774,0.0,"{""acceptCount"": ""617"", ""allowBackslash"": ""TRUE"", ""compression"": ""off"", ""compressionMinSize"": ""2645"", ""connectionTimeout"": ""473120"", ""connectionUploadTimeout"": ""335911"", ""disableUploadTimeout"": ""TRUE"", ""executorTerminationTimeoutMillis"": ""569594"", ""keepAliveTimeout"": ""190952"", ""maxConnections"": ""13264"", ""maxHeaderCount"": ""671"", ""maxHttpHeaderSize"": ""59205"", ""maxHttpRequestHeaderSize"": ""51172"", ""maxHttpResponseHeaderSize"": ""25035"", ""maxKeepAliveRequests"": ""2449"", ""maxParameterCount"": ""27147"", ""maxSwallowSize"": ""12530045"", ""maxThreads"": ""234"", ""minSpareThreads"": ""259"", ""processorCache"": ""382"", ""tcpNoDelay"": ""FALSE"", ""threadPriority"": ""1"", ""threadsMaxIdleTime"": ""89194"", ""throughput__2"": ""2196.7"", ""useAsyncIO"": ""FALSE"", ""useVirtualThreads"": ""FALSE""}"
tomcat,tpe,3302,plain,false,113,2360.86,25.27,2360.86,10.035929918289185,"[8, 50, 10, False]",0.0,10.035818099975586,0.0,"{""acceptCount"": ""502"", ""allowBackslash"": ""TRUE"", ""compression"": ""on"", ""compressionMinSize"": ""236"", ""connectionTimeout"": ""523624"", ""connectionUploadTimeout"": ""418517"", ""disableUploadTimeout"": ""FALSE"", ""executorTerminationTimeoutMillis"": ""355569"", ""keepAliveTimeout"": ""485993"", ""maxConnections"": ""1701"", ""maxHeaderCount"": ""526"", ""maxHttpHeaderSize"": ""19865"", ""maxHttpRequestHeaderSize"": ""20921"", ""maxHttpResponseHeaderSize"": ""23208"", ""maxKeepAliveRequests"": ""1696"", ""maxParameterCount"": ""4932"", ""maxSwallowSize"": ""10316645"", ""maxThreads"": ""124"", ""minSpareThreads"": ""6"", ""processorCache"": ""188"", ""tcpNoDelay"": ""FALSE"", ""threadPriority"": ""7"", ""threadsMaxIdleTime"": ""470209"", ""throughput__2"": ""2360.86"", ""useAsyncIO"": ""TRUE"", ""useVirtualThreads"": ""FALSE""}"
tomcat,tpe,3302,plain,false,114,2283.24,21.84,2283.24,10.029528617858887,"[8, 50, 10, False]",0.0,10.029443502426147,0.0,"{""acceptCount"": ""681"", ""allowBackslash"": ""TRUE"", ""compression"": ""off"", ""compressionMinSize"": ""4246"", ""connectionTimeout"": ""594255"", ""connectionUploadTimeout"": ""14019"", ""disableUploadTimeout"": ""TRUE"", ""executorTerminationTimeoutMillis"": ""108489"", ""keepAliveTimeout"": ""364563"", ""maxConnections"": ""11579"", ""maxHeaderCount"": ""82"", ""maxHttpHeaderSize"": ""41623"", ""maxHttpRequestHeaderSize"": ""44121"", ""maxHttpResponseHeaderSize"": ""43703"", ""maxKeepAliveRequests"": ""1428"", ""maxParameterCount"": ""93525"", ""maxSwallowSize"": ""14391298"", ""maxThreads"": ""296"", ""minSpareThreads"": ""470"", ""processorCache"": ""383"", ""tcpNoDelay"": ""TRUE"", ""threadPriority"": ""10"", ""threadsMaxIdleTime"": ""569661"", ""throughput__2"": ""2283.24"", ""useAsyncIO"": ""TRUE"", ""useVirtualThreads"": ""TRUE""}"
tomcat,tpe,3302,plain,false,115,2457.51,22.24,2457.51,10.035851240158081,"[8, 50, 10, False]",0.0,10.035743951797485,0.0,"{""acceptCount"": ""476"", ""allowBackslash"": ""TRUE"", ""compression"": ""off"", ""compressionMinSize"": ""7741"", ""connectionTimeout"": ""255368"", ""connectionUploadTimeout"": ""67990"", ""disableUploadTimeout"": ""TRUE"", ""executorTerminationTimeoutMillis"": ""534160"", ""keepAliveTimeout"": ""396157"", ""maxConnections"": ""6034"", ""maxHeaderCount"": ""725"", ""maxHttpHeaderSize"": ""43002"", ""maxHttpRequestHeaderSize"": ""3748"", ""maxHttpResponseHeaderSize"": ""39784"", ""maxKeepAliveRequests"": ""1955"", ""maxParameterCount"": ""99659"", ""maxSwallowSize"": ""3912205"", ""maxThreads"": ""259"", ""minSpareThreads"": ""37"", ""processorCache"": ""391"", ""tcpNoDelay"": ""TRUE"", ""threadPriority"": ""5"", ""threadsMaxIdleTime"": ""537441"", ""throughput__2"": ""2457.51"", ""useAsyncIO"": ""TRUE"", ""useVirtualThreads"": ""FALSE""}"
tomcat,tpe,3302,plain,false,116,2508.42,24.67,2508.42,10.028002738952637,"[8, 50, 10, False]",0.0,10.027923107147217,0.0,"{""acceptCount"": ""107"", ""allowBackslash"": ""TRUE"", ""compression"": ""on"", ""compressionMinSize"": ""1651"", ""connectionTimeout"": ""347194"", ""connectionUploadTimeout"": ""400035"", ""disableUploadTimeout"": ""TRUE"", ""executorTerminationTimeoutMillis"": ""585119"", ""keepAliveTimeout"": ""323496"", ""maxConnections"": ""2695"", ""maxHeaderCount"": ""476"", ""maxHttpHeaderSize"": ""45631"", ""maxHttpRequestHeaderSize"": ""54776"", ""maxHttpResponseHeaderSize"": ""55173"", ""maxKeepAliveRequests"": ""4518"", ""maxParameterCount"": ""65588"", ""maxSwallowSize"": ""16693769"", ""maxThreads"": ""129"", ""minSpareThreads"": ""751"", ""processorCache"": ""215"", ""tcpNoDelay"": ""FALSE"", ""threadPriority"": ""3"", ""threadsMaxIdleTime"": ""146685"", ""throughput__2"": ""2508.42"", ""useAsyncIO"": ""TRUE"", ""useVirtualThreads"": ""FALSE""}"
tomcat,tpe,3302,plain,false,117,2495.72,23.36,2495.72,10.032668828964233,"[8, 50, 10, False]",0.0,10.032585859298706,0.0,"{""acceptCount"": ""373"", ""allowBackslash"": ""TRUE"", ""compression"": ""force"", ""compressionMinSize"": ""6915"", ""connectionTimeout"": ""514617"", ""connectionUploadTimeout"": ""193935"", ""disableUploadTimeout"": ""TRUE"", ""executorTerminationTimeoutMillis"": ""367453"", ""keepAliveTimeout"": ""276884"", ""maxConnections"": ""18983"", ""maxHeaderCount"": ""356"", ""maxHttpHeaderSize"": ""22203"", ""maxHttpRequestHeaderSize"": ""7720"", ""maxHttpResponseHeaderSize"": ""2477"", ""maxKeepAliveRequests"": ""3654"", ""maxParameterCount"": ""72709"", ""maxSwallowSize"": ""2232959"", ""maxThreads"": ""155"", ""minSpareThreads"": ""917"", ""processorCache"": ""244"", ""tcpNoDelay"": ""FALSE"", ""threadPriority"": ""3"", ""threadsMaxIdleTime"": ""398154"", ""throughput__2"": ""2495.72"", ""useAsyncIO"": ""TRUE"", ""useVirtualThreads"": ""FALSE""}"
tomcat,tpe,3302,plain,false,118,2560.79,22.25,2560.79,10.0805025100708,"[8, 50, 10, False]",0.0,10.079744815826416,0.0,"{""acceptCount"": ""524"", ""allowBackslash"": ""TRUE"", ""compression"": ""on"", ""compressionMinSize"": ""4346"", ""connectionTimeout"": ""447441"", ""connectionUploadTimeout"": ""451938"", ""disableUploadTimeout"": ""TRUE"", ""executorTerminationTimeoutMillis"": ""341468"", ""keepAliveTimeout"": ""6532"", ""maxConnections"": ""9167"", ""maxHeaderCount"": ""293"", ""maxHttpHeaderSize"": ""32205"", ""maxHttpRequestHeaderSize"": ""44944"", ""maxHttpResponseHeaderSize"": ""55196"", ""maxKeepAliveRequests"": ""2145"", ""maxParameterCount"": ""77187"", ""maxSwallowSize"": ""16578508"", ""maxThreads"": ""28"", ""minSpareThreads"": ""57"", ""processorCache"": ""165"", ""tcpNoDelay"": ""FALSE"", ""threadPriority"": ""5"", ""threadsMaxIdleTime"": ""363051"", ""throughput__2"": ""2560.79"", ""useAsyncIO"": ""TRUE"", ""useVirtualThreads"": ""FALSE""}"
tomcat,tpe,3302,plain,false,119,2351.11,26.57,2351.11,10.065921545028687,"[8, 50, 10, False]",0.0,10.065827131271362,0.0,"{""acceptCount"": ""184"", ""allowBackslash"": ""FALSE"", ""compression"": ""off"", ""compressionMinSize"": ""9072"", ""connectionTimeout"": ""571231"", ""connectionUploadTimeout"": ""164539"", ""disableUploadTimeout"": ""TRUE"", ""executorTerminationTimeoutMillis"": ""316618"", ""keepAliveTimeout"": ""119704"", ""maxConnections"": ""19826"", ""maxHeaderCount"": ""79"", ""maxHttpHeaderSize"": ""25647"", ""maxHttpRequestHeaderSize"": ""20887"", ""maxHttpResponseHeaderSize"": ""47846"", ""maxKeepAliveRequests"": ""4377"", ""maxParameterCount"": ""58740"", ""maxSwallowSize"": ""11363371"", ""maxThreads"": ""73"", ""minSpareThreads"": ""819"", ""processorCache"": ""330"", ""tcpNoDelay"": ""FALSE"", ""threadPriority"": ""1"", ""threadsMaxIdleTime"": ""304967"", ""throughput__2"": ""2351.11"", ""useAsyncIO"": ""TRUE"", ""useVirtualThreads"": ""FALSE""}"
tomcat,tpe,3302,plain,false,120,2293.29,24.9,2293.29,10.03385591506958,"[8, 50, 10, False]",0.0,10.033736944198608,0.0,"{""acceptCount"": ""43"", ""allowBackslash"": ""TRUE"", ""compression"": ""force"", ""compressionMinSize"": ""5174"", ""connectionTimeout"": ""98910"", ""connectionUploadTimeout"": ""598875"", ""disableUploadTimeout"": ""FALSE"", ""executorTerminationTimeoutMillis"": ""331388"", ""keepAliveTimeout"": ""366354"", ""maxConnections"": ""4234"", ""maxHeaderCount"": ""100"", ""maxHttpHeaderSize"": ""52393"", ""maxHttpRequestHeaderSize"": ""60372"", ""maxHttpResponseHeaderSize"": ""17205"", ""maxKeepAliveRequests"": ""3782"", ""maxParameterCount"": ""19517"", ""maxSwallowSize"": ""3899655"", ""maxThreads"": ""63"", ""minSpareThreads"": ""214"", ""processorCache"": ""225"", ""tcpNoDelay"": ""FALSE"", ""threadPriority"": ""2"", ""threadsMaxIdleTime"": ""63252"", ""throughput__2"": ""2293.29"", ""useAsyncIO"": ""FALSE"", ""useVirtualThreads"": ""FALSE""}"
tomcat,tpe,3302,plain,false,121,2202.89,24.5,2202.89,10.039729833602905,"[8, 50, 10, False]",0.0,10.039641618728638,0.0,"{""acceptCount"": ""304"", ""allowBackslash"": ""TRUE"", ""compression"": ""force"", ""compressionMinSize"": ""5225"", ""connectionTimeout"": ""312863"", ""connectionUploadTimeout"": ""372891"", ""disableUploadTimeout"": ""TRUE"", ""executorTerminationTimeoutMillis"": ""307589"", ""keepAliveTimeout"": ""455464"", ""maxConnections"": ""12410"", ""maxHeaderCount"": ""419"", ""maxHttpHeaderSize"": ""43653"", ""maxHttpRequestHeaderSize"": ""3818"", ""maxHttpResponseHeaderSize"": ""36411"", ""maxKeepAliveRequests"": ""2589"", ""maxParameterCount"": ""89375"", ""maxSwallowSize"": ""2035718"", ""maxThreads"": ""368"", ""minSpareThreads"": ""618"", ""processorCache"": ""342"", ""tcpNoDelay"": ""FALSE"", ""threadPriority"": ""3"", ""threadsMaxIdleTime"": ""334582"", ""throughput__2"": ""2202.89"", ""useAsyncIO"": ""TRUE"", ""useVirtualThreads"": ""FALSE""}"
tomcat,tpe,3302,plain,false,122,2422.56,26.56,2422.56,10.034356117248535,"[8, 50, 10, False]",0.0,10.034237623214722,0.0,"{""acceptCount"": ""791"", ""allowBackslash"": ""TRUE"", ""compression"": ""force"", ""compressionMinSize"": ""9033"", ""connectionTimeout"": ""242292"", ""connectionUploadTimeout"": ""110141"", ""disableUploadTimeout"": ""TRUE"", ""executorTerminationTimeoutMillis"": ""356249"", ""keepAliveTimeout"": ""423663"", ""maxConnections"": ""656"", ""maxHeaderCount"": ""966"", ""maxHttpHeaderSize"": ""668"", ""maxHttpRequestHeaderSize"": ""4357"", ""maxHttpResponseHeaderSize"": ""1929"", ""maxKeepAliveRequests"": ""2893"", ""maxParameterCount"": ""76148"", ""maxSwallowSize"": ""15488837"", ""maxThreads"": ""132"", ""minSpareThreads"": ""952"", ""processorCache"": ""224"", ""tcpNoDelay"": ""FALSE"", ""threadPriority"": ""2"", ""threadsMaxIdleTime"": ""496675"", ""throughput__2"": ""2422.56"", ""useAsyncIO"": ""TRUE"", ""useVirtualThreads"": ""FALSE""}"
tomcat,tpe,3302,plain,false,123,2469.82,26.18,2469.82,10.036951065063477,"[8, 50, 10, False]",0.0,10.03685736656189,0.0,"{""acceptCount"": ""601"", ""allowBackslash"": ""TRUE"", ""compression"": ""off"", ""compressionMinSize"": ""489"", ""connectionTimeout"": ""187501"", ""connectionUploadTimeout"": ""595555"", ""disableUploadTimeout"": ""TRUE"", ""executorTerminationTimeoutMillis"": ""240863"", ""keepAliveTimeout"": ""233070"", ""maxConnections"": ""7039"", ""maxHeaderCount"": ""836"", ""maxHttpHeaderSize"": ""5796"", ""maxHttpRequestHeaderSize"": ""32824"", ""maxHttpResponseHeaderSize"": ""14273"", ""maxKeepAliveRequests"": ""802"", ""maxParameterCount"": ""40637"", ""maxSwallowSize"": ""17347716"", ""maxThreads"": ""48"", ""minSpareThreads"": ""383"", ""processorCache"": ""62"", ""tcpNoDelay"": ""FALSE"", ""threadPriority"": ""7"", ""threadsMaxIdleTime"": ""35571"", ""throughput__2"": ""2469.82"", ""useAsyncIO"": ""TRUE"", ""useVirtualThreads"": ""FALSE""}"
tomcat,tpe,3302,plain,false,124,2591.42,22.89,2591.42,10.033177614212036,"[8, 50, 10, False]",0.0,10.033082008361816,0.0,"{""acceptCount"": ""54"", ""allowBackslash"": ""TRUE"", ""compression"": ""force"", ""compressionMinSize"": ""945"", ""connectionTimeout"": ""227786"", ""connectionUploadTimeout"": ""17217"", ""disableUploadTimeout"": ""TRUE"", ""executorTerminationTimeoutMillis"": ""469352"", ""keepAliveTimeout"": ""479552"", ""maxConnections"": ""2414"", ""maxHeaderCount"": ""383"", ""maxHttpHeaderSize"": ""19068"", ""maxHttpRequestHeaderSize"": ""51513"", ""maxHttpResponseHeaderSize"": ""1130"", ""maxKeepAliveRequests"": ""467"", ""maxParameterCount"": ""39042"", ""maxSwallowSize"": ""1787968"", ""maxThreads"": ""148"", ""minSpareThreads"": ""775"", ""processorCache"": ""288"", ""tcpNoDelay"": ""TRUE"", ""threadPriority"": ""9"", ""threadsMaxIdleTime"": ""297241"", ""throughput__2"": ""2591.42"", ""useAsyncIO"": ""TRUE"", ""useVirtualThreads"": ""FALSE""}"
tomcat,tpe,3302,plain,false,125,2504.95,24.4,2504.95,10.03690791130066,"[8, 50, 10, False]",0.0,10.036826848983765,0.0,"{""acceptCount"": ""424"", ""allowBackslash"": ""TRUE"", ""compression"": ""force"", ""compressionMinSize"": ""2189"", ""connectionTimeout"": ""541903"", ""connectionUploadTimeout"": ""291380"", ""disableUploadTimeout"": ""TRUE"", ""executorTerminationTimeoutMillis"": ""234060"", ""keepAliveTimeout"": ""53442"", ""maxConnections"": ""11594"", ""maxHeaderCount"": ""667"", ""maxHttpHeaderSize"": ""37625"", ""maxHttpRequestHeaderSize"": ""62151"", ""maxHttpResponseHeaderSize"": ""57740"", ""maxKeepAliveRequests"": ""3524"", ""maxParameterCount"": ""76200"", ""maxSwallowSize"": ""11728449"", ""maxThreads"": ""300"", ""minSpareThreads"": ""1"", ""processorCache"": ""295"", ""tcpNoDelay"": ""FALSE"", ""threadPriority"": ""6"", ""threadsMaxIdleTime"": ""493175"", ""throughput__2"": ""2504.95"", ""useAsyncIO"": ""TRUE"", ""useVirtualThreads"": ""FALSE""}"
tomcat,tpe,3302,plain,false,126,2509.87,22.66,2509.87,10.05730676651001,"[8, 50, 10, False]",0.0,10.057221174240112,0.0,"{""acceptCount"": ""974"", ""allowBackslash"": ""TRUE"", ""compression"": ""force"", ""compressionMinSize"": ""3250"", ""connectionTimeout"": ""567626"", ""connectionUploadTimeout"": ""162146"", ""disableUploadTimeout"": ""TRUE"", ""executorTerminationTimeoutMillis"": ""428863"", ""keepAliveTimeout"": ""25634"", ""maxConnections"": ""16267"", ""maxHeaderCount"": ""932"", ""maxHttpHeaderSize"": ""16121"", ""maxHttpRequestHeaderSize"": ""43672"", ""maxHttpResponseHeaderSize"": ""14868"", ""maxKeepAliveRequests"": ""1700"", ""maxParameterCount"": ""3797"", ""maxSwallowSize"": ""19044781"", ""maxThreads"": ""274"", ""minSpareThreads"": ""665"", ""processorCache"": ""332"", ""tcpNoDelay"": ""FALSE"", ""threadPriority"": ""7"", ""threadsMaxIdleTime"": ""485388"", ""throughput__2"": ""2509.87"", ""useAsyncIO"": ""TRUE"", ""useVirtualThreads"": ""FALSE""}"
tomcat,tpe,3302,plain,false,127,2262.46,21.95,2262.46,10.053375482559204,"[8, 50, 10, False]",0.0,10.053285121917725,0.0,"{""acceptCount"": ""494"", ""allowBackslash"": ""TRUE"", ""compression"": ""on"", ""compressionMinSize"": ""1253"", ""connectionTimeout"": ""387450"", ""connectionUploadTimeout"": ""146728"", ""disableUploadTimeout"": ""TRUE"", ""executorTerminationTimeoutMillis"": ""460962"", ""keepAliveTimeout"": ""316626"", ""maxConnections"": ""4840"", ""maxHeaderCount"": ""230"", ""maxHttpHeaderSize"": ""9079"", ""maxHttpRequestHeaderSize"": ""54092"", ""maxHttpResponseHeaderSize"": ""12543"", ""maxKeepAliveRequests"": ""2404"", ""maxParameterCount"": ""51552"", ""maxSwallowSize"": ""896279"", ""maxThreads"": ""39"", ""minSpareThreads"": ""564"", ""processorCache"": ""321"", ""tcpNoDelay"": ""TRUE"", ""threadPriority"": ""6"", ""threadsMaxIdleTime"": ""315185"", ""throughput__2"": ""2262.46"", ""useAsyncIO"": ""TRUE"", ""useVirtualThreads"": ""TRUE""}"
tomcat,tpe,3302,plain,false,128,2132.59,23.4,2132.59,10.044734477996826,"[8, 50, 10, False]",0.0,10.044649839401245,0.0,"{""acceptCount"": ""743"", ""allowBackslash"": ""FALSE"", ""compression"": ""on"", ""compressionMinSize"": ""4573"", ""connectionTimeout"": ""203152"", ""connectionUploadTimeout"": ""67365"", ""disableUploadTimeout"": ""FALSE"", ""executorTerminationTimeoutMillis"": ""445501"", ""keepAliveTimeout"": ""207996"", ""maxConnections"": ""1364"", ""maxHeaderCount"": ""887"", ""maxHttpHeaderSize"": ""61927"", ""maxHttpRequestHeaderSize"": ""52360"", ""maxHttpResponseHeaderSize"": ""2387"", ""maxKeepAliveRequests"": ""2303"", ""maxParameterCount"": ""96224"", ""maxSwallowSize"": ""9198868"", ""maxThreads"": ""12"", ""minSpareThreads"": ""175"", ""processorCache"": ""307"", ""tcpNoDelay"": ""FALSE"", ""threadPriority"": ""6"", ""threadsMaxIdleTime"": ""302456"", ""throughput__2"": ""2132.59"", ""useAsyncIO"": ""TRUE"", ""useVirtualThreads"": ""TRUE""}"
tomcat,tpe,3302,plain,false,129,2135.06,24.61,2135.06,10.054522275924683,"[8, 50, 10, False]",0.0,10.0543692111969,0.0,"{""acceptCount"": ""833"", ""allowBackslash"": ""FALSE"", ""compression"": ""on"", ""compressionMinSize"": ""6676"", ""connectionTimeout"": ""383017"", ""connectionUploadTimeout"": ""313632"", ""disableUploadTimeout"": ""FALSE"", ""executorTerminationTimeoutMillis"": ""115806"", ""keepAliveTimeout"": ""170574"", ""maxConnections"": ""13784"", ""maxHeaderCount"": ""740"", ""maxHttpHeaderSize"": ""6366"", ""maxHttpRequestHeaderSize"": ""63035"", ""maxHttpResponseHeaderSize"": ""9313"", ""maxKeepAliveRequests"": ""1748"", ""maxParameterCount"": ""13203"", ""maxSwallowSize"": ""14132709"", ""maxThreads"": ""63"", ""minSpareThreads"": ""938"", ""processorCache"": ""45"", ""tcpNoDelay"": ""TRUE"", ""threadPriority"": ""2"", ""threadsMaxIdleTime"": ""190909"", ""throughput__2"": ""2135.06"", ""useAsyncIO"": ""TRUE"", ""useVirtualThreads"": ""FALSE""}"
tomcat,tpe,3302,plain,false,130,2222.69,25.34,2222.69,10.0383939743042,"[8, 50, 10, False]",0.0,10.03825044631958,0.0,"{""acceptCount"": ""630"", ""allowBackslash"": ""TRUE"", ""compression"": ""on"", ""compressionMinSize"": ""1090"", ""connectionTimeout"": ""523437"", ""connectionUploadTimeout"": ""263124"", ""disableUploadTimeout"": ""TRUE"", ""executorTerminationTimeoutMillis"": ""479722"", ""keepAliveTimeout"": ""234976"", ""maxConnections"": ""17169"", ""maxHeaderCount"": ""602"", ""maxHttpHeaderSize"": ""8076"", ""maxHttpRequestHeaderSize"": ""57970"", ""maxHttpResponseHeaderSize"": ""51915"", ""maxKeepAliveRequests"": ""75"", ""maxParameterCount"": ""4187"", ""maxSwallowSize"": ""1946123"", ""maxThreads"": ""65"", ""minSpareThreads"": ""978"", ""processorCache"": ""242"", ""tcpNoDelay"": ""FALSE"", ""threadPriority"": ""8"", ""threadsMaxIdleTime"": ""523952"", ""throughput__2"": ""2222.69"", ""useAsyncIO"": ""TRUE"", ""useVirtualThreads"": ""FALSE""}"
tomcat,tpe,3302,plain,false,131,2430.42,25.55,2430.42,10.045855283737183,"[8, 50, 10, False]",0.0,10.045768022537231,0.0,"{""acceptCount"": ""336"", ""allowBackslash"": ""TRUE"", ""compression"": ""on"", ""compressionMinSize"": ""6846"", ""connectionTimeout"": ""572838"", ""connectionUploadTimeout"": ""282105"", ""disableUploadTimeout"": ""TRUE"", ""executorTerminationTimeoutMillis"": ""148125"", ""keepAliveTimeout"": ""3829"", ""maxConnections"": ""2226"", ""maxHeaderCount"": ""768"", ""maxHttpHeaderSize"": ""50519"", ""maxHttpRequestHeaderSize"": ""61011"", ""maxHttpResponseHeaderSize"": ""48741"", ""maxKeepAliveRequests"": ""4963"", ""maxParameterCount"": ""24242"", ""maxSwallowSize"": ""11102930"", ""maxThreads"": ""148"", ""minSpareThreads"": ""909"", ""processorCache"": ""122"", ""tcpNoDelay"": ""FALSE"", ""threadPriority"": ""1"", ""threadsMaxIdleTime"": ""333144"", ""throughput__2"": ""2430.42"", ""useAsyncIO"": ""FALSE"", ""useVirtualThreads"": ""FALSE""}"
tomcat,tpe,3302,plain,false,132,2328.2,25.69,2328.2,10.03734540939331,"[8, 50, 10, False]",0.0,10.037253379821777,0.0,"{""acceptCount"": ""791"", ""allowBackslash"": ""TRUE"", ""compression"": ""off"", ""compressionMinSize"": ""344"", ""connectionTimeout"": ""286611"", ""connectionUploadTimeout"": ""194016"", ""disableUploadTimeout"": ""TRUE"", ""executorTerminationTimeoutMillis"": ""70824"", ""keepAliveTimeout"": ""504015"", ""maxConnections"": ""10694"", ""maxHeaderCount"": ""638"", ""maxHttpHeaderSize"": ""26915"", ""maxHttpRequestHeaderSize"": ""51590"", ""maxHttpResponseHeaderSize"": ""53043"", ""maxKeepAliveRequests"": ""103"", ""maxParameterCount"": ""54989"", ""maxSwallowSize"": ""13837688"", ""maxThreads"": ""218"", ""minSpareThreads"": ""118"", ""processorCache"": ""90"", ""tcpNoDelay"": ""FALSE"", ""threadPriority"": ""2"", ""threadsMaxIdleTime"": ""341260"", ""throughput__2"": ""2328.2"", ""useAsyncIO"": ""TRUE"", ""useVirtualThreads"": ""FALSE""}"
tomcat,tpe,3302,plain,false,133,2574.45,19.73,2574.45,10.032200336456299,"[8, 50, 10, False]",0.0,10.032119274139404,0.0,"{""acceptCount"": ""864"", ""allowBackslash"": ""TRUE"", ""compression"": ""off"", ""compressionMinSize"": ""4650"", ""connectionTimeout"": ""581141"", ""connectionUploadTimeout"": ""537890"", ""disableUploadTimeout"": ""FALSE"", ""executorTerminationTimeoutMillis"": ""169136"", ""keepAliveTimeout"": ""349575"", ""maxConnections"": ""2710"", ""maxHeaderCount"": ""55"", ""maxHttpHeaderSize"": ""25854"", ""maxHttpRequestHeaderSize"": ""37310"", ""maxHttpResponseHeaderSize"": ""27154"", ""maxKeepAliveRequests"": ""3548"", ""maxParameterCount"": ""9486"", ""maxSwallowSize"": ""14861064"", ""maxThreads"": ""17"", ""minSpareThreads"": ""524"", ""processorCache"": ""379"", ""tcpNoDelay"": ""FALSE"", ""threadPriority"": ""9"", ""threadsMaxIdleTime"": ""199054"", ""throughput__2"": ""2574.45"", ""useAsyncIO"": ""TRUE"", ""useVirtualThreads"": ""FALSE""}"
tomcat,tpe,3302,plain,false,134,2466.62,24.58,2466.62,10.04921007156372,"[8, 50, 10, False]",0.0,10.04912781715393,0.0,"{""acceptCount"": ""679"", ""allowBackslash"": ""TRUE"", ""compression"": ""force"", ""compressionMinSize"": ""5687"", ""connectionTimeout"": ""418747"", ""connectionUploadTimeout"": ""204473"", ""disableUploadTimeout"": ""TRUE"", ""executorTerminationTimeoutMillis"": ""24380"", ""keepAliveTimeout"": ""194759"", ""maxConnections"": ""1666"", ""maxHeaderCount"": ""347"", ""maxHttpHeaderSize"": ""44453"", ""maxHttpRequestHeaderSize"": ""37393"", ""maxHttpResponseHeaderSize"": ""2699"", ""maxKeepAliveRequests"": ""970"", ""maxParameterCount"": ""3195"", ""maxSwallowSize"": ""8217508"", ""maxThreads"": ""48"", ""minSpareThreads"": ""726"", ""processorCache"": ""149"", ""tcpNoDelay"": ""FALSE"", ""threadPriority"": ""6"", ""threadsMaxIdleTime"": ""158743"", ""throughput__2"": ""2466.62"", ""useAsyncIO"": ""TRUE"", ""useVirtualThreads"": ""FALSE""}"
tomcat,tpe,3302,plain,false,135,2467.46,22.84,2467.46,10.058423042297363,"[8, 50, 10, False]",0.0,10.058335065841675,0.0,"{""acceptCount"": ""289"", ""allowBackslash"": ""TRUE"", ""compression"": ""off"", ""compressionMinSize"": ""8014"", ""connectionTimeout"": ""146377"", ""connectionUploadTimeout"": ""445183"", ""disableUploadTimeout"": ""TRUE"", ""executorTerminationTimeoutMillis"": ""513649"", ""keepAliveTimeout"": ""524738"", ""maxConnections"": ""15458"", ""maxHeaderCount"": ""612"", ""maxHttpHeaderSize"": ""58617"", ""maxHttpRequestHeaderSize"": ""55642"", ""maxHttpResponseHeaderSize"": ""25429"", ""maxKeepAliveRequests"": ""4782"", ""maxParameterCount"": ""36839"", ""maxSwallowSize"": ""9990655"", ""maxThreads"": ""76"", ""minSpareThreads"": ""198"", ""processorCache"": ""283"", ""tcpNoDelay"": ""FALSE"", ""threadPriority"": ""6"", ""threadsMaxIdleTime"": ""39807"", ""throughput__2"": ""2467.46"", ""useAsyncIO"": ""FALSE"", ""useVirtualThreads"": ""FALSE""}"
tomcat,tpe,3302,plain,false,136,2279.38,24.06,2279.38,10.061159610748291,"[8, 50, 10, False]",0.0,10.061070203781128,0.0,"{""acceptCount"": ""40"", ""allowBackslash"": ""TRUE"", ""compression"": ""on"", ""compressionMinSize"": ""5436"", ""connectionTimeout"": ""586128"", ""connectionUploadTimeout"": ""433157"", ""disableUploadTimeout"": ""TRUE"", ""executorTerminationTimeoutMillis"": ""348986"", ""keepAliveTimeout"": ""28026"", ""maxConnections"": ""19794"", ""maxHeaderCount"": ""147"", ""maxHttpHeaderSize"": ""56137"", ""maxHttpRequestHeaderSize"": ""22818"", ""maxHttpResponseHeaderSize"": ""638"", ""maxKeepAliveRequests"": ""1149"", ""maxParameterCount"": ""27606"", ""maxSwallowSize"": ""18988243"", ""maxThreads"": ""206"", ""minSpareThreads"": ""343"", ""processorCache"": ""280"", ""tcpNoDelay"": ""FALSE"", ""threadPriority"": ""6"", ""threadsMaxIdleTime"": ""416445"", ""throughput__2"": ""2279.38"", ""useAsyncIO"": ""TRUE"", ""useVirtualThreads"": ""FALSE""}"
tomcat,tpe,3302,plain,false,137,2088.62,25.52,2088.62,10.06255841255188,"[8, 50, 10, False]",0.0,10.062473058700562,0.0,"{""acceptCount"": ""950"", ""allowBackslash"": ""TRUE"", ""compression"": ""on"", ""compressionMinSize"": ""9629"", ""connectionTimeout"": ""503205"", ""connectionUploadTimeout"": ""51397"", ""disableUploadTimeout"": ""TRUE"", ""executorTerminationTimeoutMillis"": ""571835"", ""keepAliveTimeout"": ""438924"", ""maxConnections"": ""2195"", ""maxHeaderCount"": ""925"", ""maxHttpHeaderSize"": ""57413"", ""maxHttpRequestHeaderSize"": ""58864"", ""maxHttpResponseHeaderSize"": ""48700"", ""maxKeepAliveRequests"": ""4395"", ""maxParameterCount"": ""72720"", ""maxSwallowSize"": ""12827285"", ""maxThreads"": ""393"", ""minSpareThreads"": ""437"", ""processorCache"": ""361"", ""tcpNoDelay"": ""FALSE"", ""threadPriority"": ""6"", ""threadsMaxIdleTime"": ""136680"", ""throughput__2"": ""2088.62"", ""useAsyncIO"": ""TRUE"", ""useVirtualThreads"": ""FALSE""}"
tomcat,tpe,3302,plain,false,138,2236.53,25.73,2236.53,10.0448157787323,"[8, 50, 10, False]",0.0,10.044727087020874,0.0,"{""acceptCount"": ""295"", ""allowBackslash"": ""FALSE"", ""compression"": ""off"", ""compressionMinSize"": ""8066"", ""connectionTimeout"": ""488601"", ""connectionUploadTimeout"": ""152496"", ""disableUploadTimeout"": ""FALSE"", ""executorTerminationTimeoutMillis"": ""196585"", ""keepAliveTimeout"": ""154425"", ""maxConnections"": ""19215"", ""maxHeaderCount"": ""976"", ""maxHttpHeaderSize"": ""63194"", ""maxHttpRequestHeaderSize"": ""4298"", ""maxHttpResponseHeaderSize"": ""3539"", ""maxKeepAliveRequests"": ""2698"", ""maxParameterCount"": ""35536"", ""maxSwallowSize"": ""15289377"", ""maxThreads"": ""179"", ""minSpareThreads"": ""288"", ""processorCache"": ""360"", ""tcpNoDelay"": ""TRUE"", ""threadPriority"": ""10"", ""threadsMaxIdleTime"": ""21841"", ""throughput__2"": ""2236.53"", ""useAsyncIO"": ""TRUE"", ""useVirtualThreads"": ""FALSE""}"
tomcat,tpe,3302,plain,false,139,2308.1,25.11,2308.1,10.0387282371521,"[8, 50, 10, False]",0.0,10.038641929626465,0.0,"{""acceptCount"": ""989"", ""allowBackslash"": ""TRUE"", ""compression"": ""force"", ""compressionMinSize"": ""10056"", ""connectionTimeout"": ""571943"", ""connectionUploadTimeout"": ""279973"", ""disableUploadTimeout"": ""TRUE"", ""executorTerminationTimeoutMillis"": ""251357"", ""keepAliveTimeout"": ""54111"", ""maxConnections"": ""19204"", ""maxHeaderCount"": ""675"", ""maxHttpHeaderSize"": ""43776"", ""maxHttpRequestHeaderSize"": ""10676"", ""maxHttpResponseHeaderSize"": ""13675"", ""maxKeepAliveRequests"": ""3160"", ""maxParameterCount"": ""47134"", ""maxSwallowSize"": ""15820616"", ""maxThreads"": ""251"", ""minSpareThreads"": ""775"", ""processorCache"": ""125"", ""tcpNoDelay"": ""FALSE"", ""threadPriority"": ""7"", ""threadsMaxIdleTime"": ""587914"", ""throughput__2"": ""2308.1"", ""useAsyncIO"": ""TRUE"", ""useVirtualThreads"": ""FALSE""}"
tomcat,tpe,3302,plain,false,140,2462.95,25.54,2462.95,10.045460939407349,"[8, 50, 10, False]",0.0,10.045301914215088,0.0,"{""acceptCount"": ""55"", ""allowBackslash"": ""TRUE"", ""compression"": ""force"", ""compressionMinSize"": ""4709"", ""connectionTimeout"": ""501652"", ""connectionUploadTimeout"": ""398550"", ""disableUploadTimeout"": ""TRUE"", ""executorTerminationTimeoutMillis"": ""583020"", ""keepAliveTimeout"": ""77294"", ""maxConnections"": ""5112"", ""maxHeaderCount"": ""774"", ""maxHttpHeaderSize"": ""51239"", ""maxHttpRequestHeaderSize"": ""5114"", ""maxHttpResponseHeaderSize"": ""44100"", ""maxKeepAliveRequests"": ""3761"", ""maxParameterCount"": ""12837"", ""maxSwallowSize"": ""11560417"", ""maxThreads"": ""155"", ""minSpareThreads"": ""988"", ""processorCache"": ""54"", ""tcpNoDelay"": ""FALSE"", ""threadPriority"": ""4"", ""threadsMaxIdleTime"": ""176272"", ""throughput__2"": ""2462.95"", ""useAsyncIO"": ""TRUE"", ""useVirtualThreads"": ""FALSE""}"
tomcat,tpe,3302,plain,false,141,2390.32,23.98,2390.32,10.038935899734497,"[8, 50, 10, False]",0.0,10.038847923278809,0.0,"{""acceptCount"": ""406"", ""allowBackslash"": ""TRUE"", ""compression"": ""force"", ""compressionMinSize"": ""1404"", ""connectionTimeout"": ""90898"", ""connectionUploadTimeout"": ""220084"", ""disableUploadTimeout"": ""TRUE"", ""executorTerminationTimeoutMillis"": ""386604"", ""keepAliveTimeout"": ""423376"", ""maxConnections"": ""17858"", ""maxHeaderCount"": ""82"", ""maxHttpHeaderSize"": ""32056"", ""maxHttpRequestHeaderSize"": ""7199"", ""maxHttpResponseHeaderSize"": ""40244"", ""maxKeepAliveRequests"": ""4946"", ""maxParameterCount"": ""9005"", ""maxSwallowSize"": ""16797283"", ""maxThreads"": ""139"", ""minSpareThreads"": ""701"", ""processorCache"": ""337"", ""tcpNoDelay"": ""FALSE"", ""threadPriority"": ""5"", ""threadsMaxIdleTime"": ""53324"", ""throughput__2"": ""2390.32"", ""useAsyncIO"": ""TRUE"", ""useVirtualThreads"": ""FALSE""}"
tomcat,tpe,3302,plain,false,142,2496.49,23.05,2496.49,10.042239904403687,"[8, 50, 10, False]",0.0,10.042158842086792,0.0,"{""acceptCount"": ""973"", ""allowBackslash"": ""TRUE"", ""compression"": ""force"", ""compressionMinSize"": ""5146"", ""connectionTimeout"": ""537444"", ""connectionUploadTimeout"": ""554240"", ""disableUploadTimeout"": ""TRUE"", ""executorTerminationTimeoutMillis"": ""506367"", ""keepAliveTimeout"": ""330517"", ""maxConnections"": ""14701"", ""maxHeaderCount"": ""620"", ""maxHttpHeaderSize"": ""4325"", ""maxHttpRequestHeaderSize"": ""56073"", ""maxHttpResponseHeaderSize"": ""15518"", ""maxKeepAliveRequests"": ""1439"", ""maxParameterCount"": ""87734"", ""maxSwallowSize"": ""6801793"", ""maxThreads"": ""158"", ""minSpareThreads"": ""998"", ""processorCache"": ""156"", ""tcpNoDelay"": ""FALSE"", ""threadPriority"": ""5"", ""threadsMaxIdleTime"": ""69589"", ""throughput__2"": ""2496.49"", ""useAsyncIO"": ""TRUE"", ""useVirtualThreads"": ""FALSE""}"
tomcat,tpe,3302,plain,false,143,2565.78,23.14,2565.78,10.048264741897583,"[8, 50, 10, False]",0.0,10.048179388046265,0.0,"{""acceptCount"": ""772"", ""allowBackslash"": ""TRUE"", ""compression"": ""force"", ""compressionMinSize"": ""4173"", ""connectionTimeout"": ""498901"", ""connectionUploadTimeout"": ""93691"", ""disableUploadTimeout"": ""TRUE"", ""executorTerminationTimeoutMillis"": ""64036"", ""keepAliveTimeout"": ""220171"", ""maxConnections"": ""19860"", ""maxHeaderCount"": ""893"", ""maxHttpHeaderSize"": ""56132"", ""maxHttpRequestHeaderSize"": ""56390"", ""maxHttpResponseHeaderSize"": ""46291"", ""maxKeepAliveRequests"": ""3157"", ""maxParameterCount"": ""86737"", ""maxSwallowSize"": ""19349947"", ""maxThreads"": ""271"", ""minSpareThreads"": ""351"", ""processorCache"": ""395"", ""tcpNoDelay"": ""FALSE"", ""threadPriority"": ""8"", ""threadsMaxIdleTime"": ""121613"", ""throughput__2"": ""2565.78"", ""useAsyncIO"": ""TRUE"", ""useVirtualThreads"": ""FALSE""}"
tomcat,tpe,3302,plain,false,144,2412.97,23.57,2412.97,10.06601071357727,"[8, 50, 10, False]",0.0,10.065926313400269,0.0,"{""acceptCount"": ""926"", ""allowBackslash"": ""TRUE"", ""compression"": ""force"", ""compressionMinSize"": ""7738"", ""connectionTimeout"": ""480899"", ""connectionUploadTimeout"": ""331447"", ""disableUploadTimeout"": ""FALSE"", ""executorTerminationTimeoutMillis"": ""138236"", ""keepAliveTimeout"": ""333515"", ""maxConnections"": ""5449"", ""maxHeaderCount"": ""151"", ""maxHttpHeaderSize"": ""29255"", ""maxHttpRequestHeaderSize"": ""33937"", ""maxHttpResponseHeaderSize"": ""49459"", ""maxKeepAliveRequests"": ""2552"", ""maxParameterCount"": ""4350"", ""maxSwallowSize"": ""12577205"", ""maxThreads"": ""147"", ""minSpareThreads"": ""173"", ""processorCache"": ""304"", ""tcpNoDelay"": ""FALSE"", ""threadPriority"": ""1"", ""threadsMaxIdleTime"": ""12316"", ""throughput__2"": ""2412.97"", ""useAsyncIO"": ""TRUE"", ""useVirtualThreads"": ""FALSE""}"
tomcat,tpe,3302,plain,false,145,2238.37,25.27,2238.37,10.055715799331665,"[8, 50, 10, False]",0.0,10.055619716644287,0.0,"{""acceptCount"": ""888"", ""allowBackslash"": ""TRUE"", ""compression"": ""off"", ""compressionMinSize"": ""3206"", ""connectionTimeout"": ""490470"", ""connectionUploadTimeout"": ""164192"", ""disableUploadTimeout"": ""TRUE"", ""executorTerminationTimeoutMillis"": ""166172"", ""keepAliveTimeout"": ""134004"", ""maxConnections"": ""728"", ""maxHeaderCount"": ""188"", ""maxHttpHeaderSize"": ""56904"", ""maxHttpRequestHeaderSize"": ""15246"", ""maxHttpResponseHeaderSize"": ""46775"", ""maxKeepAliveRequests"": ""184"", ""maxParameterCount"": ""39067"", ""maxSwallowSize"": ""9769311"", ""maxThreads"": ""107"", ""minSpareThreads"": ""461"", ""processorCache"": ""44"", ""tcpNoDelay"": ""TRUE"", ""threadPriority"": ""9"", ""threadsMaxIdleTime"": ""140543"", ""throughput__2"": ""2238.37"", ""useAsyncIO"": ""FALSE"", ""useVirtualThreads"": ""FALSE""}"
tomcat,tpe,3302,plain,false,146,2055.83,24.03,2055.83,10.03564167022705,"[8, 50, 10, False]",0.0,10.035552263259888,0.0,"{""acceptCount"": ""167"", ""allowBackslash"": ""FALSE"", ""compression"": ""on"", ""compressionMinSize"": ""5827"", ""connectionTimeout"": ""299430"", ""connectionUploadTimeout"": ""370190"", ""disableUploadTimeout"": ""FALSE"", ""executorTerminationTimeoutMillis"": ""137655"", ""keepAliveTimeout"": ""40019"", ""maxConnections"": ""18227"", ""maxHeaderCount"": ""971"", ""maxHttpHeaderSize"": ""50452"", ""maxHttpRequestHeaderSize"": ""51880"", ""maxHttpResponseHeaderSize"": ""57140"", ""maxKeepAliveRequests"": ""4036"", ""maxParameterCount"": ""23057"", ""maxSwallowSize"": ""15595513"", ""maxThreads"": ""151"", ""minSpareThreads"": ""358"", ""processorCache"": ""123"", ""tcpNoDelay"": ""TRUE"", ""threadPriority"": ""8"", ""threadsMaxIdleTime"": ""128149"", ""throughput__2"": ""2055.83"", ""useAsyncIO"": ""TRUE"", ""useVirtualThreads"": ""TRUE""}"
tomcat,tpe,3302,plain,false,147,2203.36,25.95,2203.36,10.052327394485474,"[8, 50, 10, False]",0.0,10.052236080169678,0.0,"{""acceptCount"": ""510"", ""allowBackslash"": ""FALSE"", ""compression"": ""on"", ""compressionMinSize"": ""2366"", ""connectionTimeout"": ""438030"", ""connectionUploadTimeout"": ""230152"", ""disableUploadTimeout"": ""TRUE"", ""executorTerminationTimeoutMillis"": ""566122"", ""keepAliveTimeout"": ""599499"", ""maxConnections"": ""6038"", ""maxHeaderCount"": ""165"", ""maxHttpHeaderSize"": ""31899"", ""maxHttpRequestHeaderSize"": ""49251"", ""maxHttpResponseHeaderSize"": ""1110"", ""maxKeepAliveRequests"": ""433"", ""maxParameterCount"": ""3962"", ""maxSwallowSize"": ""13287315"", ""maxThreads"": ""50"", ""minSpareThreads"": ""808"", ""processorCache"": ""326"", ""tcpNoDelay"": ""TRUE"", ""threadPriority"": ""7"", ""threadsMaxIdleTime"": ""167630"", ""throughput__2"": ""2203.36"", ""useAsyncIO"": ""TRUE"", ""useVirtualThreads"": ""FALSE""}"
tomcat,tpe,3302,plain,false,148,2232.56,27.11,2232.56,10.046367168426514,"[8, 50, 10, False]",0.0,10.046280145645142,0.0,"{""acceptCount"": ""659"", ""allowBackslash"": ""TRUE"", ""compression"": ""on"", ""compressionMinSize"": ""2187"", ""connectionTimeout"": ""104683"", ""connectionUploadTimeout"": ""575342"", ""disableUploadTimeout"": ""TRUE"", ""executorTerminationTimeoutMillis"": ""477548"", ""keepAliveTimeout"": ""322157"", ""maxConnections"": ""8372"", ""maxHeaderCount"": ""620"", ""maxHttpHeaderSize"": ""10807"", ""maxHttpRequestHeaderSize"": ""13915"", ""maxHttpResponseHeaderSize"": ""64405"", ""maxKeepAliveRequests"": ""1431"", ""maxParameterCount"": ""54494"", ""maxSwallowSize"": ""8401677"", ""maxThreads"": ""234"", ""minSpareThreads"": ""94"", ""processorCache"": ""94"", ""tcpNoDelay"": ""FALSE"", ""threadPriority"": ""8"", ""threadsMaxIdleTime"": ""499433"", ""throughput__2"": ""2232.56"", ""useAsyncIO"": ""TRUE"", ""useVirtualThreads"": ""FALSE""}"
tomcat,tpe,3302,plain,false,149,2571.08,25.2,2571.08,10.05481219291687,"[8, 50, 10, False]",0.0,10.054731607437134,0.0,"{""acceptCount"": ""835"", ""allowBackslash"": ""FALSE"", ""compression"": ""force"", ""compressionMinSize"": ""1648"", ""connectionTimeout"": ""20447"", ""connectionUploadTimeout"": ""388996"", ""disableUploadTimeout"": ""FALSE"", ""executorTerminationTimeoutMillis"": ""156795"", ""keepAliveTimeout"": ""499730"", ""maxConnections"": ""16724"", ""maxHeaderCount"": ""504"", ""maxHttpHeaderSize"": ""29484"", ""maxHttpRequestHeaderSize"": ""61436"", ""maxHttpResponseHeaderSize"": ""4999"", ""maxKeepAliveRequests"": ""4264"", ""maxParameterCount"": ""72759"", ""maxSwallowSize"": ""2101566"", ""maxThreads"": ""130"", ""minSpareThreads"": ""648"", ""processorCache"": ""75"", ""tcpNoDelay"": ""FALSE"", ""threadPriority"": ""1"", ""threadsMaxIdleTime"": ""433617"", ""throughput__2"": ""2571.08"", ""useAsyncIO"": ""TRUE"", ""useVirtualThreads"": ""FALSE""}"
tomcat,tpe,3302,plain,false,150,2397.74,23.71,2397.74,10.080107688903809,"[8, 50, 10, False]",0.0,10.08002257347107,0.0,"{""acceptCount"": ""972"", ""allowBackslash"": ""TRUE"", ""compression"": ""on"", ""compressionMinSize"": ""3673"", ""connectionTimeout"": ""459416"", ""connectionUploadTimeout"": ""560350"", ""disableUploadTimeout"": ""TRUE"", ""executorTerminationTimeoutMillis"": ""382195"", ""keepAliveTimeout"": ""497223"", ""maxConnections"": ""19480"", ""maxHeaderCount"": ""606"", ""maxHttpHeaderSize"": ""43013"", ""maxHttpRequestHeaderSize"": ""48647"", ""maxHttpResponseHeaderSize"": ""21977"", ""maxKeepAliveRequests"": ""4029"", ""maxParameterCount"": ""48473"", ""maxSwallowSize"": ""9919282"", ""maxThreads"": ""174"", ""minSpareThreads"": ""956"", ""processorCache"": ""395"", ""tcpNoDelay"": ""FALSE"", ""threadPriority"": ""5"", ""threadsMaxIdleTime"": ""194824"", ""throughput__2"": ""2397.74"", ""useAsyncIO"": ""TRUE"", ""useVirtualThreads"": ""FALSE""}"
tomcat,tpe,3302,plain,false,151,2296.84,25.1,2296.84,10.044015407562256,"[8, 50, 10, False]",0.0,10.043911695480347,0.0,"{""acceptCount"": ""77"", ""allowBackslash"": ""TRUE"", ""compression"": ""on"", ""compressionMinSize"": ""8855"", ""connectionTimeout"": ""23198"", ""connectionUploadTimeout"": ""495863"", ""disableUploadTimeout"": ""TRUE"", ""executorTerminationTimeoutMillis"": ""578490"", ""keepAliveTimeout"": ""324124"", ""maxConnections"": ""3433"", ""maxHeaderCount"": ""174"", ""maxHttpHeaderSize"": ""15375"", ""maxHttpRequestHeaderSize"": ""41058"", ""maxHttpResponseHeaderSize"": ""56110"", ""maxKeepAliveRequests"": ""1430"", ""maxParameterCount"": ""67722"", ""maxSwallowSize"": ""18122623"", ""maxThreads"": ""123"", ""minSpareThreads"": ""975"", ""processorCache"": ""293"", ""tcpNoDelay"": ""FALSE"", ""threadPriority"": ""1"", ""threadsMaxIdleTime"": ""287436"", ""throughput__2"": ""2296.84"", ""useAsyncIO"": ""TRUE"", ""useVirtualThreads"": ""FALSE""}"
tomcat,tpe,3302,plain,false,152,2447.14,23.28,2447.14,10.039209127426147,"[8, 50, 10, False]",0.0,10.039121150970459,0.0,"{""acceptCount"": ""787"", ""allowBackslash"": ""TRUE"", ""compression"": ""off"", ""compressionMinSize"": ""5009"", ""connectionTimeout"": ""575030"", ""connectionUploadTimeout"": ""520057"", ""disableUploadTimeout"": ""FALSE"", ""executorTerminationTimeoutMillis"": ""213441"", ""keepAliveTimeout"": ""515869"", ""maxConnections"": ""3720"", ""maxHeaderCount"": ""144"", ""maxHttpHeaderSize"": ""46675"", ""maxHttpRequestHeaderSize"": ""9874"", ""maxHttpResponseHeaderSize"": ""26935"", ""maxKeepAliveRequests"": ""1100"", ""maxParameterCount"": ""65246"", ""maxSwallowSize"": ""19385773"", ""maxThreads"": ""235"", ""minSpareThreads"": ""858"", ""processorCache"": ""280"", ""tcpNoDelay"": ""FALSE"", ""threadPriority"": ""10"", ""threadsMaxIdleTime"": ""535052"", ""throughput__2"": ""2447.14"", ""useAsyncIO"": ""FALSE"", ""useVirtualThreads"": ""FALSE""}"
tomcat,tpe,3302,plain,false,153,2476.34,23.92,2476.34,10.044541358947754,"[8, 50, 10, False]",0.0,10.044451236724854,0.0,"{""acceptCount"": ""726"", ""allowBackslash"": ""FALSE"", ""compression"": ""force"", ""compressionMinSize"": ""6611"", ""connectionTimeout"": ""249692"", ""connectionUploadTimeout"": ""269759"", ""disableUploadTimeout"": ""FALSE"", ""executorTerminationTimeoutMillis"": ""303288"", ""keepAliveTimeout"": ""533664"", ""maxConnections"": ""135"", ""maxHeaderCount"": ""161"", ""maxHttpHeaderSize"": ""36816"", ""maxHttpRequestHeaderSize"": ""55007"", ""maxHttpResponseHeaderSize"": ""28080"", ""maxKeepAliveRequests"": ""4593"", ""maxParameterCount"": ""15326"", ""maxSwallowSize"": ""9380737"", ""maxThreads"": ""260"", ""minSpareThreads"": ""921"", ""processorCache"": ""391"", ""tcpNoDelay"": ""FALSE"", ""threadPriority"": ""5"", ""threadsMaxIdleTime"": ""578013"", ""throughput__2"": ""2476.34"", ""useAsyncIO"": ""TRUE"", ""useVirtualThreads"": ""FALSE""}"
tomcat,tpe,3302,plain,false,154,2531.01,19.85,2531.01,10.037147045135498,"[8, 50, 10, False]",0.0,10.037060260772705,0.0,"{""acceptCount"": ""96"", ""allowBackslash"": ""TRUE"", ""compression"": ""force"", ""compressionMinSize"": ""3153"", ""connectionTimeout"": ""92410"", ""connectionUploadTimeout"": ""78683"", ""disableUploadTimeout"": ""TRUE"", ""executorTerminationTimeoutMillis"": ""356628"", ""keepAliveTimeout"": ""205393"", ""maxConnections"": ""5361"", ""maxHeaderCount"": ""483"", ""maxHttpHeaderSize"": ""50377"", ""maxHttpRequestHeaderSize"": ""45705"", ""maxHttpResponseHeaderSize"": ""2408"", ""maxKeepAliveRequests"": ""1517"", ""maxParameterCount"": ""22042"", ""maxSwallowSize"": ""20605104"", ""maxThreads"": ""7"", ""minSpareThreads"": ""647"", ""processorCache"": ""122"", ""tcpNoDelay"": ""TRUE"", ""threadPriority"": ""7"", ""threadsMaxIdleTime"": ""198676"", ""throughput__2"": ""2531.01"", ""useAsyncIO"": ""TRUE"", ""useVirtualThreads"": ""FALSE""}"
tomcat,tpe,3302,plain,false,155,2363.29,21.25,2363.29,10.04238247871399,"[8, 50, 10, False]",0.0,10.042289972305298,0.0,"{""acceptCount"": ""144"", ""allowBackslash"": ""FALSE"", ""compression"": ""on"", ""compressionMinSize"": ""1582"", ""connectionTimeout"": ""573340"", ""connectionUploadTimeout"": ""427550"", ""disableUploadTimeout"": ""FALSE"", ""executorTerminationTimeoutMillis"": ""46763"", ""keepAliveTimeout"": ""154340"", ""maxConnections"": ""8720"", ""maxHeaderCount"": ""990"", ""maxHttpHeaderSize"": ""30031"", ""maxHttpRequestHeaderSize"": ""37776"", ""maxHttpResponseHeaderSize"": ""49518"", ""maxKeepAliveRequests"": ""3493"", ""maxParameterCount"": ""30370"", ""maxSwallowSize"": ""20310488"", ""maxThreads"": ""68"", ""minSpareThreads"": ""413"", ""processorCache"": ""64"", ""tcpNoDelay"": ""FALSE"", ""threadPriority"": ""2"", ""threadsMaxIdleTime"": ""18304"", ""throughput__2"": ""2363.29"", ""useAsyncIO"": ""FALSE"", ""useVirtualThreads"": ""TRUE""}"
tomcat,tpe,3302,plain,false,156,2413.12,25.29,2413.12,10.032382726669312,"[8, 50, 10, False]",0.0,10.03229570388794,0.0,"{""acceptCount"": ""935"", ""allowBackslash"": ""TRUE"", ""compression"": ""force"", ""compressionMinSize"": ""7794"", ""connectionTimeout"": ""533223"", ""connectionUploadTimeout"": ""573300"", ""disableUploadTimeout"": ""TRUE"", ""executorTerminationTimeoutMillis"": ""47671"", ""keepAliveTimeout"": ""245123"", ""maxConnections"": ""8600"", ""maxHeaderCount"": ""855"", ""maxHttpHeaderSize"": ""38929"", ""maxHttpRequestHeaderSize"": ""59967"", ""maxHttpResponseHeaderSize"": ""40647"", ""maxKeepAliveRequests"": ""1997"", ""maxParameterCount"": ""46125"", ""maxSwallowSize"": ""974132"", ""maxThreads"": ""342"", ""minSpareThreads"": ""516"", ""processorCache"": ""349"", ""tcpNoDelay"": ""FALSE"", ""threadPriority"": ""4"", ""threadsMaxIdleTime"": ""573460"", ""throughput__2"": ""2413.12"", ""useAsyncIO"": ""TRUE"", ""useVirtualThreads"": ""FALSE""}"
tomcat,tpe,3302,plain,false,157,2402.87,26.89,2402.87,10.035284519195557,"[8, 50, 10, False]",0.0,10.035200834274292,0.0,"{""acceptCount"": ""114"", ""allowBackslash"": ""TRUE"", ""compression"": ""off"", ""compressionMinSize"": ""9909"", ""connectionTimeout"": ""551020"", ""connectionUploadTimeout"": ""119159"", ""disableUploadTimeout"": ""TRUE"", ""executorTerminationTimeoutMillis"": ""452797"", ""keepAliveTimeout"": ""152185"", ""maxConnections"": ""10890"", ""maxHeaderCount"": ""554"", ""maxHttpHeaderSize"": ""26756"", ""maxHttpRequestHeaderSize"": ""48326"", ""maxHttpResponseHeaderSize"": ""29974"", ""maxKeepAliveRequests"": ""3182"", ""maxParameterCount"": ""96253"", ""maxSwallowSize"": ""7019377"", ""maxThreads"": ""43"", ""minSpareThreads"": ""38"", ""processorCache"": ""182"", ""tcpNoDelay"": ""FALSE"", ""threadPriority"": ""7"", ""threadsMaxIdleTime"": ""278714"", ""throughput__2"": ""2402.87"", ""useAsyncIO"": ""TRUE"", ""useVirtualThreads"": ""FALSE""}"
tomcat,tpe,3302,plain,false,158,2359.35,26.4,2359.35,10.066938638687134,"[8, 50, 10, False]",0.0,10.066850423812866,0.0,"{""acceptCount"": ""524"", ""allowBackslash"": ""TRUE"", ""compression"": ""on"", ""compressionMinSize"": ""3190"", ""connectionTimeout"": ""543040"", ""connectionUploadTimeout"": ""180077"", ""disableUploadTimeout"": ""TRUE"", ""executorTerminationTimeoutMillis"": ""171770"", ""keepAliveTimeout"": ""100218"", ""maxConnections"": ""14891"", ""maxHeaderCount"": ""609"", ""maxHttpHeaderSize"": ""28166"", ""maxHttpRequestHeaderSize"": ""64391"", ""maxHttpResponseHeaderSize"": ""49835"", ""maxKeepAliveRequests"": ""2119"", ""maxParameterCount"": ""39474"", ""maxSwallowSize"": ""14707947"", ""maxThreads"": ""394"", ""minSpareThreads"": ""125"", ""processorCache"": ""5"", ""tcpNoDelay"": ""FALSE"", ""threadPriority"": ""3"", ""threadsMaxIdleTime"": ""235415"", ""throughput__2"": ""2359.35"", ""useAsyncIO"": ""TRUE"", ""useVirtualThreads"": ""FALSE""}"
tomcat,tpe,3302,plain,false,159,2305.25,25.53,2305.25,10.06661868095398,"[8, 50, 10, False]",0.0,10.066524744033813,0.0,"{""acceptCount"": ""954"", ""allowBackslash"": ""TRUE"", ""compression"": ""off"", ""compressionMinSize"": ""3908"", ""connectionTimeout"": ""370946"", ""connectionUploadTimeout"": ""351672"", ""disableUploadTimeout"": ""TRUE"", ""executorTerminationTimeoutMillis"": ""124276"", ""keepAliveTimeout"": ""389221"", ""maxConnections"": ""7969"", ""maxHeaderCount"": ""477"", ""maxHttpHeaderSize"": ""16035"", ""maxHttpRequestHeaderSize"": ""65051"", ""maxHttpResponseHeaderSize"": ""20911"", ""maxKeepAliveRequests"": ""1829"", ""maxParameterCount"": ""27039"", ""maxSwallowSize"": ""12384917"", ""maxThreads"": ""86"", ""minSpareThreads"": ""518"", ""processorCache"": ""205"", ""tcpNoDelay"": ""TRUE"", ""threadPriority"": ""8"", ""threadsMaxIdleTime"": ""144089"", ""throughput__2"": ""2305.25"", ""useAsyncIO"": ""TRUE"", ""useVirtualThreads"": ""FALSE""}"
tomcat,tpe,3302,plain,false,160,2221.31,25.64,2221.31,10.090795993804932,"[8, 50, 10, False]",0.0,10.090694427490234,0.0,"{""acceptCount"": ""587"", ""allowBackslash"": ""FALSE"", ""compression"": ""on"", ""compressionMinSize"": ""3619"", ""connectionTimeout"": ""184251"", ""connectionUploadTimeout"": ""552878"", ""disableUploadTimeout"": ""FALSE"", ""executorTerminationTimeoutMillis"": ""498040"", ""keepAliveTimeout"": ""556204"", ""maxConnections"": ""5862"", ""maxHeaderCount"": ""247"", ""maxHttpHeaderSize"": ""26546"", ""maxHttpRequestHeaderSize"": ""39779"", ""maxHttpResponseHeaderSize"": ""14746"", ""maxKeepAliveRequests"": ""3348"", ""maxParameterCount"": ""82088"", ""maxSwallowSize"": ""12734358"", ""maxThreads"": ""136"", ""minSpareThreads"": ""714"", ""processorCache"": ""202"", ""tcpNoDelay"": ""FALSE"", ""threadPriority"": ""6"", ""threadsMaxIdleTime"": ""259572"", ""throughput__2"": ""2221.31"", ""useAsyncIO"": ""TRUE"", ""useVirtualThreads"": ""FALSE""}"
tomcat,tpe,3302,plain,false,161,2230.64,27.5,2230.64,10.052723169326782,"[8, 50, 10, False]",0.0,10.052637100219727,0.0,"{""acceptCount"": ""627"", ""allowBackslash"": ""TRUE"", ""compression"": ""force"", ""compressionMinSize"": ""2555"", ""connectionTimeout"": ""478280"", ""connectionUploadTimeout"": ""336995"", ""disableUploadTimeout"": ""TRUE"", ""executorTerminationTimeoutMillis"": ""474165"", ""keepAliveTimeout"": ""162865"", ""maxConnections"": ""8102"", ""maxHeaderCount"": ""425"", ""maxHttpHeaderSize"": ""29416"", ""maxHttpRequestHeaderSize"": ""31918"", ""maxHttpResponseHeaderSize"": ""15315"", ""maxKeepAliveRequests"": ""3877"", ""maxParameterCount"": ""16747"", ""maxSwallowSize"": ""14283246"", ""maxThreads"": ""326"", ""minSpareThreads"": ""325"", ""processorCache"": ""336"", ""tcpNoDelay"": ""FALSE"", ""threadPriority"": ""6"", ""threadsMaxIdleTime"": ""563418"", ""throughput__2"": ""2230.64"", ""useAsyncIO"": ""TRUE"", ""useVirtualThreads"": ""FALSE""}"
tomcat,tpe,3302,plain,false,162,2198.09,22.54,2198.09,10.054953575134277,"[8, 50, 10, False]",0.0,10.054806470870972,0.0,"{""acceptCount"": ""379"", ""allowBackslash"": ""TRUE"", ""compression"": ""on"", ""compressionMinSize"": ""6507"", ""connectionTimeout"": ""224915"", ""connectionUploadTimeout"": ""249148"", ""disableUploadTimeout"": ""TRUE"", ""executorTerminationTimeoutMillis"": ""466029"", ""keepAliveTimeout"": ""95105"", ""maxConnections"": ""11939"", ""maxHeaderCount"": ""269"", ""maxHttpHeaderSize"": ""59385"", ""maxHttpRequestHeaderSize"": ""12595"", ""maxHttpResponseHeaderSize"": ""50448"", ""maxKeepAliveRequests"": ""114"", ""maxParameterCount"": ""74481"", ""maxSwallowSize"": ""19703903"", ""maxThreads"": ""127"", ""minSpareThreads"": ""241"", ""processorCache"": ""324"", ""tcpNoDelay"": ""FALSE"", ""threadPriority"": ""1"", ""threadsMaxIdleTime"": ""426916"", ""throughput__2"": ""2198.09"", ""useAsyncIO"": ""TRUE"", ""useVirtualThreads"": ""TRUE""}"
tomcat,tpe,3302,plain,false,163,2430.08,24.16,2430.08,10.05337119102478,"[8, 50, 10, False]",0.0,10.053275108337402,0.0,"{""acceptCount"": ""578"", ""allowBackslash"": ""FALSE"", ""compression"": ""force"", ""compressionMinSize"": ""4087"", ""connectionTimeout"": ""37196"", ""connectionUploadTimeout"": ""288149"", ""disableUploadTimeout"": ""FALSE"", ""executorTerminationTimeoutMillis"": ""547736"", ""keepAliveTimeout"": ""65625"", ""maxConnections"": ""2923"", ""maxHeaderCount"": ""180"", ""maxHttpHeaderSize"": ""51086"", ""maxHttpRequestHeaderSize"": ""54089"", ""maxHttpResponseHeaderSize"": ""16687"", ""maxKeepAliveRequests"": ""274"", ""maxParameterCount"": ""85705"", ""maxSwallowSize"": ""14738991"", ""maxThreads"": ""71"", ""minSpareThreads"": ""383"", ""processorCache"": ""240"", ""tcpNoDelay"": ""FALSE"", ""threadPriority"": ""2"", ""threadsMaxIdleTime"": ""214996"", ""throughput__2"": ""2430.08"", ""useAsyncIO"": ""TRUE"", ""useVirtualThreads"": ""FALSE""}"
tomcat,tpe,3302,plain,false,164,2534.74,26.15,2534.74,10.033193111419678,"[8, 50, 10, False]",0.0,10.033103942871094,0.0,"{""acceptCount"": ""636"", ""allowBackslash"": ""TRUE"", ""compression"": ""on"", ""compressionMinSize"": ""4091"", ""connectionTimeout"": ""83804"", ""connectionUploadTimeout"": ""120472"", ""disableUploadTimeout"": ""TRUE"", ""executorTerminationTimeoutMillis"": ""599729"", ""keepAliveTimeout"": ""548922"", ""maxConnections"": ""1023"", ""maxHeaderCount"": ""803"", ""maxHttpHeaderSize"": ""34567"", ""maxHttpRequestHeaderSize"": ""37024"", ""maxHttpResponseHeaderSize"": ""5157"", ""maxKeepAliveRequests"": ""4845"", ""maxParameterCount"": ""38334"", ""maxSwallowSize"": ""8218936"", ""maxThreads"": ""35"", ""minSpareThreads"": ""273"", ""processorCache"": ""142"", ""tcpNoDelay"": ""TRUE"", ""threadPriority"": ""4"", ""threadsMaxIdleTime"": ""444467"", ""throughput__2"": ""2534.74"", ""useAsyncIO"": ""TRUE"", ""useVirtualThreads"": ""FALSE""}"
tomcat,tpe,3302,plain,false,165,2477.88,26.92,2477.88,10.061055183410645,"[8, 50, 10, False]",0.0,10.060965538024902,0.0,"{""acceptCount"": ""942"", ""allowBackslash"": ""TRUE"", ""compression"": ""force"", ""compressionMinSize"": ""7682"", ""connectionTimeout"": ""471505"", ""connectionUploadTimeout"": ""507910"", ""disableUploadTimeout"": ""FALSE"", ""executorTerminationTimeoutMillis"": ""4729"", ""keepAliveTimeout"": ""426187"", ""maxConnections"": ""9592"", ""maxHeaderCount"": ""989"", ""maxHttpHeaderSize"": ""35025"", ""maxHttpRequestHeaderSize"": ""8292"", ""maxHttpResponseHeaderSize"": ""42432"", ""maxKeepAliveRequests"": ""2155"", ""maxParameterCount"": ""9211"", ""maxSwallowSize"": ""13075879"", ""maxThreads"": ""183"", ""minSpareThreads"": ""322"", ""processorCache"": ""8"", ""tcpNoDelay"": ""TRUE"", ""threadPriority"": ""8"", ""threadsMaxIdleTime"": ""466489"", ""throughput__2"": ""2477.88"", ""useAsyncIO"": ""TRUE"", ""useVirtualThreads"": ""FALSE""}"
tomcat,tpe,3302,plain,false,166,2223.33,22.55,2223.33,10.054274320602417,"[8, 50, 10, False]",0.0,10.054189920425415,0.0,"{""acceptCount"": ""730"", ""allowBackslash"": ""TRUE"", ""compression"": ""force"", ""compressionMinSize"": ""2096"", ""connectionTimeout"": ""347825"", ""connectionUploadTimeout"": ""31770"", ""disableUploadTimeout"": ""FALSE"", ""executorTerminationTimeoutMillis"": ""243827"", ""keepAliveTimeout"": ""389755"", ""maxConnections"": ""19071"", ""maxHeaderCount"": ""622"", ""maxHttpHeaderSize"": ""9053"", ""maxHttpRequestHeaderSize"": ""56397"", ""maxHttpResponseHeaderSize"": ""35222"", ""maxKeepAliveRequests"": ""3039"", ""maxParameterCount"": ""7744"", ""maxSwallowSize"": ""8935443"", ""maxThreads"": ""178"", ""minSpareThreads"": ""76"", ""processorCache"": ""350"", ""tcpNoDelay"": ""FALSE"", ""threadPriority"": ""4"", ""threadsMaxIdleTime"": ""314083"", ""throughput__2"": ""2223.33"", ""useAsyncIO"": ""TRUE"", ""useVirtualThreads"": ""TRUE""}"
tomcat,tpe,3302,plain,false,167,2221.3,22.48,2221.3,10.036684274673462,"[8, 50, 10, False]",0.0,10.036595821380615,0.0,"{""acceptCount"": ""189"", ""allowBackslash"": ""TRUE"", ""compression"": ""force"", ""compressionMinSize"": ""1208"", ""connectionTimeout"": ""421237"", ""connectionUploadTimeout"": ""290192"", ""disableUploadTimeout"": ""TRUE"", ""executorTerminationTimeoutMillis"": ""353327"", ""keepAliveTimeout"": ""195837"", ""maxConnections"": ""19745"", ""maxHeaderCount"": ""776"", ""maxHttpHeaderSize"": ""54299"", ""maxHttpRequestHeaderSize"": ""57174"", ""maxHttpResponseHeaderSize"": ""13183"", ""maxKeepAliveRequests"": ""3347"", ""maxParameterCount"": ""78205"", ""maxSwallowSize"": ""5107887"", ""maxThreads"": ""205"", ""minSpareThreads"": ""90"", ""processorCache"": ""261"", ""tcpNoDelay"": ""FALSE"", ""threadPriority"": ""1"", ""threadsMaxIdleTime"": ""585204"", ""throughput__2"": ""2221.3"", ""useAsyncIO"": ""TRUE"", ""useVirtualThreads"": ""TRUE""}"
tomcat,tpe,3302,plain,false,168,2221.88,22.32,2221.88,10.039855241775513,"[8, 50, 10, False]",0.0,10.039767503738403,0.0,"{""acceptCount"": ""133"", ""allowBackslash"": ""TRUE"", ""compression"": ""off"", ""compressionMinSize"": ""9959"", ""connectionTimeout"": ""440349"", ""connectionUploadTimeout"": ""556731"", ""disableUploadTimeout"": ""TRUE"", ""executorTerminationTimeoutMillis"": ""370180"", ""keepAliveTimeout"": ""359852"", ""maxConnections"": ""7690"", ""maxHeaderCount"": ""554"", ""maxHttpHeaderSize"": ""11452"", ""maxHttpRequestHeaderSize"": ""22161"", ""maxHttpResponseHeaderSize"": ""14043"", ""maxKeepAliveRequests"": ""4040"", ""maxParameterCount"": ""21824"", ""maxSwallowSize"": ""2233238"", ""maxThreads"": ""243"", ""minSpareThreads"": ""540"", ""processorCache"": ""286"", ""tcpNoDelay"": ""FALSE"", ""threadPriority"": ""1"", ""threadsMaxIdleTime"": ""225409"", ""throughput__2"": ""2221.88"", ""useAsyncIO"": ""FALSE"", ""useVirtualThreads"": ""TRUE""}"
tomcat,tpe,3302,plain,false,169,2491.48,26.67,2491.48,10.027768850326538,"[8, 50, 10, False]",0.0,10.02768349647522,0.0,"{""acceptCount"": ""198"", ""allowBackslash"": ""TRUE"", ""compression"": ""force"", ""compressionMinSize"": ""1836"", ""connectionTimeout"": ""505802"", ""connectionUploadTimeout"": ""420755"", ""disableUploadTimeout"": ""TRUE"", ""executorTerminationTimeoutMillis"": ""370280"", ""keepAliveTimeout"": ""527323"", ""maxConnections"": ""4957"", ""maxHeaderCount"": ""477"", ""maxHttpHeaderSize"": ""30813"", ""maxHttpRequestHeaderSize"": ""50072"", ""maxHttpResponseHeaderSize"": ""57920"", ""maxKeepAliveRequests"": ""3864"", ""maxParameterCount"": ""39034"", ""maxSwallowSize"": ""9818267"", ""maxThreads"": ""393"", ""minSpareThreads"": ""411"", ""processorCache"": ""188"", ""tcpNoDelay"": ""FALSE"", ""threadPriority"": ""1"", ""threadsMaxIdleTime"": ""203709"", ""throughput__2"": ""2491.48"", ""useAsyncIO"": ""TRUE"", ""useVirtualThreads"": ""FALSE""}"
tomcat,tpe,3302,plain,false,170,2478.37,26.47,2478.37,10.028261661529541,"[8, 50, 10, False]",0.0,10.028180360794067,0.0,"{""acceptCount"": ""781"", ""allowBackslash"": ""FALSE"", ""compression"": ""off"", ""compressionMinSize"": ""2359"", ""connectionTimeout"": ""444168"", ""connectionUploadTimeout"": ""324225"", ""disableUploadTimeout"": ""FALSE"", ""executorTerminationTimeoutMillis"": ""116216"", ""keepAliveTimeout"": ""468567"", ""maxConnections"": ""2294"", ""maxHeaderCount"": ""739"", ""maxHttpHeaderSize"": ""25423"", ""maxHttpRequestHeaderSize"": ""54118"", ""maxHttpResponseHeaderSize"": ""7196"", ""maxKeepAliveRequests"": ""2506"", ""maxParameterCount"": ""96216"", ""maxSwallowSize"": ""1614953"", ""maxThreads"": ""81"", ""minSpareThreads"": ""967"", ""processorCache"": ""73"", ""tcpNoDelay"": ""FALSE"", ""threadPriority"": ""4"", ""threadsMaxIdleTime"": ""199144"", ""throughput__2"": ""2478.37"", ""useAsyncIO"": ""TRUE"", ""useVirtualThreads"": ""FALSE""}"
tomcat,tpe,3302,plain,false,171,2469.93,25.37,2469.93,10.05455732345581,"[8, 50, 10, False]",0.0,10.054468393325806,0.0,"{""acceptCount"": ""90"", ""allowBackslash"": ""FALSE"", ""compression"": ""on"", ""compressionMinSize"": ""3088"", ""connectionTimeout"": ""63594"", ""connectionUploadTimeout"": ""259458"", ""disableUploadTimeout"": ""FALSE"", ""executorTerminationTimeoutMillis"": ""163580"", ""keepAliveTimeout"": ""200103"", ""maxConnections"": ""2828"", ""maxHeaderCount"": ""398"", ""maxHttpHeaderSize"": ""13974"", ""maxHttpRequestHeaderSize"": ""1980"", ""maxHttpResponseHeaderSize"": ""7509"", ""maxKeepAliveRequests"": ""1070"", ""maxParameterCount"": ""24033"", ""maxSwallowSize"": ""7578224"", ""maxThreads"": ""312"", ""minSpareThreads"": ""329"", ""processorCache"": ""151"", ""tcpNoDelay"": ""FALSE"", ""threadPriority"": ""6"", ""threadsMaxIdleTime"": ""429317"", ""throughput__2"": ""2469.93"", ""useAsyncIO"": ""TRUE"", ""useVirtualThreads"": ""FALSE""}"
tomcat,tpe,3302,plain,false,172,2224.39,25.23,2224.39,10.035741329193115,"[8, 50, 10, False]",0.0,10.035652875900269,0.0,"{""acceptCount"": ""91"", ""allowBackslash"": ""TRUE"", ""compression"": ""force"", ""compressionMinSize"": ""3826"", ""connectionTimeout"": ""212466"", ""connectionUploadTimeout"": ""338513"", ""disableUploadTimeout"": ""TRUE"", ""executorTerminationTimeoutMillis"": ""269010"", ""keepAliveTimeout"": ""412194"", ""maxConnections"": ""18828"", ""maxHeaderCount"": ""975"", ""maxHttpHeaderSize"": ""8743"", ""maxHttpRequestHeaderSize"": ""2815"", ""maxHttpResponseHeaderSize"": ""34036"", ""maxKeepAliveRequests"": ""3316"", ""maxParameterCount"": ""94433"", ""maxSwallowSize"": ""620600"", ""maxThreads"": ""61"", ""minSpareThreads"": ""779"", ""processorCache"": ""53"", ""tcpNoDelay"": ""FALSE"", ""threadPriority"": ""8"", ""threadsMaxIdleTime"": ""479864"", ""throughput__2"": ""2224.39"", ""useAsyncIO"": ""TRUE"", ""useVirtualThreads"": ""FALSE""}"
tomcat,tpe,3302,plain,false,173,2163.63,24.72,2163.63,10.033949851989746,"[8, 50, 10, False]",0.0,10.03384280204773,0.0,"{""acceptCount"": ""86"", ""allowBackslash"": ""FALSE"", ""compression"": ""off"", ""compressionMinSize"": ""4239"", ""connectionTimeout"": ""507081"", ""connectionUploadTimeout"": ""55458"", ""disableUploadTimeout"": ""TRUE"", ""executorTerminationTimeoutMillis"": ""357352"", ""keepAliveTimeout"": ""265645"", ""maxConnections"": ""7611"", ""maxHeaderCount"": ""419"", ""maxHttpHeaderSize"": ""21665"", ""maxHttpRequestHeaderSize"": ""52805"", ""maxHttpResponseHeaderSize"": ""60526"", ""maxKeepAliveRequests"": ""247"", ""maxParameterCount"": ""25819"", ""maxSwallowSize"": ""14158535"", ""maxThreads"": ""166"", ""minSpareThreads"": ""720"", ""processorCache"": ""207"", ""tcpNoDelay"": ""FALSE"", ""threadPriority"": ""3"", ""threadsMaxIdleTime"": ""424550"", ""throughput__2"": ""2163.63"", ""useAsyncIO"": ""FALSE"", ""useVirtualThreads"": ""FALSE""}"
tomcat,tpe,3302,plain,false,174,2281.4,25.92,2281.4,10.039189338684082,"[8, 50, 10, False]",0.0,10.03910493850708,0.0,"{""acceptCount"": ""102"", ""allowBackslash"": ""TRUE"", ""compression"": ""on"", ""compressionMinSize"": ""2472"", ""connectionTimeout"": ""278642"", ""connectionUploadTimeout"": ""158751"", ""disableUploadTimeout"": ""TRUE"", ""executorTerminationTimeoutMillis"": ""200018"", ""keepAliveTimeout"": ""519663"", ""maxConnections"": ""4956"", ""maxHeaderCount"": ""976"", ""maxHttpHeaderSize"": ""23820"", ""maxHttpRequestHeaderSize"": ""13086"", ""maxHttpResponseHeaderSize"": ""10646"", ""maxKeepAliveRequests"": ""4097"", ""maxParameterCount"": ""7811"", ""maxSwallowSize"": ""13727697"", ""maxThreads"": ""125"", ""minSpareThreads"": ""913"", ""processorCache"": ""69"", ""tcpNoDelay"": ""TRUE"", ""threadPriority"": ""5"", ""threadsMaxIdleTime"": ""38799"", ""throughput__2"": ""2281.4"", ""useAsyncIO"": ""TRUE"", ""useVirtualThreads"": ""FALSE""}"
tomcat,tpe,3302,plain,false,175,2280.54,24.06,2280.54,10.031317472457886,"[8, 50, 10, False]",0.0,10.031227350234985,0.0,"{""acceptCount"": ""573"", ""allowBackslash"": ""TRUE"", ""compression"": ""on"", ""compressionMinSize"": ""3458"", ""connectionTimeout"": ""22500"", ""connectionUploadTimeout"": ""412884"", ""disableUploadTimeout"": ""TRUE"", ""executorTerminationTimeoutMillis"": ""287500"", ""keepAliveTimeout"": ""395496"", ""maxConnections"": ""14211"", ""maxHeaderCount"": ""510"", ""maxHttpHeaderSize"": ""17058"", ""maxHttpRequestHeaderSize"": ""25162"", ""maxHttpResponseHeaderSize"": ""31512"", ""maxKeepAliveRequests"": ""4446"", ""maxParameterCount"": ""44850"", ""maxSwallowSize"": ""11529181"", ""maxThreads"": ""84"", ""minSpareThreads"": ""299"", ""processorCache"": ""143"", ""tcpNoDelay"": ""TRUE"", ""threadPriority"": ""5"", ""threadsMaxIdleTime"": ""419051"", ""throughput__2"": ""2280.54"", ""useAsyncIO"": ""TRUE"", ""useVirtualThreads"": ""FALSE""}"
tomcat,tpe,3302,plain,false,176,2453.29,24.49,2453.29,10.03041410446167,"[8, 50, 10, False]",0.0,10.030316829681396,0.0,"{""acceptCount"": ""237"", ""allowBackslash"": ""FALSE"", ""compression"": ""off"", ""compressionMinSize"": ""3621"", ""connectionTimeout"": ""468744"", ""connectionUploadTimeout"": ""88618"", ""disableUploadTimeout"": ""FALSE"", ""executorTerminationTimeoutMillis"": ""43166"", ""keepAliveTimeout"": ""50519"", ""maxConnections"": ""2800"", ""maxHeaderCount"": ""443"", ""maxHttpHeaderSize"": ""15529"", ""maxHttpRequestHeaderSize"": ""55584"", ""maxHttpResponseHeaderSize"": ""31418"", ""maxKeepAliveRequests"": ""3447"", ""maxParameterCount"": ""73185"", ""maxSwallowSize"": ""12608755"", ""maxThreads"": ""122"", ""minSpareThreads"": ""100"", ""processorCache"": ""335"", ""tcpNoDelay"": ""FALSE"", ""threadPriority"": ""10"", ""threadsMaxIdleTime"": ""127790"", ""throughput__2"": ""2453.29"", ""useAsyncIO"": ""TRUE"", ""useVirtualThreads"": ""FALSE""}"
tomcat,tpe,3302,plain,false,177,2540.4,26.3,2540.4,10.068259716033936,"[8, 50, 10, False]",0.0,10.068175077438354,0.0,"{""acceptCount"": ""781"", ""allowBackslash"": ""TRUE"", ""compression"": ""off"", ""compressionMinSize"": ""2072"", ""connectionTimeout"": ""409333"", ""connectionUploadTimeout"": ""73557"", ""disableUploadTimeout"": ""TRUE"", ""executorTerminationTimeoutMillis"": ""417052"", ""keepAliveTimeout"": ""146176"", ""maxConnections"": ""18140"", ""maxHeaderCount"": ""207"", ""maxHttpHeaderSize"": ""51435"", ""maxHttpRequestHeaderSize"": ""2156"", ""maxHttpResponseHeaderSize"": ""48030"", ""maxKeepAliveRequests"": ""1259"", ""maxParameterCount"": ""78641"", ""maxSwallowSize"": ""3645770"", ""maxThreads"": ""180"", ""minSpareThreads"": ""575"", ""processorCache"": ""341"", ""tcpNoDelay"": ""TRUE"", ""threadPriority"": ""7"", ""threadsMaxIdleTime"": ""284690"", ""throughput__2"": ""2540.4"", ""useAsyncIO"": ""TRUE"", ""useVirtualThreads"": ""FALSE""}"
tomcat,tpe,3302,plain,false,178,2187.0,24.96,2187.0,10.035933256149292,"[8, 50, 10, False]",0.0,10.03581190109253,0.0,"{""acceptCount"": ""229"", ""allowBackslash"": ""TRUE"", ""compression"": ""force"", ""compressionMinSize"": ""8863"", ""connectionTimeout"": ""541846"", ""connectionUploadTimeout"": ""439388"", ""disableUploadTimeout"": ""TRUE"", ""executorTerminationTimeoutMillis"": ""151756"", ""keepAliveTimeout"": ""139473"", ""maxConnections"": ""152"", ""maxHeaderCount"": ""368"", ""maxHttpHeaderSize"": ""15242"", ""maxHttpRequestHeaderSize"": ""4911"", ""maxHttpResponseHeaderSize"": ""44842"", ""maxKeepAliveRequests"": ""65"", ""maxParameterCount"": ""57282"", ""maxSwallowSize"": ""13936418"", ""maxThreads"": ""171"", ""minSpareThreads"": ""927"", ""processorCache"": ""16"", ""tcpNoDelay"": ""FALSE"", ""threadPriority"": ""7"", ""threadsMaxIdleTime"": ""24224"", ""throughput__2"": ""2187.0"", ""useAsyncIO"": ""FALSE"", ""useVirtualThreads"": ""FALSE""}"
tomcat,tpe,3302,plain,false,179,1584.1,30.52,1584.1,10.02446985244751,"[8, 50, 10, False]",0.0,10.024387836456299,0.0,"{""acceptCount"": ""480"", ""allowBackslash"": ""FALSE"", ""compression"": ""off"", ""compressionMinSize"": ""3994"", ""connectionTimeout"": ""491778"", ""connectionUploadTimeout"": ""207152"", ""disableUploadTimeout"": ""TRUE"", ""executorTerminationTimeoutMillis"": ""356636"", ""keepAliveTimeout"": ""399819"", ""maxConnections"": ""11700"", ""maxHeaderCount"": ""247"", ""maxHttpHeaderSize"": ""57328"", ""maxHttpRequestHeaderSize"": ""60155"", ""maxHttpResponseHeaderSize"": ""21690"", ""maxKeepAliveRequests"": ""1735"", ""maxParameterCount"": ""95490"", ""maxSwallowSize"": ""5651556"", ""maxThreads"": ""1"", ""minSpareThreads"": ""310"", ""processorCache"": ""273"", ""tcpNoDelay"": ""TRUE"", ""threadPriority"": ""3"", ""threadsMaxIdleTime"": ""346668"", ""throughput__2"": ""1584.1"", ""useAsyncIO"": ""TRUE"", ""useVirtualThreads"": ""FALSE""}"
tomcat,tpe,3302,plain,false,180,2505.79,24.09,2505.79,10.044808387756348,"[8, 50, 10, False]",0.0,10.044729948043823,0.0,"{""acceptCount"": ""559"", ""allowBackslash"": ""TRUE"", ""compression"": ""off"", ""compressionMinSize"": ""414"", ""connectionTimeout"": ""472309"", ""connectionUploadTimeout"": ""106261"", ""disableUploadTimeout"": ""TRUE"", ""executorTerminationTimeoutMillis"": ""373932"", ""keepAliveTimeout"": ""157974"", ""maxConnections"": ""5018"", ""maxHeaderCount"": ""28"", ""maxHttpHeaderSize"": ""4065"", ""maxHttpRequestHeaderSize"": ""59547"", ""maxHttpResponseHeaderSize"": ""16476"", ""maxKeepAliveRequests"": ""3149"", ""maxParameterCount"": ""98019"", ""maxSwallowSize"": ""15248384"", ""maxThreads"": ""372"", ""minSpareThreads"": ""706"", ""processorCache"": ""21"", ""tcpNoDelay"": ""FALSE"", ""threadPriority"": ""6"", ""threadsMaxIdleTime"": ""210412"", ""throughput__2"": ""2505.79"", ""useAsyncIO"": ""TRUE"", ""useVirtualThreads"": ""FALSE""}"
tomcat,tpe,3302,plain,false,181,2575.16,19.69,2575.16,10.049296379089355,"[8, 50, 10, False]",0.0,10.049201965332031,0.0,"{""acceptCount"": ""469"", ""allowBackslash"": ""TRUE"", ""compression"": ""force"", ""compressionMinSize"": ""9109"", ""connectionTimeout"": ""265242"", ""connectionUploadTimeout"": ""83161"", ""disableUploadTimeout"": ""TRUE"", ""executorTerminationTimeoutMillis"": ""499552"", ""keepAliveTimeout"": ""308882"", ""maxConnections"": ""18460"", ""maxHeaderCount"": ""669"", ""maxHttpHeaderSize"": ""7039"", ""maxHttpRequestHeaderSize"": ""60845"", ""maxHttpResponseHeaderSize"": ""2470"", ""maxKeepAliveRequests"": ""4527"", ""maxParameterCount"": ""14275"", ""maxSwallowSize"": ""5373483"", ""maxThreads"": ""17"", ""minSpareThreads"": ""765"", ""processorCache"": ""303"", ""tcpNoDelay"": ""FALSE"", ""threadPriority"": ""2"", ""threadsMaxIdleTime"": ""226857"", ""throughput__2"": ""2575.16"", ""useAsyncIO"": ""TRUE"", ""useVirtualThreads"": ""FALSE""}"
tomcat,tpe,3302,plain,false,182,2284.57,23.9,2284.57,10.049332857131958,"[8, 50, 10, False]",0.0,10.04924488067627,0.0,"{""acceptCount"": ""876"", ""allowBackslash"": ""TRUE"", ""compression"": ""off"", ""compressionMinSize"": ""5748"", ""connectionTimeout"": ""598340"", ""connectionUploadTimeout"": ""171663"", ""disableUploadTimeout"": ""TRUE"", ""executorTerminationTimeoutMillis"": ""378952"", ""keepAliveTimeout"": ""243523"", ""maxConnections"": ""17523"", ""maxHeaderCount"": ""368"", ""maxHttpHeaderSize"": ""56879"", ""maxHttpRequestHeaderSize"": ""61634"", ""maxHttpResponseHeaderSize"": ""53045"", ""maxKeepAliveRequests"": ""3733"", ""maxParameterCount"": ""15646"", ""maxSwallowSize"": ""20134448"", ""maxThreads"": ""195"", ""minSpareThreads"": ""588"", ""processorCache"": ""337"", ""tcpNoDelay"": ""FALSE"", ""threadPriority"": ""6"", ""threadsMaxIdleTime"": ""74132"", ""throughput__2"": ""2284.57"", ""useAsyncIO"": ""TRUE"", ""useVirtualThreads"": ""FALSE""}"
tomcat,tpe,3302,plain,false,183,2360.82,23.05,2360.82,10.046838521957397,"[8, 50, 10, False]",0.0,10.046693563461304,0.0,"{""acceptCount"": ""910"", ""allowBackslash"": ""FALSE"", ""compression"": ""force"", ""compressionMinSize"": ""7917"", ""connectionTimeout"": ""29803"", ""connectionUploadTimeout"": ""427343"", ""disableUploadTimeout"": ""FALSE"", ""executorTerminationTimeoutMillis"": ""82847"", ""keepAliveTimeout"": ""571350"", ""maxConnections"": ""15631"", ""maxHeaderCount"": ""291"", ""maxHttpHeaderSize"": ""36947"", ""maxHttpRequestHeaderSize"": ""23638"", ""maxHttpResponseHeaderSize"": ""19184"", ""maxKeepAliveRequests"": ""4176"", ""maxParameterCount"": ""57072"", ""maxSwallowSize"": ""5971670"", ""maxThreads"": ""253"", ""minSpareThreads"": ""550"", ""processorCache"": ""172"", ""tcpNoDelay"": ""FALSE"", ""threadPriority"": ""3"", ""threadsMaxIdleTime"": ""428300"", ""throughput__2"": ""2360.82"", ""useAsyncIO"": ""TRUE"", ""useVirtualThreads"": ""FALSE""}"
tomcat,tpe,3302,plain,false,184,2150.11,23.17,2150.11,10.03918194770813,"[8, 50, 10, False]",0.0,10.039035558700562,0.0,"{""acceptCount"": ""436"", ""allowBackslash"": ""TRUE"", ""compression"": ""on"", ""compressionMinSize"": ""8818"", ""connectionTimeout"": ""235307"", ""connectionUploadTimeout"": ""15719"", ""disableUploadTimeout"": ""TRUE"", ""executorTerminationTimeoutMillis"": ""558089"", ""keepAliveTimeout"": ""588010"", ""maxConnections"": ""7156"", ""maxHeaderCount"": ""975"", ""maxHttpHeaderSize"": ""63513"", ""maxHttpRequestHeaderSize"": ""46484"", ""maxHttpResponseHeaderSize"": ""53459"", ""maxKeepAliveRequests"": ""4268"", ""maxParameterCount"": ""55246"", ""maxSwallowSize"": ""5810279"", ""maxThreads"": ""90"", ""minSpareThreads"": ""440"", ""processorCache"": ""33"", ""tcpNoDelay"": ""TRUE"", ""threadPriority"": ""4"", ""threadsMaxIdleTime"": ""154893"", ""throughput__2"": ""2150.11"", ""useAsyncIO"": ""TRUE"", ""useVirtualThreads"": ""TRUE""}"
tomcat,tpe,3302,plain,false,185,2354.94,25.27,2354.94,10.036727666854858,"[8, 50, 10, False]",0.0,10.036575078964233,0.0,"{""acceptCount"": ""500"", ""allowBackslash"": ""FALSE"", ""compression"": ""on"", ""compressionMinSize"": ""125"", ""connectionTimeout"": ""424626"", ""connectionUploadTimeout"": ""192727"", ""disableUploadTimeout"": ""FALSE"", ""executorTerminationTimeoutMillis"": ""6297"", ""keepAliveTimeout"": ""276541"", ""maxConnections"": ""16335"", ""maxHeaderCount"": ""998"", ""maxHttpHeaderSize"": ""45975"", ""maxHttpRequestHeaderSize"": ""23869"", ""maxHttpResponseHeaderSize"": ""10384"", ""maxKeepAliveRequests"": ""4359"", ""maxParameterCount"": ""90343"", ""maxSwallowSize"": ""14794738"", ""maxThreads"": ""36"", ""minSpareThreads"": ""110"", ""processorCache"": ""376"", ""tcpNoDelay"": ""FALSE"", ""threadPriority"": ""10"", ""threadsMaxIdleTime"": ""259370"", ""throughput__2"": ""2354.94"", ""useAsyncIO"": ""TRUE"", ""useVirtualThreads"": ""FALSE""}"
tomcat,tpe,3302,plain,false,186,2441.25,19.94,2441.25,10.030123233795166,"[8, 50, 10, False]",0.0,10.030038833618164,0.0,"{""acceptCount"": ""790"", ""allowBackslash"": ""TRUE"", ""compression"": ""force"", ""compressionMinSize"": ""1172"", ""connectionTimeout"": ""599826"", ""connectionUploadTimeout"": ""439634"", ""disableUploadTimeout"": ""TRUE"", ""executorTerminationTimeoutMillis"": ""323629"", ""keepAliveTimeout"": ""593427"", ""maxConnections"": ""4682"", ""maxHeaderCount"": ""806"", ""maxHttpHeaderSize"": ""2106"", ""maxHttpRequestHeaderSize"": ""31528"", ""maxHttpResponseHeaderSize"": ""42619"", ""maxKeepAliveRequests"": ""4942"", ""maxParameterCount"": ""67010"", ""maxSwallowSize"": ""19063402"", ""maxThreads"": ""5"", ""minSpareThreads"": ""540"", ""processorCache"": ""59"", ""tcpNoDelay"": ""FALSE"", ""threadPriority"": ""5"", ""threadsMaxIdleTime"": ""84892"", ""throughput__2"": ""2441.25"", ""useAsyncIO"": ""TRUE"", ""useVirtualThreads"": ""FALSE""}"
tomcat,tpe,3302,plain,false,187,2394.85,25.11,2394.85,10.045027732849121,"[8, 50, 10, False]",0.0,10.044944763183594,0.0,"{""acceptCount"": ""296"", ""allowBackslash"": ""TRUE"", ""compression"": ""on"", ""compressionMinSize"": ""2474"", ""connectionTimeout"": ""510484"", ""connectionUploadTimeout"": ""488349"", ""disableUploadTimeout"": ""FALSE"", ""executorTerminationTimeoutMillis"": ""519893"", ""keepAliveTimeout"": ""229067"", ""maxConnections"": ""157"", ""maxHeaderCount"": ""377"", ""maxHttpHeaderSize"": ""42699"", ""maxHttpRequestHeaderSize"": ""57219"", ""maxHttpResponseHeaderSize"": ""62537"", ""maxKeepAliveRequests"": ""4250"", ""maxParameterCount"": ""84083"", ""maxSwallowSize"": ""1999918"", ""maxThreads"": ""171"", ""minSpareThreads"": ""908"", ""processorCache"": ""263"", ""tcpNoDelay"": ""FALSE"", ""threadPriority"": ""4"", ""threadsMaxIdleTime"": ""246896"", ""throughput__2"": ""2394.85"", ""useAsyncIO"": ""TRUE"", ""useVirtualThreads"": ""FALSE""}"
tomcat,tpe,3302,plain,false,188,2454.54,22.81,2454.54,10.061125040054321,"[8, 50, 10, False]",0.0,10.061033964157104,0.0,"{""acceptCount"": ""973"", ""allowBackslash"": ""TRUE"", ""compression"": ""off"", ""compressionMinSize"": ""7238"", ""connectionTimeout"": ""579864"", ""connectionUploadTimeout"": ""542802"", ""disableUploadTimeout"": ""FALSE"", ""executorTerminationTimeoutMillis"": ""550063"", ""keepAliveTimeout"": ""525393"", ""maxConnections"": ""9542"", ""maxHeaderCount"": ""26"", ""maxHttpHeaderSize"": ""51345"", ""maxHttpRequestHeaderSize"": ""3356"", ""maxHttpResponseHeaderSize"": ""19628"", ""maxKeepAliveRequests"": ""2363"", ""maxParameterCount"": ""153"", ""maxSwallowSize"": ""8147158"", ""maxThreads"": ""29"", ""minSpareThreads"": ""511"", ""processorCache"": ""90"", ""tcpNoDelay"": ""FALSE"", ""threadPriority"": ""10"", ""threadsMaxIdleTime"": ""424804"", ""throughput__2"": ""2454.54"", ""useAsyncIO"": ""TRUE"", ""useVirtualThreads"": ""FALSE""}"
tomcat,tpe,3302,plain,false,189,2447.77,81.71,2447.77,10.08618426322937,"[8, 50, 10, False]",0.0,10.086085081100464,0.0,"{""acceptCount"": ""4"", ""allowBackslash"": ""TRUE"", ""compression"": ""off"", ""compressionMinSize"": ""4192"", ""connectionTimeout"": ""594226"", ""connectionUploadTimeout"": ""489245"", ""disableUploadTimeout"": ""TRUE"", ""executorTerminationTimeoutMillis"": ""102184"", ""keepAliveTimeout"": ""133873"", ""maxConnections"": ""8600"", ""maxHeaderCount"": ""188"", ""maxHttpHeaderSize"": ""27134"", ""maxHttpRequestHeaderSize"": ""47153"", ""maxHttpResponseHeaderSize"": ""25697"", ""maxKeepAliveRequests"": ""2688"", ""maxParameterCount"": ""56291"", ""maxSwallowSize"": ""15765630"", ""maxThreads"": ""91"", ""minSpareThreads"": ""83"", ""processorCache"": ""132"", ""tcpNoDelay"": ""FALSE"", ""threadPriority"": ""4"", ""threadsMaxIdleTime"": ""210901"", ""throughput__2"": ""2447.77"", ""useAsyncIO"": ""FALSE"", ""useVirtualThreads"": ""FALSE""}"
tomcat,tpe,3302,plain,false,190,2234.56,25.06,2234.56,10.060666561126709,"[8, 50, 10, False]",0.0,10.060576438903809,0.0,"{""acceptCount"": ""880"", ""allowBackslash"": ""TRUE"", ""compression"": ""force"", ""compressionMinSize"": ""4632"", ""connectionTimeout"": ""214639"", ""connectionUploadTimeout"": ""204532"", ""disableUploadTimeout"": ""TRUE"", ""executorTerminationTimeoutMillis"": ""224919"", ""keepAliveTimeout"": ""359263"", ""maxConnections"": ""10565"", ""maxHeaderCount"": ""731"", ""maxHttpHeaderSize"": ""48592"", ""maxHttpRequestHeaderSize"": ""47636"", ""maxHttpResponseHeaderSize"": ""63048"", ""maxKeepAliveRequests"": ""713"", ""maxParameterCount"": ""77929"", ""maxSwallowSize"": ""17000497"", ""maxThreads"": ""305"", ""minSpareThreads"": ""840"", ""processorCache"": ""386"", ""tcpNoDelay"": ""FALSE"", ""threadPriority"": ""8"", ""threadsMaxIdleTime"": ""12703"", ""throughput__2"": ""2234.56"", ""useAsyncIO"": ""TRUE"", ""useVirtualThreads"": ""FALSE""}"
tomcat,tpe,3302,plain,false,191,2307.31,24.79,2307.31,10.04771614074707,"[8, 50, 10, False]",0.0,10.047627449035645,0.0,"{""acceptCount"": ""708"", ""allowBackslash"": ""FALSE"", ""compression"": ""on"", ""compressionMinSize"": ""6798"", ""connectionTimeout"": ""577005"", ""connectionUploadTimeout"": ""133114"", ""disableUploadTimeout"": ""FALSE"", ""executorTerminationTimeoutMillis"": ""42375"", ""keepAliveTimeout"": ""563648"", ""maxConnections"": ""9730"", ""maxHeaderCount"": ""613"", ""maxHttpHeaderSize"": ""54533"", ""maxHttpRequestHeaderSize"": ""62922"", ""maxHttpResponseHeaderSize"": ""27221"", ""maxKeepAliveRequests"": ""2283"", ""maxParameterCount"": ""43118"", ""maxSwallowSize"": ""7778659"", ""maxThreads"": ""279"", ""minSpareThreads"": ""784"", ""processorCache"": ""32"", ""tcpNoDelay"": ""FALSE"", ""threadPriority"": ""1"", ""threadsMaxIdleTime"": ""271051"", ""throughput__2"": ""2307.31"", ""useAsyncIO"": ""TRUE"", ""useVirtualThreads"": ""FALSE""}"
tomcat,tpe,3302,plain,false,192,2215.43,27.13,2215.43,10.030579566955566,"[8, 50, 10, False]",0.0,10.030500650405884,0.0,"{""acceptCount"": ""849"", ""allowBackslash"": ""TRUE"", ""compression"": ""force"", ""compressionMinSize"": ""3194"", ""connectionTimeout"": ""286270"", ""connectionUploadTimeout"": ""142360"", ""disableUploadTimeout"": ""TRUE"", ""executorTerminationTimeoutMillis"": ""348410"", ""keepAliveTimeout"": ""165271"", ""maxConnections"": ""12122"", ""maxHeaderCount"": ""365"", ""maxHttpHeaderSize"": ""59031"", ""maxHttpRequestHeaderSize"": ""20368"", ""maxHttpResponseHeaderSize"": ""23652"", ""maxKeepAliveRequests"": ""15"", ""maxParameterCount"": ""50473"", ""maxSwallowSize"": ""12698430"", ""maxThreads"": ""146"", ""minSpareThreads"": ""998"", ""processorCache"": ""386"", ""tcpNoDelay"": ""TRUE"", ""threadPriority"": ""9"", ""threadsMaxIdleTime"": ""259922"", ""throughput__2"": ""2215.43"", ""useAsyncIO"": ""TRUE"", ""useVirtualThreads"": ""FALSE""}"
tomcat,tpe,3302,plain,false,193,2410.41,23.68,2410.41,10.025176048278809,"[8, 50, 10, False]",0.0,10.025083541870117,0.0,"{""acceptCount"": ""393"", ""allowBackslash"": ""FALSE"", ""compression"": ""on"", ""compressionMinSize"": ""3126"", ""connectionTimeout"": ""249637"", ""connectionUploadTimeout"": ""96452"", ""disableUploadTimeout"": ""FALSE"", ""executorTerminationTimeoutMillis"": ""123158"", ""keepAliveTimeout"": ""435430"", ""maxConnections"": ""15206"", ""maxHeaderCount"": ""556"", ""maxHttpHeaderSize"": ""17898"", ""maxHttpRequestHeaderSize"": ""13562"", ""maxHttpResponseHeaderSize"": ""50850"", ""maxKeepAliveRequests"": ""1311"", ""maxParameterCount"": ""69520"", ""maxSwallowSize"": ""10368753"", ""maxThreads"": ""292"", ""minSpareThreads"": ""498"", ""processorCache"": ""342"", ""tcpNoDelay"": ""FALSE"", ""threadPriority"": ""4"", ""threadsMaxIdleTime"": ""86388"", ""throughput__2"": ""2410.41"", ""useAsyncIO"": ""TRUE"", ""useVirtualThreads"": ""FALSE""}"
tomcat,tpe,3302,plain,false,194,2403.28,27.09,2403.28,10.040358781814575,"[8, 50, 10, False]",0.0,10.04026985168457,0.0,"{""acceptCount"": ""987"", ""allowBackslash"": ""TRUE"", ""compression"": ""off"", ""compressionMinSize"": ""1841"", ""connectionTimeout"": ""225115"", ""connectionUploadTimeout"": ""567217"", ""disableUploadTimeout"": ""TRUE"", ""executorTerminationTimeoutMillis"": ""284575"", ""keepAliveTimeout"": ""515845"", ""maxConnections"": ""17193"", ""maxHeaderCount"": ""238"", ""maxHttpHeaderSize"": ""25725"", ""maxHttpRequestHeaderSize"": ""64812"", ""maxHttpResponseHeaderSize"": ""6717"", ""maxKeepAliveRequests"": ""178"", ""maxParameterCount"": ""97272"", ""maxSwallowSize"": ""1036289"", ""maxThreads"": ""329"", ""minSpareThreads"": ""698"", ""processorCache"": ""183"", ""tcpNoDelay"": ""FALSE"", ""threadPriority"": ""10"", ""threadsMaxIdleTime"": ""56484"", ""throughput__2"": ""2403.28"", ""useAsyncIO"": ""TRUE"", ""useVirtualThreads"": ""FALSE""}"
tomcat,tpe,3302,plain,false,195,2372.71,24.88,2372.71,10.023365020751953,"[8, 50, 10, False]",0.0,10.023280620574951,0.0,"{""acceptCount"": ""974"", ""allowBackslash"": ""FALSE"", ""compression"": ""force"", ""compressionMinSize"": ""714"", ""connectionTimeout"": ""96042"", ""connectionUploadTimeout"": ""310557"", ""disableUploadTimeout"": ""FALSE"", ""executorTerminationTimeoutMillis"": ""544216"", ""keepAliveTimeout"": ""581042"", ""maxConnections"": ""5217"", ""maxHeaderCount"": ""827"", ""maxHttpHeaderSize"": ""10266"", ""maxHttpRequestHeaderSize"": ""63787"", ""maxHttpResponseHeaderSize"": ""45261"", ""maxKeepAliveRequests"": ""4164"", ""maxParameterCount"": ""14399"", ""maxSwallowSize"": ""175296"", ""maxThreads"": ""63"", ""minSpareThreads"": ""16"", ""processorCache"": ""101"", ""tcpNoDelay"": ""TRUE"", ""threadPriority"": ""2"", ""threadsMaxIdleTime"": ""577788"", ""throughput__2"": ""2372.71"", ""useAsyncIO"": ""TRUE"", ""useVirtualThreads"": ""FALSE""}"
tomcat,tpe,3302,plain,false,196,2135.07,27.63,2135.07,10.02066421508789,"[8, 50, 10, False]",0.0,10.02057933807373,0.0,"{""acceptCount"": ""212"", ""allowBackslash"": ""FALSE"", ""compression"": ""force"", ""compressionMinSize"": ""173"", ""connectionTimeout"": ""451552"", ""connectionUploadTimeout"": ""42434"", ""disableUploadTimeout"": ""FALSE"", ""executorTerminationTimeoutMillis"": ""481730"", ""keepAliveTimeout"": ""66208"", ""maxConnections"": ""7206"", ""maxHeaderCount"": ""934"", ""maxHttpHeaderSize"": ""59914"", ""maxHttpRequestHeaderSize"": ""33960"", ""maxHttpResponseHeaderSize"": ""26505"", ""maxKeepAliveRequests"": ""4827"", ""maxParameterCount"": ""28891"", ""maxSwallowSize"": ""20144525"", ""maxThreads"": ""332"", ""minSpareThreads"": ""408"", ""processorCache"": ""190"", ""tcpNoDelay"": ""FALSE"", ""threadPriority"": ""5"", ""threadsMaxIdleTime"": ""44924"", ""throughput__2"": ""2135.07"", ""useAsyncIO"": ""TRUE"", ""useVirtualThreads"": ""FALSE""}"
tomcat,tpe,3302,plain,false,197,2151.28,28.88,2151.28,10.021485805511475,"[8, 50, 10, False]",0.0,10.021398067474365,0.0,"{""acceptCount"": ""741"", ""allowBackslash"": ""TRUE"", ""compression"": ""off"", ""compressionMinSize"": ""3419"", ""connectionTimeout"": ""510585"", ""connectionUploadTimeout"": ""244093"", ""disableUploadTimeout"": ""TRUE"", ""executorTerminationTimeoutMillis"": ""599089"", ""keepAliveTimeout"": ""266905"", ""maxConnections"": ""4694"", ""maxHeaderCount"": ""308"", ""maxHttpHeaderSize"": ""31335"", ""maxHttpRequestHeaderSize"": ""14248"", ""maxHttpResponseHeaderSize"": ""52975"", ""maxKeepAliveRequests"": ""1741"", ""maxParameterCount"": ""12764"", ""maxSwallowSize"": ""18842032"", ""maxThreads"": ""120"", ""minSpareThreads"": ""837"", ""processorCache"": ""261"", ""tcpNoDelay"": ""FALSE"", ""threadPriority"": ""9"", ""threadsMaxIdleTime"": ""581208"", ""throughput__2"": ""2151.28"", ""useAsyncIO"": ""FALSE"", ""useVirtualThreads"": ""FALSE""}"
tomcat,tpe,3302,plain,false,198,2060.3,24.6,2060.3,10.028803586959839,"[8, 50, 10, False]",0.0,10.028701305389404,0.0,"{""acceptCount"": ""601"", ""allowBackslash"": ""FALSE"", ""compression"": ""force"", ""compressionMinSize"": ""2031"", ""connectionTimeout"": ""158697"", ""connectionUploadTimeout"": ""527929"", ""disableUploadTimeout"": ""FALSE"", ""executorTerminationTimeoutMillis"": ""83224"", ""keepAliveTimeout"": ""513400"", ""maxConnections"": ""18708"", ""maxHeaderCount"": ""920"", ""maxHttpHeaderSize"": ""52165"", ""maxHttpRequestHeaderSize"": ""59199"", ""maxHttpResponseHeaderSize"": ""28396"", ""maxKeepAliveRequests"": ""1456"", ""maxParameterCount"": ""82474"", ""maxSwallowSize"": ""1088052"", ""maxThreads"": ""121"", ""minSpareThreads"": ""622"", ""processorCache"": ""155"", ""tcpNoDelay"": ""FALSE"", ""threadPriority"": ""3"", ""threadsMaxIdleTime"": ""541960"", ""throughput__2"": ""2060.3"", ""useAsyncIO"": ""TRUE"", ""useVirtualThreads"": ""TRUE""}"
tomcat,tpe,3302,plain,false,199,2092.17,30.27,2092.17,10.034605979919434,"[8, 50, 10, False]",0.0,10.034518957138062,0.0,"{""acceptCount"": ""826"", ""allowBackslash"": ""TRUE"", ""compression"": ""force"", ""compressionMinSize"": ""7756"", ""connectionTimeout"": ""375661"", ""connectionUploadTimeout"": ""112916"", ""disableUploadTimeout"": ""TRUE"", ""executorTerminationTimeoutMillis"": ""591074"", ""keepAliveTimeout"": ""538701"", ""maxConnections"": ""2798"", ""maxHeaderCount"": ""959"", ""maxHttpHeaderSize"": ""57405"", ""maxHttpRequestHeaderSize"": ""55564"", ""maxHttpResponseHeaderSize"": ""11081"", ""maxKeepAliveRequests"": ""4686"", ""maxParameterCount"": ""62533"", ""maxSwallowSize"": ""10201122"", ""maxThreads"": ""105"", ""minSpareThreads"": ""577"", ""processorCache"": ""148"", ""tcpNoDelay"": ""TRUE"", ""threadPriority"": ""1"", ""threadsMaxIdleTime"": ""281991"", ""throughput__2"": ""2092.17"", ""useAsyncIO"": ""FALSE"", ""useVirtualThreads"": ""FALSE""}"
tomcat,tpe,3302,plain,false,200,2249.98,26.24,2249.98,10.026001930236816,"[8, 50, 10, False]",0.0,10.025898694992065,0.0,"{""acceptCount"": ""576"", ""allowBackslash"": ""TRUE"", ""compression"": ""on"", ""compressionMinSize"": ""7226"", ""connectionTimeout"": ""456435"", ""connectionUploadTimeout"": ""50983"", ""disableUploadTimeout"": ""TRUE"", ""executorTerminationTimeoutMillis"": ""411174"", ""keepAliveTimeout"": ""582970"", ""maxConnections"": ""12760"", ""maxHeaderCount"": ""389"", ""maxHttpHeaderSize"": ""23890"", ""maxHttpRequestHeaderSize"": ""35569"", ""maxHttpResponseHeaderSize"": ""11908"", ""maxKeepAliveRequests"": ""642"", ""maxParameterCount"": ""57073"", ""maxSwallowSize"": ""2841475"", ""maxThreads"": ""272"", ""minSpareThreads"": ""331"", ""processorCache"": ""69"", ""tcpNoDelay"": ""FALSE"", ""threadPriority"": ""5"", ""threadsMaxIdleTime"": ""103683"", ""throughput__2"": ""2249.98"", ""useAsyncIO"": ""TRUE"", ""useVirtualThreads"": ""FALSE""}"
tomcat,tpe,3303,plain,false,1,2319.62,21.85,2319.62,10.01887321472168,"[8, 50, 10, False]",0.0,10.017570495605469,0.0,"{""acceptCount"": ""890"", ""allowBackslash"": ""FALSE"", ""compression"": ""force"", ""compressionMinSize"": ""5021"", ""connectionTimeout"": ""273689"", ""connectionUploadTimeout"": ""229877"", ""disableUploadTimeout"": ""FALSE"", ""executorTerminationTimeoutMillis"": ""261425"", ""keepAliveTimeout"": ""41544"", ""maxConnections"": ""9656"", ""maxHeaderCount"": ""25"", ""maxHttpHeaderSize"": ""14467"", ""maxHttpRequestHeaderSize"": ""22119"", ""maxHttpResponseHeaderSize"": ""11244"", ""maxKeepAliveRequests"": ""3967"", ""maxParameterCount"": ""55821"", ""maxSwallowSize"": ""744527"", ""maxThreads"": ""1"", ""minSpareThreads"": ""990"", ""processorCache"": ""284"", ""tcpNoDelay"": ""FALSE"", ""threadPriority"": ""4"", ""threadsMaxIdleTime"": ""296503"", ""throughput__2"": ""2319.62"", ""useAsyncIO"": ""TRUE"", ""useVirtualThreads"": ""TRUE""}"
tomcat,tpe,3303,plain,false,2,2259.88,22.46,2259.88,10.028958559036255,"[8, 50, 10, False]",0.0,10.02887773513794,0.0,"{""acceptCount"": ""239"", ""allowBackslash"": ""TRUE"", ""compression"": ""on"", ""compressionMinSize"": ""6007"", ""connectionTimeout"": ""133278"", ""connectionUploadTimeout"": ""447160"", ""disableUploadTimeout"": ""FALSE"", ""executorTerminationTimeoutMillis"": ""332107"", ""keepAliveTimeout"": ""237097"", ""maxConnections"": ""7934"", ""maxHeaderCount"": ""597"", ""maxHttpHeaderSize"": ""32811"", ""maxHttpRequestHeaderSize"": ""14386"", ""maxHttpResponseHeaderSize"": ""48850"", ""maxKeepAliveRequests"": ""3854"", ""maxParameterCount"": ""80131"", ""maxSwallowSize"": ""2611127"", ""maxThreads"": ""47"", ""minSpareThreads"": ""374"", ""processorCache"": ""329"", ""tcpNoDelay"": ""FALSE"", ""threadPriority"": ""1"", ""threadsMaxIdleTime"": ""271027"", ""throughput__2"": ""2259.88"", ""useAsyncIO"": ""FALSE"", ""useVirtualThreads"": ""TRUE""}"
tomcat,tpe,3303,plain,false,3,2033.11,24.62,2033.11,10.067368268966675,"[8, 50, 10, False]",0.0,10.067245721817017,0.0,"{""acceptCount"": ""813"", ""allowBackslash"": ""TRUE"", ""compression"": ""off"", ""compressionMinSize"": ""9278"", ""connectionTimeout"": ""540607"", ""connectionUploadTimeout"": ""458009"", ""disableUploadTimeout"": ""FALSE"", ""executorTerminationTimeoutMillis"": ""16279"", ""keepAliveTimeout"": ""132483"", ""maxConnections"": ""8511"", ""maxHeaderCount"": ""554"", ""maxHttpHeaderSize"": ""62913"", ""maxHttpRequestHeaderSize"": ""48172"", ""maxHttpResponseHeaderSize"": ""34647"", ""maxKeepAliveRequests"": ""3829"", ""maxParameterCount"": ""93622"", ""maxSwallowSize"": ""18108364"", ""maxThreads"": ""212"", ""minSpareThreads"": ""134"", ""processorCache"": ""357"", ""tcpNoDelay"": ""FALSE"", ""threadPriority"": ""5"", ""threadsMaxIdleTime"": ""566846"", ""throughput__2"": ""2033.11"", ""useAsyncIO"": ""TRUE"", ""useVirtualThreads"": ""TRUE""}"
tomcat,tpe,3303,plain,false,4,2337.77,21.55,2337.77,10.054163694381714,"[8, 50, 10, False]",0.0,10.05407428741455,0.0,"{""acceptCount"": ""428"", ""allowBackslash"": ""TRUE"", ""compression"": ""on"", ""compressionMinSize"": ""3176"", ""connectionTimeout"": ""539095"", ""connectionUploadTimeout"": ""553306"", ""disableUploadTimeout"": ""FALSE"", ""executorTerminationTimeoutMillis"": ""274877"", ""keepAliveTimeout"": ""511839"", ""maxConnections"": ""8669"", ""maxHeaderCount"": ""714"", ""maxHttpHeaderSize"": ""8820"", ""maxHttpRequestHeaderSize"": ""46045"", ""maxHttpResponseHeaderSize"": ""24004"", ""maxKeepAliveRequests"": ""224"", ""maxParameterCount"": ""59023"", ""maxSwallowSize"": ""1788756"", ""maxThreads"": ""109"", ""minSpareThreads"": ""342"", ""processorCache"": ""232"", ""tcpNoDelay"": ""FALSE"", ""threadPriority"": ""9"", ""threadsMaxIdleTime"": ""499702"", ""throughput__2"": ""2337.77"", ""useAsyncIO"": ""FALSE"", ""useVirtualThreads"": ""TRUE""}"
tomcat,tpe,3303,plain,false,5,2311.33,21.61,2311.33,10.023536205291748,"[8, 50, 10, False]",0.0,10.023454666137695,0.0,"{""acceptCount"": ""909"", ""allowBackslash"": ""FALSE"", ""compression"": ""force"", ""compressionMinSize"": ""7153"", ""connectionTimeout"": ""186809"", ""connectionUploadTimeout"": ""194730"", ""disableUploadTimeout"": ""FALSE"", ""executorTerminationTimeoutMillis"": ""317709"", ""keepAliveTimeout"": ""143504"", ""maxConnections"": ""11799"", ""maxHeaderCount"": ""346"", ""maxHttpHeaderSize"": ""6734"", ""maxHttpRequestHeaderSize"": ""39509"", ""maxHttpResponseHeaderSize"": ""7709"", ""maxKeepAliveRequests"": ""1568"", ""maxParameterCount"": ""49733"", ""maxSwallowSize"": ""5520011"", ""maxThreads"": ""66"", ""minSpareThreads"": ""403"", ""processorCache"": ""18"", ""tcpNoDelay"": ""TRUE"", ""threadPriority"": ""9"", ""threadsMaxIdleTime"": ""392292"", ""throughput__2"": ""2311.33"", ""useAsyncIO"": ""FALSE"", ""useVirtualThreads"": ""TRUE""}"
tomcat,tpe,3303,plain,false,6,2329.06,25.26,2329.06,10.01945948600769,"[8, 50, 10, False]",0.0,10.01937460899353,0.0,"{""acceptCount"": ""754"", ""allowBackslash"": ""FALSE"", ""compression"": ""off"", ""compressionMinSize"": ""7498"", ""connectionTimeout"": ""165082"", ""connectionUploadTimeout"": ""367969"", ""disableUploadTimeout"": ""TRUE"", ""executorTerminationTimeoutMillis"": ""104739"", ""keepAliveTimeout"": ""357504"", ""maxConnections"": ""219"", ""maxHeaderCount"": ""1000"", ""maxHttpHeaderSize"": ""49278"", ""maxHttpRequestHeaderSize"": ""34167"", ""maxHttpResponseHeaderSize"": ""3972"", ""maxKeepAliveRequests"": ""4455"", ""maxParameterCount"": ""91676"", ""maxSwallowSize"": ""12332907"", ""maxThreads"": ""374"", ""minSpareThreads"": ""919"", ""processorCache"": ""10"", ""tcpNoDelay"": ""FALSE"", ""threadPriority"": ""9"", ""threadsMaxIdleTime"": ""198717"", ""throughput__2"": ""2329.06"", ""useAsyncIO"": ""FALSE"", ""useVirtualThreads"": ""FALSE""}"
tomcat,tpe,3303,plain,false,7,2257.61,22.18,2257.61,10.03176999092102,"[8, 50, 10, False]",0.0,10.031675338745117,0.0,"{""acceptCount"": ""582"", ""allowBackslash"": ""TRUE"", ""compression"": ""off"", ""compressionMinSize"": ""288"", ""connectionTimeout"": ""358062"", ""connectionUploadTimeout"": ""330884"", ""disableUploadTimeout"": ""FALSE"", ""executorTerminationTimeoutMillis"": ""498357"", ""keepAliveTimeout"": ""49096"", ""maxConnections"": ""4239"", ""maxHeaderCount"": ""661"", ""maxHttpHeaderSize"": ""22292"", ""maxHttpRequestHeaderSize"": ""46644"", ""maxHttpResponseHeaderSize"": ""51535"", ""maxKeepAliveRequests"": ""1934"", ""maxParameterCount"": ""48124"", ""maxSwallowSize"": ""12705974"", ""maxThreads"": ""160"", ""minSpareThreads"": ""344"", ""processorCache"": ""99"", ""tcpNoDelay"": ""TRUE"", ""threadPriority"": ""1"", ""threadsMaxIdleTime"": ""523373"", ""throughput__2"": ""2257.61"", ""useAsyncIO"": ""TRUE"", ""useVirtualThreads"": ""TRUE""}"
tomcat,tpe,3303,plain,false,8,2207.03,26.64,2207.03,10.028265953063965,"[8, 50, 10, False]",0.0,10.028176069259644,0.0,"{""acceptCount"": ""386"", ""allowBackslash"": ""TRUE"", ""compression"": ""force"", ""compressionMinSize"": ""5260"", ""connectionTimeout"": ""41532"", ""connectionUploadTimeout"": ""383380"", ""disableUploadTimeout"": ""TRUE"", ""executorTerminationTimeoutMillis"": ""62680"", ""keepAliveTimeout"": ""223355"", ""maxConnections"": ""7203"", ""maxHeaderCount"": ""948"", ""maxHttpHeaderSize"": ""44489"", ""maxHttpRequestHeaderSize"": ""37836"", ""maxHttpResponseHeaderSize"": ""41018"", ""maxKeepAliveRequests"": ""3961"", ""maxParameterCount"": ""91968"", ""maxSwallowSize"": ""20941767"", ""maxThreads"": ""48"", ""minSpareThreads"": ""66"", ""processorCache"": ""349"", ""tcpNoDelay"": ""TRUE"", ""threadPriority"": ""7"", ""threadsMaxIdleTime"": ""439897"", ""throughput__2"": ""2207.03"", ""useAsyncIO"": ""FALSE"", ""useVirtualThreads"": ""FALSE""}"
tomcat,tpe,3303,plain,false,9,2218.62,22.31,2218.62,10.027361869812012,"[8, 50, 10, False]",0.0,10.02695894241333,0.0,"{""acceptCount"": ""793"", ""allowBackslash"": ""FALSE"", ""compression"": ""off"", ""compressionMinSize"": ""9870"", ""connectionTimeout"": ""461159"", ""connectionUploadTimeout"": ""121792"", ""disableUploadTimeout"": ""FALSE"", ""executorTerminationTimeoutMillis"": ""130657"", ""keepAliveTimeout"": ""357341"", ""maxConnections"": ""6892"", ""maxHeaderCount"": ""51"", ""maxHttpHeaderSize"": ""62927"", ""maxHttpRequestHeaderSize"": ""65210"", ""maxHttpResponseHeaderSize"": ""33704"", ""maxKeepAliveRequests"": ""2270"", ""maxParameterCount"": ""1335"", ""maxSwallowSize"": ""5137360"", ""maxThreads"": ""125"", ""minSpareThreads"": ""105"", ""processorCache"": ""211"", ""tcpNoDelay"": ""TRUE"", ""threadPriority"": ""7"", ""threadsMaxIdleTime"": ""417773"", ""throughput__2"": ""2218.62"", ""useAsyncIO"": ""FALSE"", ""useVirtualThreads"": ""TRUE""}"
tomcat,tpe,3303,plain,false,10,2384.68,25.83,2384.68,10.027145624160767,"[8, 50, 10, False]",0.0,10.027052879333496,0.0,"{""acceptCount"": ""497"", ""allowBackslash"": ""TRUE"", ""compression"": ""off"", ""compressionMinSize"": ""1370"", ""connectionTimeout"": ""78852"", ""connectionUploadTimeout"": ""305654"", ""disableUploadTimeout"": ""FALSE"", ""executorTerminationTimeoutMillis"": ""28944"", ""keepAliveTimeout"": ""495491"", ""maxConnections"": ""19713"", ""maxHeaderCount"": ""628"", ""maxHttpHeaderSize"": ""26170"", ""maxHttpRequestHeaderSize"": ""44040"", ""maxHttpResponseHeaderSize"": ""56070"", ""maxKeepAliveRequests"": ""2738"", ""maxParameterCount"": ""92347"", ""maxSwallowSize"": ""19377640"", ""maxThreads"": ""383"", ""minSpareThreads"": ""243"", ""processorCache"": ""146"", ""tcpNoDelay"": ""FALSE"", ""threadPriority"": ""8"", ""threadsMaxIdleTime"": ""105155"", ""throughput__2"": ""2384.68"", ""useAsyncIO"": ""FALSE"", ""useVirtualThreads"": ""FALSE""}"
tomcat,tpe,3303,plain,false,11,2265.42,22.15,2265.42,10.022720575332642,"[8, 50, 10, False]",0.0,10.022639274597168,0.0,"{""acceptCount"": ""240"", ""allowBackslash"": ""TRUE"", ""compression"": ""force"", ""compressionMinSize"": ""6236"", ""connectionTimeout"": ""499672"", ""connectionUploadTimeout"": ""265596"", ""disableUploadTimeout"": ""TRUE"", ""executorTerminationTimeoutMillis"": ""303082"", ""keepAliveTimeout"": ""62160"", ""maxConnections"": ""19471"", ""maxHeaderCount"": ""782"", ""maxHttpHeaderSize"": ""28689"", ""maxHttpRequestHeaderSize"": ""50481"", ""maxHttpResponseHeaderSize"": ""33202"", ""maxKeepAliveRequests"": ""411"", ""maxParameterCount"": ""69026"", ""maxSwallowSize"": ""5728433"", ""maxThreads"": ""306"", ""minSpareThreads"": ""873"", ""processorCache"": ""227"", ""tcpNoDelay"": ""FALSE"", ""threadPriority"": ""7"", ""threadsMaxIdleTime"": ""183210"", ""throughput__2"": ""2265.42"", ""useAsyncIO"": ""TRUE"", ""useVirtualThreads"": ""TRUE""}"
tomcat,tpe,3303,plain,false,12,2108.22,23.5,2108.22,10.038907527923584,"[8, 50, 10, False]",0.0,10.038816690444946,0.0,"{""acceptCount"": ""603"", ""allowBackslash"": ""TRUE"", ""compression"": ""on"", ""compressionMinSize"": ""6986"", ""connectionTimeout"": ""230039"", ""connectionUploadTimeout"": ""220435"", ""disableUploadTimeout"": ""FALSE"", ""executorTerminationTimeoutMillis"": ""399385"", ""keepAliveTimeout"": ""234113"", ""maxConnections"": ""9441"", ""maxHeaderCount"": ""723"", ""maxHttpHeaderSize"": ""32636"", ""maxHttpRequestHeaderSize"": ""39940"", ""maxHttpResponseHeaderSize"": ""49563"", ""maxKeepAliveRequests"": ""86"", ""maxParameterCount"": ""81116"", ""maxSwallowSize"": ""20488571"", ""maxThreads"": ""182"", ""minSpareThreads"": ""531"", ""processorCache"": ""353"", ""tcpNoDelay"": ""TRUE"", ""threadPriority"": ""6"", ""threadsMaxIdleTime"": ""553198"", ""throughput__2"": ""2108.22"", ""useAsyncIO"": ""TRUE"", ""useVirtualThreads"": ""TRUE""}"
tomcat,tpe,3303,plain,false,13,2174.32,22.81,2174.32,10.033161163330078,"[8, 50, 10, False]",0.0,10.033067226409912,0.0,"{""acceptCount"": ""416"", ""allowBackslash"": ""TRUE"", ""compression"": ""on"", ""compressionMinSize"": ""1708"", ""connectionTimeout"": ""117865"", ""connectionUploadTimeout"": ""20340"", ""disableUploadTimeout"": ""FALSE"", ""executorTerminationTimeoutMillis"": ""230758"", ""keepAliveTimeout"": ""499261"", ""maxConnections"": ""3782"", ""maxHeaderCount"": ""726"", ""maxHttpHeaderSize"": ""32006"", ""maxHttpRequestHeaderSize"": ""19718"", ""maxHttpResponseHeaderSize"": ""62526"", ""maxKeepAliveRequests"": ""3867"", ""maxParameterCount"": ""42096"", ""maxSwallowSize"": ""7952321"", ""maxThreads"": ""385"", ""minSpareThreads"": ""830"", ""processorCache"": ""38"", ""tcpNoDelay"": ""TRUE"", ""threadPriority"": ""2"", ""threadsMaxIdleTime"": ""455204"", ""throughput__2"": ""2174.32"", ""useAsyncIO"": ""TRUE"", ""useVirtualThreads"": ""TRUE""}"
tomcat,tpe,3303,plain,false,14,2361.86,23.17,2361.86,10.02915620803833,"[8, 50, 10, False]",0.0,10.02906608581543,0.0,"{""acceptCount"": ""562"", ""allowBackslash"": ""FALSE"", ""compression"": ""on"", ""compressionMinSize"": ""3546"", ""connectionTimeout"": ""99150"", ""connectionUploadTimeout"": ""497706"", ""disableUploadTimeout"": ""TRUE"", ""executorTerminationTimeoutMillis"": ""530023"", ""keepAliveTimeout"": ""595681"", ""maxConnections"": ""15756"", ""maxHeaderCount"": ""552"", ""maxHttpHeaderSize"": ""49202"", ""maxHttpRequestHeaderSize"": ""27854"", ""maxHttpResponseHeaderSize"": ""11612"", ""maxKeepAliveRequests"": ""3266"", ""maxParameterCount"": ""60642"", ""maxSwallowSize"": ""16765858"", ""maxThreads"": ""28"", ""minSpareThreads"": ""153"", ""processorCache"": ""153"", ""tcpNoDelay"": ""FALSE"", ""threadPriority"": ""8"", ""threadsMaxIdleTime"": ""159675"", ""throughput__2"": ""2361.86"", ""useAsyncIO"": ""FALSE"", ""useVirtualThreads"": ""FALSE""}"
tomcat,tpe,3303,plain,false,15,2261.34,22.13,2261.34,10.02117371559143,"[8, 50, 10, False]",0.0,10.021087646484375,0.0,"{""acceptCount"": ""699"", ""allowBackslash"": ""TRUE"", ""compression"": ""force"", ""compressionMinSize"": ""8689"", ""connectionTimeout"": ""436411"", ""connectionUploadTimeout"": ""89326"", ""disableUploadTimeout"": ""FALSE"", ""executorTerminationTimeoutMillis"": ""597537"", ""keepAliveTimeout"": ""84152"", ""maxConnections"": ""19413"", ""maxHeaderCount"": ""1"", ""maxHttpHeaderSize"": ""49436"", ""maxHttpRequestHeaderSize"": ""15278"", ""maxHttpResponseHeaderSize"": ""18694"", ""maxKeepAliveRequests"": ""272"", ""maxParameterCount"": ""36178"", ""maxSwallowSize"": ""17262220"", ""maxThreads"": ""95"", ""minSpareThreads"": ""208"", ""processorCache"": ""335"", ""tcpNoDelay"": ""TRUE"", ""threadPriority"": ""8"", ""threadsMaxIdleTime"": ""487930"", ""throughput__2"": ""2261.34"", ""useAsyncIO"": ""TRUE"", ""useVirtualThreads"": ""TRUE""}"
tomcat,tpe,3303,plain,false,16,2340.4,29.49,2340.4,10.03450083732605,"[8, 50, 10, False]",0.0,10.034414052963257,0.0,"{""acceptCount"": ""557"", ""allowBackslash"": ""FALSE"", ""compression"": ""force"", ""compressionMinSize"": ""3948"", ""connectionTimeout"": ""372658"", ""connectionUploadTimeout"": ""320101"", ""disableUploadTimeout"": ""TRUE"", ""executorTerminationTimeoutMillis"": ""214184"", ""keepAliveTimeout"": ""54950"", ""maxConnections"": ""13220"", ""maxHeaderCount"": ""185"", ""maxHttpHeaderSize"": ""18186"", ""maxHttpRequestHeaderSize"": ""4326"", ""maxHttpResponseHeaderSize"": ""33827"", ""maxKeepAliveRequests"": ""4291"", ""maxParameterCount"": ""43654"", ""maxSwallowSize"": ""8779793"", ""maxThreads"": ""43"", ""minSpareThreads"": ""723"", ""processorCache"": ""68"", ""tcpNoDelay"": ""TRUE"", ""threadPriority"": ""6"", ""threadsMaxIdleTime"": ""208779"", ""throughput__2"": ""2340.4"", ""useAsyncIO"": ""FALSE"", ""useVirtualThreads"": ""FALSE""}"
tomcat,tpe,3303,plain,false,17,2332.28,21.56,2332.28,10.046281576156616,"[8, 50, 10, False]",0.0,10.046193838119507,0.0,"{""acceptCount"": ""288"", ""allowBackslash"": ""FALSE"", ""compression"": ""force"", ""compressionMinSize"": ""6807"", ""connectionTimeout"": ""339543"", ""connectionUploadTimeout"": ""79147"", ""disableUploadTimeout"": ""FALSE"", ""executorTerminationTimeoutMillis"": ""220957"", ""keepAliveTimeout"": ""501148"", ""maxConnections"": ""12552"", ""maxHeaderCount"": ""494"", ""maxHttpHeaderSize"": ""36578"", ""maxHttpRequestHeaderSize"": ""64575"", ""maxHttpResponseHeaderSize"": ""49597"", ""maxKeepAliveRequests"": ""4195"", ""maxParameterCount"": ""55625"", ""maxSwallowSize"": ""1157452"", ""maxThreads"": ""82"", ""minSpareThreads"": ""468"", ""processorCache"": ""140"", ""tcpNoDelay"": ""FALSE"", ""threadPriority"": ""7"", ""threadsMaxIdleTime"": ""345935"", ""throughput__2"": ""2332.28"", ""useAsyncIO"": ""TRUE"", ""useVirtualThreads"": ""TRUE""}"
tomcat,tpe,3303,plain,false,18,2196.47,22.73,2196.47,10.027125358581543,"[8, 50, 10, False]",0.0,10.027036190032959,0.0,"{""acceptCount"": ""857"", ""allowBackslash"": ""FALSE"", ""compression"": ""force"", ""compressionMinSize"": ""3026"", ""connectionTimeout"": ""202822"", ""connectionUploadTimeout"": ""33787"", ""disableUploadTimeout"": ""TRUE"", ""executorTerminationTimeoutMillis"": ""511445"", ""keepAliveTimeout"": ""439789"", ""maxConnections"": ""12889"", ""maxHeaderCount"": ""304"", ""maxHttpHeaderSize"": ""14919"", ""maxHttpRequestHeaderSize"": ""59752"", ""maxHttpResponseHeaderSize"": ""40666"", ""maxKeepAliveRequests"": ""3765"", ""maxParameterCount"": ""14136"", ""maxSwallowSize"": ""2520481"", ""maxThreads"": ""248"", ""minSpareThreads"": ""841"", ""processorCache"": ""231"", ""tcpNoDelay"": ""TRUE"", ""threadPriority"": ""2"", ""threadsMaxIdleTime"": ""104821"", ""throughput__2"": ""2196.47"", ""useAsyncIO"": ""TRUE"", ""useVirtualThreads"": ""TRUE""}"
tomcat,tpe,3303,plain,false,19,2275.91,38.15,2275.91,10.035187721252441,"[8, 50, 10, False]",0.0,10.035095691680908,0.0,"{""acceptCount"": ""16"", ""allowBackslash"": ""FALSE"", ""compression"": ""off"", ""compressionMinSize"": ""2717"", ""connectionTimeout"": ""282291"", ""connectionUploadTimeout"": ""290093"", ""disableUploadTimeout"": ""FALSE"", ""executorTerminationTimeoutMillis"": ""358708"", ""keepAliveTimeout"": ""331310"", ""maxConnections"": ""763"", ""maxHeaderCount"": ""966"", ""maxHttpHeaderSize"": ""59865"", ""maxHttpRequestHeaderSize"": ""26108"", ""maxHttpResponseHeaderSize"": ""64202"", ""maxKeepAliveRequests"": ""316"", ""maxParameterCount"": ""92256"", ""maxSwallowSize"": ""15838001"", ""maxThreads"": ""101"", ""minSpareThreads"": ""379"", ""processorCache"": ""1"", ""tcpNoDelay"": ""TRUE"", ""threadPriority"": ""8"", ""threadsMaxIdleTime"": ""543402"", ""throughput__2"": ""2275.91"", ""useAsyncIO"": ""TRUE"", ""useVirtualThreads"": ""FALSE""}"
tomcat,tpe,3303,plain,false,20,2450.47,19.89,2450.47,10.024819374084473,"[8, 50, 10, False]",0.0,10.024739503860474,0.0,"{""acceptCount"": ""89"", ""allowBackslash"": ""TRUE"", ""compression"": ""off"", ""compressionMinSize"": ""8510"", ""connectionTimeout"": ""328899"", ""connectionUploadTimeout"": ""254594"", ""disableUploadTimeout"": ""FALSE"", ""executorTerminationTimeoutMillis"": ""333631"", ""keepAliveTimeout"": ""451323"", ""maxConnections"": ""5942"", ""maxHeaderCount"": ""725"", ""maxHttpHeaderSize"": ""10553"", ""maxHttpRequestHeaderSize"": ""10749"", ""maxHttpResponseHeaderSize"": ""56636"", ""maxKeepAliveRequests"": ""2513"", ""maxParameterCount"": ""47159"", ""maxSwallowSize"": ""7306274"", ""maxThreads"": ""6"", ""minSpareThreads"": ""701"", ""processorCache"": ""138"", ""tcpNoDelay"": ""FALSE"", ""threadPriority"": ""2"", ""threadsMaxIdleTime"": ""301212"", ""throughput__2"": ""2450.47"", ""useAsyncIO"": ""TRUE"", ""useVirtualThreads"": ""FALSE""}"
tomcat,tpe,3303,plain,false,21,2263.78,24.12,2263.78,10.039170742034912,"[8, 50, 10, False]",0.0,10.039076566696167,0.0,"{""acceptCount"": ""766"", ""allowBackslash"": ""FALSE"", ""compression"": ""on"", ""compressionMinSize"": ""6712"", ""connectionTimeout"": ""449917"", ""connectionUploadTimeout"": ""209437"", ""disableUploadTimeout"": ""TRUE"", ""executorTerminationTimeoutMillis"": ""67974"", ""keepAliveTimeout"": ""348895"", ""maxConnections"": ""5654"", ""maxHeaderCount"": ""80"", ""maxHttpHeaderSize"": ""49923"", ""maxHttpRequestHeaderSize"": ""18916"", ""maxHttpResponseHeaderSize"": ""6059"", ""maxKeepAliveRequests"": ""1080"", ""maxParameterCount"": ""57423"", ""maxSwallowSize"": ""10279697"", ""maxThreads"": ""205"", ""minSpareThreads"": ""465"", ""processorCache"": ""349"", ""tcpNoDelay"": ""TRUE"", ""threadPriority"": ""6"", ""threadsMaxIdleTime"": ""29500"", ""throughput__2"": ""2263.78"", ""useAsyncIO"": ""FALSE"", ""useVirtualThreads"": ""FALSE""}"
tomcat,tpe,3303,plain,false,22,2285.97,24.67,2285.97,10.03380298614502,"[8, 50, 10, False]",0.0,10.033716440200806,0.0,"{""acceptCount"": ""750"", ""allowBackslash"": ""FALSE"", ""compression"": ""force"", ""compressionMinSize"": ""4533"", ""connectionTimeout"": ""7992"", ""connectionUploadTimeout"": ""346904"", ""disableUploadTimeout"": ""FALSE"", ""executorTerminationTimeoutMillis"": ""153984"", ""keepAliveTimeout"": ""455861"", ""maxConnections"": ""17363"", ""maxHeaderCount"": ""233"", ""maxHttpHeaderSize"": ""32458"", ""maxHttpRequestHeaderSize"": ""45320"", ""maxHttpResponseHeaderSize"": ""35565"", ""maxKeepAliveRequests"": ""2710"", ""maxParameterCount"": ""93950"", ""maxSwallowSize"": ""20141739"", ""maxThreads"": ""227"", ""minSpareThreads"": ""181"", ""processorCache"": ""331"", ""tcpNoDelay"": ""FALSE"", ""threadPriority"": ""5"", ""threadsMaxIdleTime"": ""197594"", ""throughput__2"": ""2285.97"", ""useAsyncIO"": ""FALSE"", ""useVirtualThreads"": ""FALSE""}"
tomcat,tpe,3303,plain,false,23,2432.5,25.0,2432.5,10.033523321151733,"[8, 50, 10, False]",0.0,10.033434867858887,0.0,"{""acceptCount"": ""679"", ""allowBackslash"": ""TRUE"", ""compression"": ""off"", ""compressionMinSize"": ""727"", ""connectionTimeout"": ""576146"", ""connectionUploadTimeout"": ""408056"", ""disableUploadTimeout"": ""TRUE"", ""executorTerminationTimeoutMillis"": ""123165"", ""keepAliveTimeout"": ""129874"", ""maxConnections"": ""1082"", ""maxHeaderCount"": ""550"", ""maxHttpHeaderSize"": ""9589"", ""maxHttpRequestHeaderSize"": ""10212"", ""maxHttpResponseHeaderSize"": ""13704"", ""maxKeepAliveRequests"": ""3704"", ""maxParameterCount"": ""38065"", ""maxSwallowSize"": ""2183061"", ""maxThreads"": ""116"", ""minSpareThreads"": ""817"", ""processorCache"": ""16"", ""tcpNoDelay"": ""TRUE"", ""threadPriority"": ""3"", ""threadsMaxIdleTime"": ""270149"", ""throughput__2"": ""2432.5"", ""useAsyncIO"": ""FALSE"", ""useVirtualThreads"": ""FALSE""}"
tomcat,tpe,3303,plain,false,24,2477.43,26.46,2477.43,10.025514364242554,"[8, 50, 10, False]",0.0,10.025415897369385,0.0,"{""acceptCount"": ""591"", ""allowBackslash"": ""TRUE"", ""compression"": ""off"", ""compressionMinSize"": ""843"", ""connectionTimeout"": ""296757"", ""connectionUploadTimeout"": ""528703"", ""disableUploadTimeout"": ""FALSE"", ""executorTerminationTimeoutMillis"": ""48947"", ""keepAliveTimeout"": ""511280"", ""maxConnections"": ""16596"", ""maxHeaderCount"": ""701"", ""maxHttpHeaderSize"": ""24000"", ""maxHttpRequestHeaderSize"": ""3185"", ""maxHttpResponseHeaderSize"": ""48515"", ""maxKeepAliveRequests"": ""4554"", ""maxParameterCount"": ""23825"", ""maxSwallowSize"": ""16105433"", ""maxThreads"": ""361"", ""minSpareThreads"": ""162"", ""processorCache"": ""10"", ""tcpNoDelay"": ""FALSE"", ""threadPriority"": ""4"", ""threadsMaxIdleTime"": ""586707"", ""throughput__2"": ""2477.43"", ""useAsyncIO"": ""FALSE"", ""useVirtualThreads"": ""FALSE""}"
tomcat,tpe,3303,plain,false,25,2354.51,25.46,2354.51,10.027606964111328,"[8, 50, 10, False]",0.0,10.02751874923706,0.0,"{""acceptCount"": ""287"", ""allowBackslash"": ""TRUE"", ""compression"": ""off"", ""compressionMinSize"": ""9869"", ""connectionTimeout"": ""109593"", ""connectionUploadTimeout"": ""21942"", ""disableUploadTimeout"": ""FALSE"", ""executorTerminationTimeoutMillis"": ""22565"", ""keepAliveTimeout"": ""125069"", ""maxConnections"": ""1594"", ""maxHeaderCount"": ""328"", ""maxHttpHeaderSize"": ""14946"", ""maxHttpRequestHeaderSize"": ""14524"", ""maxHttpResponseHeaderSize"": ""60520"", ""maxKeepAliveRequests"": ""1431"", ""maxParameterCount"": ""67366"", ""maxSwallowSize"": ""18522157"", ""maxThreads"": ""311"", ""minSpareThreads"": ""800"", ""processorCache"": ""300"", ""tcpNoDelay"": ""FALSE"", ""threadPriority"": ""5"", ""threadsMaxIdleTime"": ""47775"", ""throughput__2"": ""2354.51"", ""useAsyncIO"": ""TRUE"", ""useVirtualThreads"": ""FALSE""}"
tomcat,tpe,3303,plain,false,26,2172.76,27.91,2172.76,10.054059743881226,"[8, 50, 10, False]",0.0,10.053968906402588,0.0,"{""acceptCount"": ""850"", ""allowBackslash"": ""TRUE"", ""compression"": ""off"", ""compressionMinSize"": ""1634"", ""connectionTimeout"": ""398718"", ""connectionUploadTimeout"": ""212389"", ""disableUploadTimeout"": ""FALSE"", ""executorTerminationTimeoutMillis"": ""331609"", ""keepAliveTimeout"": ""301179"", ""maxConnections"": ""16922"", ""maxHeaderCount"": ""561"", ""maxHttpHeaderSize"": ""33605"", ""maxHttpRequestHeaderSize"": ""3341"", ""maxHttpResponseHeaderSize"": ""3200"", ""maxKeepAliveRequests"": ""2172"", ""maxParameterCount"": ""5928"", ""maxSwallowSize"": ""1699241"", ""maxThreads"": ""385"", ""minSpareThreads"": ""216"", ""processorCache"": ""309"", ""tcpNoDelay"": ""FALSE"", ""threadPriority"": ""2"", ""threadsMaxIdleTime"": ""253554"", ""throughput__2"": ""2172.76"", ""useAsyncIO"": ""FALSE"", ""useVirtualThreads"": ""FALSE""}"
tomcat,tpe,3303,plain,false,27,2260.27,21.93,2260.27,10.034496307373047,"[8, 50, 10, False]",0.0,10.034406661987305,0.0,"{""acceptCount"": ""372"", ""allowBackslash"": ""TRUE"", ""compression"": ""force"", ""compressionMinSize"": ""3814"", ""connectionTimeout"": ""227841"", ""connectionUploadTimeout"": ""423986"", ""disableUploadTimeout"": ""FALSE"", ""executorTerminationTimeoutMillis"": ""528487"", ""keepAliveTimeout"": ""575349"", ""maxConnections"": ""4963"", ""maxHeaderCount"": ""287"", ""maxHttpHeaderSize"": ""20432"", ""maxHttpRequestHeaderSize"": ""54393"", ""maxHttpResponseHeaderSize"": ""24351"", ""maxKeepAliveRequests"": ""958"", ""maxParameterCount"": ""18863"", ""maxSwallowSize"": ""17995955"", ""maxThreads"": ""3"", ""minSpareThreads"": ""733"", ""processorCache"": ""204"", ""tcpNoDelay"": ""FALSE"", ""threadPriority"": ""7"", ""threadsMaxIdleTime"": ""19089"", ""throughput__2"": ""2260.27"", ""useAsyncIO"": ""TRUE"", ""useVirtualThreads"": ""FALSE""}"
tomcat,tpe,3303,plain,false,28,2397.87,25.38,2397.87,10.03725266456604,"[8, 50, 10, False]",0.0,10.037162780761719,0.0,"{""acceptCount"": ""306"", ""allowBackslash"": ""TRUE"", ""compression"": ""force"", ""compressionMinSize"": ""8797"", ""connectionTimeout"": ""66985"", ""connectionUploadTimeout"": ""91733"", ""disableUploadTimeout"": ""FALSE"", ""executorTerminationTimeoutMillis"": ""469368"", ""keepAliveTimeout"": ""109198"", ""maxConnections"": ""888"", ""maxHeaderCount"": ""168"", ""maxHttpHeaderSize"": ""58164"", ""maxHttpRequestHeaderSize"": ""1840"", ""maxHttpResponseHeaderSize"": ""34780"", ""maxKeepAliveRequests"": ""954"", ""maxParameterCount"": ""98144"", ""maxSwallowSize"": ""818245"", ""maxThreads"": ""70"", ""minSpareThreads"": ""995"", ""processorCache"": ""20"", ""tcpNoDelay"": ""FALSE"", ""threadPriority"": ""7"", ""threadsMaxIdleTime"": ""548752"", ""throughput__2"": ""2397.87"", ""useAsyncIO"": ""TRUE"", ""useVirtualThreads"": ""FALSE""}"
tomcat,tpe,3303,plain,false,29,2438.29,22.74,2438.29,10.029045820236206,"[8, 50, 10, False]",0.0,10.028955459594727,0.0,"{""acceptCount"": ""119"", ""allowBackslash"": ""FALSE"", ""compression"": ""on"", ""compressionMinSize"": ""3370"", ""connectionTimeout"": ""438848"", ""connectionUploadTimeout"": ""566447"", ""disableUploadTimeout"": ""TRUE"", ""executorTerminationTimeoutMillis"": ""525406"", ""keepAliveTimeout"": ""387258"", ""maxConnections"": ""11798"", ""maxHeaderCount"": ""825"", ""maxHttpHeaderSize"": ""2092"", ""maxHttpRequestHeaderSize"": ""50213"", ""maxHttpResponseHeaderSize"": ""33715"", ""maxKeepAliveRequests"": ""4993"", ""maxParameterCount"": ""73171"", ""maxSwallowSize"": ""13882499"", ""maxThreads"": ""56"", ""minSpareThreads"": ""18"", ""processorCache"": ""105"", ""tcpNoDelay"": ""FALSE"", ""threadPriority"": ""3"", ""threadsMaxIdleTime"": ""374054"", ""throughput__2"": ""2438.29"", ""useAsyncIO"": ""TRUE"", ""useVirtualThreads"": ""FALSE""}"
tomcat,tpe,3303,plain,false,30,2329.19,25.61,2329.19,10.033481121063232,"[8, 50, 10, False]",0.0,10.033395528793335,0.0,"{""acceptCount"": ""750"", ""allowBackslash"": ""FALSE"", ""compression"": ""on"", ""compressionMinSize"": ""1452"", ""connectionTimeout"": ""169453"", ""connectionUploadTimeout"": ""365340"", ""disableUploadTimeout"": ""TRUE"", ""executorTerminationTimeoutMillis"": ""370177"", ""keepAliveTimeout"": ""17428"", ""maxConnections"": ""13541"", ""maxHeaderCount"": ""748"", ""maxHttpHeaderSize"": ""7572"", ""maxHttpRequestHeaderSize"": ""51583"", ""maxHttpResponseHeaderSize"": ""18616"", ""maxKeepAliveRequests"": ""4501"", ""maxParameterCount"": ""78075"", ""maxSwallowSize"": ""7754313"", ""maxThreads"": ""225"", ""minSpareThreads"": ""595"", ""processorCache"": ""29"", ""tcpNoDelay"": ""FALSE"", ""threadPriority"": ""8"", ""threadsMaxIdleTime"": ""175506"", ""throughput__2"": ""2329.19"", ""useAsyncIO"": ""TRUE"", ""useVirtualThreads"": ""FALSE""}"
tomcat,tpe,3303,plain,false,31,2309.42,24.66,2309.42,10.051969766616821,"[8, 50, 10, False]",0.0,10.051857233047485,0.0,"{""acceptCount"": ""245"", ""allowBackslash"": ""FALSE"", ""compression"": ""force"", ""compressionMinSize"": ""2839"", ""connectionTimeout"": ""381490"", ""connectionUploadTimeout"": ""419369"", ""disableUploadTimeout"": ""TRUE"", ""executorTerminationTimeoutMillis"": ""375329"", ""keepAliveTimeout"": ""579467"", ""maxConnections"": ""10692"", ""maxHeaderCount"": ""747"", ""maxHttpHeaderSize"": ""21138"", ""maxHttpRequestHeaderSize"": ""46317"", ""maxHttpResponseHeaderSize"": ""35275"", ""maxKeepAliveRequests"": ""3522"", ""maxParameterCount"": ""12132"", ""maxSwallowSize"": ""7380798"", ""maxThreads"": ""192"", ""minSpareThreads"": ""185"", ""processorCache"": ""233"", ""tcpNoDelay"": ""FALSE"", ""threadPriority"": ""2"", ""threadsMaxIdleTime"": ""364656"", ""throughput__2"": ""2309.42"", ""useAsyncIO"": ""TRUE"", ""useVirtualThreads"": ""FALSE""}"
tomcat,tpe,3303,plain,false,32,2157.22,23.3,2157.22,10.037081241607666,"[8, 50, 10, False]",0.0,10.036989212036133,0.0,"{""acceptCount"": ""557"", ""allowBackslash"": ""FALSE"", ""compression"": ""on"", ""compressionMinSize"": ""7954"", ""connectionTimeout"": ""338917"", ""connectionUploadTimeout"": ""488314"", ""disableUploadTimeout"": ""TRUE"", ""executorTerminationTimeoutMillis"": ""474693"", ""keepAliveTimeout"": ""491458"", ""maxConnections"": ""19580"", ""maxHeaderCount"": ""839"", ""maxHttpHeaderSize"": ""16278"", ""maxHttpRequestHeaderSize"": ""21329"", ""maxHttpResponseHeaderSize"": ""17190"", ""maxKeepAliveRequests"": ""2302"", ""maxParameterCount"": ""50983"", ""maxSwallowSize"": ""18934703"", ""maxThreads"": ""117"", ""minSpareThreads"": ""162"", ""processorCache"": ""101"", ""tcpNoDelay"": ""FALSE"", ""threadPriority"": ""10"", ""threadsMaxIdleTime"": ""291401"", ""throughput__2"": ""2157.22"", ""useAsyncIO"": ""FALSE"", ""useVirtualThreads"": ""TRUE""}"
tomcat,tpe,3303,plain,false,33,2249.4,22.26,2249.4,10.032578468322754,"[8, 50, 10, False]",0.0,10.032483339309692,0.0,"{""acceptCount"": ""393"", ""allowBackslash"": ""TRUE"", ""compression"": ""off"", ""compressionMinSize"": ""2541"", ""connectionTimeout"": ""240489"", ""connectionUploadTimeout"": ""290987"", ""disableUploadTimeout"": ""FALSE"", ""executorTerminationTimeoutMillis"": ""130579"", ""keepAliveTimeout"": ""358851"", ""maxConnections"": ""18773"", ""maxHeaderCount"": ""841"", ""maxHttpHeaderSize"": ""34651"", ""maxHttpRequestHeaderSize"": ""17275"", ""maxHttpResponseHeaderSize"": ""61131"", ""maxKeepAliveRequests"": ""3786"", ""maxParameterCount"": ""23554"", ""maxSwallowSize"": ""15378785"", ""maxThreads"": ""361"", ""minSpareThreads"": ""377"", ""processorCache"": ""197"", ""tcpNoDelay"": ""FALSE"", ""threadPriority"": ""10"", ""threadsMaxIdleTime"": ""384202"", ""throughput__2"": ""2249.4"", ""useAsyncIO"": ""FALSE"", ""useVirtualThreads"": ""TRUE""}"
tomcat,tpe,3303,plain,false,34,2453.53,25.54,2453.53,10.02883791923523,"[8, 50, 10, False]",0.0,10.02874207496643,0.0,"{""acceptCount"": ""254"", ""allowBackslash"": ""FALSE"", ""compression"": ""on"", ""compressionMinSize"": ""7503"", ""connectionTimeout"": ""135481"", ""connectionUploadTimeout"": ""450674"", ""disableUploadTimeout"": ""TRUE"", ""executorTerminationTimeoutMillis"": ""593662"", ""keepAliveTimeout"": ""579278"", ""maxConnections"": ""4702"", ""maxHeaderCount"": ""693"", ""maxHttpHeaderSize"": ""59158"", ""maxHttpRequestHeaderSize"": ""26926"", ""maxHttpResponseHeaderSize"": ""29066"", ""maxKeepAliveRequests"": ""2827"", ""maxParameterCount"": ""19431"", ""maxSwallowSize"": ""20957439"", ""maxThreads"": ""108"", ""minSpareThreads"": ""726"", ""processorCache"": ""129"", ""tcpNoDelay"": ""FALSE"", ""threadPriority"": ""9"", ""threadsMaxIdleTime"": ""382037"", ""throughput__2"": ""2453.53"", ""useAsyncIO"": ""FALSE"", ""useVirtualThreads"": ""FALSE""}"
tomcat,tpe,3303,plain,false,35,2231.37,31.1,2231.37,10.036266326904297,"[8, 50, 10, False]",0.0,10.036181688308716,0.0,"{""acceptCount"": ""715"", ""allowBackslash"": ""TRUE"", ""compression"": ""force"", ""compressionMinSize"": ""10058"", ""connectionTimeout"": ""546265"", ""connectionUploadTimeout"": ""155103"", ""disableUploadTimeout"": ""FALSE"", ""executorTerminationTimeoutMillis"": ""162200"", ""keepAliveTimeout"": ""599714"", ""maxConnections"": ""3918"", ""maxHeaderCount"": ""666"", ""maxHttpHeaderSize"": ""27861"", ""maxHttpRequestHeaderSize"": ""4002"", ""maxHttpResponseHeaderSize"": ""20536"", ""maxKeepAliveRequests"": ""3028"", ""maxParameterCount"": ""55813"", ""maxSwallowSize"": ""2455677"", ""maxThreads"": ""128"", ""minSpareThreads"": ""830"", ""processorCache"": ""339"", ""tcpNoDelay"": ""TRUE"", ""threadPriority"": ""3"", ""threadsMaxIdleTime"": ""422861"", ""throughput__2"": ""2231.37"", ""useAsyncIO"": ""TRUE"", ""useVirtualThreads"": ""FALSE""}"
tomcat,tpe,3303,plain,false,36,2127.46,26.63,2127.46,10.04108476638794,"[8, 50, 10, False]",0.0,10.040993690490723,0.0,"{""acceptCount"": ""40"", ""allowBackslash"": ""FALSE"", ""compression"": ""force"", ""compressionMinSize"": ""8850"", ""connectionTimeout"": ""521244"", ""connectionUploadTimeout"": ""426489"", ""disableUploadTimeout"": ""FALSE"", ""executorTerminationTimeoutMillis"": ""272615"", ""keepAliveTimeout"": ""479799"", ""maxConnections"": ""410"", ""maxHeaderCount"": ""43"", ""maxHttpHeaderSize"": ""51210"", ""maxHttpRequestHeaderSize"": ""22132"", ""maxHttpResponseHeaderSize"": ""37412"", ""maxKeepAliveRequests"": ""3762"", ""maxParameterCount"": ""31069"", ""maxSwallowSize"": ""14626694"", ""maxThreads"": ""360"", ""minSpareThreads"": ""713"", ""processorCache"": ""47"", ""tcpNoDelay"": ""FALSE"", ""threadPriority"": ""8"", ""threadsMaxIdleTime"": ""517610"", ""throughput__2"": ""2127.46"", ""useAsyncIO"": ""FALSE"", ""useVirtualThreads"": ""FALSE""}"
tomcat,tpe,3303,plain,false,37,2298.61,26.86,2298.61,10.040441751480103,"[8, 50, 10, False]",0.0,10.040352821350098,0.0,"{""acceptCount"": ""133"", ""allowBackslash"": ""FALSE"", ""compression"": ""on"", ""compressionMinSize"": ""2623"", ""connectionTimeout"": ""50243"", ""connectionUploadTimeout"": ""379198"", ""disableUploadTimeout"": ""TRUE"", ""executorTerminationTimeoutMillis"": ""22268"", ""keepAliveTimeout"": ""586063"", ""maxConnections"": ""14819"", ""maxHeaderCount"": ""510"", ""maxHttpHeaderSize"": ""34154"", ""maxHttpRequestHeaderSize"": ""16975"", ""maxHttpResponseHeaderSize"": ""40338"", ""maxKeepAliveRequests"": ""1797"", ""maxParameterCount"": ""28108"", ""maxSwallowSize"": ""16714259"", ""maxThreads"": ""85"", ""minSpareThreads"": ""52"", ""processorCache"": ""207"", ""tcpNoDelay"": ""FALSE"", ""threadPriority"": ""10"", ""threadsMaxIdleTime"": ""82629"", ""throughput__2"": ""2298.61"", ""useAsyncIO"": ""FALSE"", ""useVirtualThreads"": ""FALSE""}"
tomcat,tpe,3303,plain,false,38,2358.48,23.2,2358.48,10.031110525131226,"[8, 50, 10, False]",0.0,10.03101921081543,0.0,"{""acceptCount"": ""836"", ""allowBackslash"": ""TRUE"", ""compression"": ""on"", ""compressionMinSize"": ""6564"", ""connectionTimeout"": ""139922"", ""connectionUploadTimeout"": ""419748"", ""disableUploadTimeout"": ""FALSE"", ""executorTerminationTimeoutMillis"": ""437877"", ""keepAliveTimeout"": ""279102"", ""maxConnections"": ""15000"", ""maxHeaderCount"": ""239"", ""maxHttpHeaderSize"": ""50105"", ""maxHttpRequestHeaderSize"": ""2806"", ""maxHttpResponseHeaderSize"": ""49472"", ""maxKeepAliveRequests"": ""1880"", ""maxParameterCount"": ""96634"", ""maxSwallowSize"": ""8661"", ""maxThreads"": ""207"", ""minSpareThreads"": ""762"", ""processorCache"": ""22"", ""tcpNoDelay"": ""FALSE"", ""threadPriority"": ""10"", ""threadsMaxIdleTime"": ""536397"", ""throughput__2"": ""2358.48"", ""useAsyncIO"": ""TRUE"", ""useVirtualThreads"": ""FALSE""}"
tomcat,tpe,3303,plain,false,39,2128.17,23.43,2128.17,10.0285062789917,"[8, 50, 10, False]",0.0,10.02841067314148,0.0,"{""acceptCount"": ""644"", ""allowBackslash"": ""TRUE"", ""compression"": ""off"", ""compressionMinSize"": ""500"", ""connectionTimeout"": ""455955"", ""connectionUploadTimeout"": ""589547"", ""disableUploadTimeout"": ""TRUE"", ""executorTerminationTimeoutMillis"": ""524336"", ""keepAliveTimeout"": ""48772"", ""maxConnections"": ""1316"", ""maxHeaderCount"": ""706"", ""maxHttpHeaderSize"": ""20845"", ""maxHttpRequestHeaderSize"": ""5522"", ""maxHttpResponseHeaderSize"": ""26617"", ""maxKeepAliveRequests"": ""4880"", ""maxParameterCount"": ""63066"", ""maxSwallowSize"": ""908644"", ""maxThreads"": ""334"", ""minSpareThreads"": ""251"", ""processorCache"": ""1"", ""tcpNoDelay"": ""TRUE"", ""threadPriority"": ""10"", ""threadsMaxIdleTime"": ""147803"", ""throughput__2"": ""2128.17"", ""useAsyncIO"": ""FALSE"", ""useVirtualThreads"": ""TRUE""}"
tomcat,tpe,3303,plain,false,40,2293.63,26.1,2293.63,10.05787444114685,"[8, 50, 10, False]",0.0,10.05778455734253,0.0,"{""acceptCount"": ""311"", ""allowBackslash"": ""TRUE"", ""compression"": ""off"", ""compressionMinSize"": ""5515"", ""connectionTimeout"": ""338088"", ""connectionUploadTimeout"": ""387494"", ""disableUploadTimeout"": ""FALSE"", ""executorTerminationTimeoutMillis"": ""98131"", ""keepAliveTimeout"": ""391901"", ""maxConnections"": ""13110"", ""maxHeaderCount"": ""525"", ""maxHttpHeaderSize"": ""14331"", ""maxHttpRequestHeaderSize"": ""41081"", ""maxHttpResponseHeaderSize"": ""51155"", ""maxKeepAliveRequests"": ""2198"", ""maxParameterCount"": ""66084"", ""maxSwallowSize"": ""15317867"", ""maxThreads"": ""43"", ""minSpareThreads"": ""822"", ""processorCache"": ""276"", ""tcpNoDelay"": ""FALSE"", ""threadPriority"": ""2"", ""threadsMaxIdleTime"": ""560366"", ""throughput__2"": ""2293.63"", ""useAsyncIO"": ""FALSE"", ""useVirtualThreads"": ""FALSE""}"
tomcat,tpe,3303,plain,false,41,2208.04,25.32,2208.04,10.053597450256348,"[8, 50, 10, False]",0.0,10.053507566452026,0.0,"{""acceptCount"": ""990"", ""allowBackslash"": ""TRUE"", ""compression"": ""force"", ""compressionMinSize"": ""2873"", ""connectionTimeout"": ""52893"", ""connectionUploadTimeout"": ""36885"", ""disableUploadTimeout"": ""TRUE"", ""executorTerminationTimeoutMillis"": ""356567"", ""keepAliveTimeout"": ""597492"", ""maxConnections"": ""5088"", ""maxHeaderCount"": ""788"", ""maxHttpHeaderSize"": ""51425"", ""maxHttpRequestHeaderSize"": ""17209"", ""maxHttpResponseHeaderSize"": ""3810"", ""maxKeepAliveRequests"": ""58"", ""maxParameterCount"": ""92199"", ""maxSwallowSize"": ""19078241"", ""maxThreads"": ""68"", ""minSpareThreads"": ""211"", ""processorCache"": ""138"", ""tcpNoDelay"": ""FALSE"", ""threadPriority"": ""3"", ""threadsMaxIdleTime"": ""144523"", ""throughput__2"": ""2208.04"", ""useAsyncIO"": ""FALSE"", ""useVirtualThreads"": ""FALSE""}"
tomcat,tpe,3303,plain,false,42,2162.48,26.62,2162.48,10.0367431640625,"[8, 50, 10, False]",0.0,10.036652326583862,0.0,"{""acceptCount"": ""408"", ""allowBackslash"": ""TRUE"", ""compression"": ""force"", ""compressionMinSize"": ""5947"", ""connectionTimeout"": ""96281"", ""connectionUploadTimeout"": ""499100"", ""disableUploadTimeout"": ""TRUE"", ""executorTerminationTimeoutMillis"": ""485174"", ""keepAliveTimeout"": ""388382"", ""maxConnections"": ""16302"", ""maxHeaderCount"": ""570"", ""maxHttpHeaderSize"": ""39260"", ""maxHttpRequestHeaderSize"": ""11621"", ""maxHttpResponseHeaderSize"": ""13390"", ""maxKeepAliveRequests"": ""3973"", ""maxParameterCount"": ""15798"", ""maxSwallowSize"": ""19439347"", ""maxThreads"": ""158"", ""minSpareThreads"": ""544"", ""processorCache"": ""57"", ""tcpNoDelay"": ""FALSE"", ""threadPriority"": ""9"", ""threadsMaxIdleTime"": ""368842"", ""throughput__2"": ""2162.48"", ""useAsyncIO"": ""FALSE"", ""useVirtualThreads"": ""FALSE""}"
tomcat,tpe,3303,plain,false,43,2390.07,25.62,2390.07,10.031063556671143,"[8, 50, 10, False]",0.0,10.030968189239502,0.0,"{""acceptCount"": ""528"", ""allowBackslash"": ""TRUE"", ""compression"": ""force"", ""compressionMinSize"": ""4286"", ""connectionTimeout"": ""466412"", ""connectionUploadTimeout"": ""520845"", ""disableUploadTimeout"": ""FALSE"", ""executorTerminationTimeoutMillis"": ""430440"", ""keepAliveTimeout"": ""266602"", ""maxConnections"": ""19942"", ""maxHeaderCount"": ""130"", ""maxHttpHeaderSize"": ""26421"", ""maxHttpRequestHeaderSize"": ""18286"", ""maxHttpResponseHeaderSize"": ""34620"", ""maxKeepAliveRequests"": ""2508"", ""maxParameterCount"": ""64132"", ""maxSwallowSize"": ""1823906"", ""maxThreads"": ""191"", ""minSpareThreads"": ""36"", ""processorCache"": ""45"", ""tcpNoDelay"": ""FALSE"", ""threadPriority"": ""10"", ""threadsMaxIdleTime"": ""110366"", ""throughput__2"": ""2390.07"", ""useAsyncIO"": ""TRUE"", ""useVirtualThreads"": ""FALSE""}"
tomcat,tpe,3303,plain,false,44,2329.09,26.33,2329.09,10.030890226364136,"[8, 50, 10, False]",0.0,10.030798435211182,0.0,"{""acceptCount"": ""379"", ""allowBackslash"": ""TRUE"", ""compression"": ""force"", ""compressionMinSize"": ""9733"", ""connectionTimeout"": ""461770"", ""connectionUploadTimeout"": ""485544"", ""disableUploadTimeout"": ""FALSE"", ""executorTerminationTimeoutMillis"": ""581559"", ""keepAliveTimeout"": ""116546"", ""maxConnections"": ""11628"", ""maxHeaderCount"": ""121"", ""maxHttpHeaderSize"": ""1376"", ""maxHttpRequestHeaderSize"": ""51337"", ""maxHttpResponseHeaderSize"": ""12405"", ""maxKeepAliveRequests"": ""3336"", ""maxParameterCount"": ""5892"", ""maxSwallowSize"": ""1493834"", ""maxThreads"": ""320"", ""minSpareThreads"": ""193"", ""processorCache"": ""69"", ""tcpNoDelay"": ""FALSE"", ""threadPriority"": ""7"", ""threadsMaxIdleTime"": ""428564"", ""throughput__2"": ""2329.09"", ""useAsyncIO"": ""TRUE"", ""useVirtualThreads"": ""FALSE""}"
tomcat,tpe,3303,plain,false,45,2206.02,27.95,2206.02,10.054115533828735,"[8, 50, 10, False]",0.0,10.054025173187256,0.0,"{""acceptCount"": ""932"", ""allowBackslash"": ""TRUE"", ""compression"": ""on"", ""compressionMinSize"": ""2374"", ""connectionTimeout"": ""442888"", ""connectionUploadTimeout"": ""265709"", ""disableUploadTimeout"": ""TRUE"", ""executorTerminationTimeoutMillis"": ""175870"", ""keepAliveTimeout"": ""288815"", ""maxConnections"": ""556"", ""maxHeaderCount"": ""564"", ""maxHttpHeaderSize"": ""23111"", ""maxHttpRequestHeaderSize"": ""35748"", ""maxHttpResponseHeaderSize"": ""35220"", ""maxKeepAliveRequests"": ""4044"", ""maxParameterCount"": ""51660"", ""maxSwallowSize"": ""1230621"", ""maxThreads"": ""197"", ""minSpareThreads"": ""713"", ""processorCache"": ""120"", ""tcpNoDelay"": ""FALSE"", ""threadPriority"": ""3"", ""threadsMaxIdleTime"": ""312051"", ""throughput__2"": ""2206.02"", ""useAsyncIO"": ""FALSE"", ""useVirtualThreads"": ""FALSE""}"
tomcat,tpe,3303,plain,false,46,2271.19,25.19,2271.19,10.050291538238525,"[8, 50, 10, False]",0.0,10.050196170806885,0.0,"{""acceptCount"": ""83"", ""allowBackslash"": ""TRUE"", ""compression"": ""off"", ""compressionMinSize"": ""6540"", ""connectionTimeout"": ""492418"", ""connectionUploadTimeout"": ""45835"", ""disableUploadTimeout"": ""FALSE"", ""executorTerminationTimeoutMillis"": ""468852"", ""keepAliveTimeout"": ""352431"", ""maxConnections"": ""17898"", ""maxHeaderCount"": ""628"", ""maxHttpHeaderSize"": ""35429"", ""maxHttpRequestHeaderSize"": ""6041"", ""maxHttpResponseHeaderSize"": ""14391"", ""maxKeepAliveRequests"": ""2312"", ""maxParameterCount"": ""45404"", ""maxSwallowSize"": ""10968137"", ""maxThreads"": ""138"", ""minSpareThreads"": ""762"", ""processorCache"": ""129"", ""tcpNoDelay"": ""FALSE"", ""threadPriority"": ""7"", ""threadsMaxIdleTime"": ""346225"", ""throughput__2"": ""2271.19"", ""useAsyncIO"": ""TRUE"", ""useVirtualThreads"": ""FALSE""}"
tomcat,tpe,3303,plain,false,47,2165.09,56.98,2165.09,10.043814659118652,"[8, 50, 10, False]",0.0,10.043716192245483,0.0,"{""acceptCount"": ""7"", ""allowBackslash"": ""TRUE"", ""compression"": ""force"", ""compressionMinSize"": ""9644"", ""connectionTimeout"": ""334468"", ""connectionUploadTimeout"": ""352897"", ""disableUploadTimeout"": ""FALSE"", ""executorTerminationTimeoutMillis"": ""7902"", ""keepAliveTimeout"": ""426752"", ""maxConnections"": ""6027"", ""maxHeaderCount"": ""807"", ""maxHttpHeaderSize"": ""16030"", ""maxHttpRequestHeaderSize"": ""7796"", ""maxHttpResponseHeaderSize"": ""40235"", ""maxKeepAliveRequests"": ""1622"", ""maxParameterCount"": ""68169"", ""maxSwallowSize"": ""10557475"", ""maxThreads"": ""18"", ""minSpareThreads"": ""689"", ""processorCache"": ""175"", ""tcpNoDelay"": ""FALSE"", ""threadPriority"": ""1"", ""threadsMaxIdleTime"": ""468088"", ""throughput__2"": ""2165.09"", ""useAsyncIO"": ""TRUE"", ""useVirtualThreads"": ""TRUE""}"
tomcat,tpe,3303,plain,false,48,2465.9,23.37,2465.9,10.03370213508606,"[8, 50, 10, False]",0.0,10.033605098724365,0.0,"{""acceptCount"": ""608"", ""allowBackslash"": ""TRUE"", ""compression"": ""off"", ""compressionMinSize"": ""3509"", ""connectionTimeout"": ""62616"", ""connectionUploadTimeout"": ""534156"", ""disableUploadTimeout"": ""FALSE"", ""executorTerminationTimeoutMillis"": ""395499"", ""keepAliveTimeout"": ""596485"", ""maxConnections"": ""2303"", ""maxHeaderCount"": ""397"", ""maxHttpHeaderSize"": ""791"", ""maxHttpRequestHeaderSize"": ""954"", ""maxHttpResponseHeaderSize"": ""35006"", ""maxKeepAliveRequests"": ""4283"", ""maxParameterCount"": ""8745"", ""maxSwallowSize"": ""870052"", ""maxThreads"": ""185"", ""minSpareThreads"": ""737"", ""processorCache"": ""104"", ""tcpNoDelay"": ""FALSE"", ""threadPriority"": ""6"", ""threadsMaxIdleTime"": ""349116"", ""throughput__2"": ""2465.9"", ""useAsyncIO"": ""TRUE"", ""useVirtualThreads"": ""FALSE""}"
tomcat,tpe,3303,plain,false,49,2152.53,35.6,2152.53,10.06259036064148,"[8, 50, 10, False]",0.0,10.062448740005493,0.0,"{""acceptCount"": ""16"", ""allowBackslash"": ""FALSE"", ""compression"": ""force"", ""compressionMinSize"": ""3007"", ""connectionTimeout"": ""355914"", ""connectionUploadTimeout"": ""590548"", ""disableUploadTimeout"": ""TRUE"", ""executorTerminationTimeoutMillis"": ""494350"", ""keepAliveTimeout"": ""119836"", ""maxConnections"": ""17504"", ""maxHeaderCount"": ""780"", ""maxHttpHeaderSize"": ""19281"", ""maxHttpRequestHeaderSize"": ""29958"", ""maxHttpResponseHeaderSize"": ""58126"", ""maxKeepAliveRequests"": ""3424"", ""maxParameterCount"": ""91260"", ""maxSwallowSize"": ""15232974"", ""maxThreads"": ""88"", ""minSpareThreads"": ""111"", ""processorCache"": ""9"", ""tcpNoDelay"": ""FALSE"", ""threadPriority"": ""1"", ""threadsMaxIdleTime"": ""438131"", ""throughput__2"": ""2152.53"", ""useAsyncIO"": ""TRUE"", ""useVirtualThreads"": ""TRUE""}"
tomcat,tpe,3303,plain,false,50,2293.37,24.31,2293.37,10.048705339431763,"[8, 50, 10, False]",0.0,10.048618078231812,0.0,"{""acceptCount"": ""863"", ""allowBackslash"": ""TRUE"", ""compression"": ""force"", ""compressionMinSize"": ""7334"", ""connectionTimeout"": ""448461"", ""connectionUploadTimeout"": ""407972"", ""disableUploadTimeout"": ""FALSE"", ""executorTerminationTimeoutMillis"": ""263322"", ""keepAliveTimeout"": ""274681"", ""maxConnections"": ""19227"", ""maxHeaderCount"": ""65"", ""maxHttpHeaderSize"": ""16885"", ""maxHttpRequestHeaderSize"": ""3578"", ""maxHttpResponseHeaderSize"": ""25476"", ""maxKeepAliveRequests"": ""3500"", ""maxParameterCount"": ""93489"", ""maxSwallowSize"": ""5054559"", ""maxThreads"": ""62"", ""minSpareThreads"": ""493"", ""processorCache"": ""30"", ""tcpNoDelay"": ""FALSE"", ""threadPriority"": ""8"", ""threadsMaxIdleTime"": ""126294"", ""throughput__2"": ""2293.37"", ""useAsyncIO"": ""FALSE"", ""useVirtualThreads"": ""FALSE""}"
tomcat,tpe,3303,plain,false,51,2117.04,23.45,2117.04,10.035684585571289,"[8, 50, 10, False]",0.0,10.035592555999756,0.0,"{""acceptCount"": ""319"", ""allowBackslash"": ""TRUE"", ""compression"": ""on"", ""compressionMinSize"": ""1806"", ""connectionTimeout"": ""223871"", ""connectionUploadTimeout"": ""550648"", ""disableUploadTimeout"": ""FALSE"", ""executorTerminationTimeoutMillis"": ""368522"", ""keepAliveTimeout"": ""225692"", ""maxConnections"": ""18805"", ""maxHeaderCount"": ""476"", ""maxHttpHeaderSize"": ""26300"", ""maxHttpRequestHeaderSize"": ""5126"", ""maxHttpResponseHeaderSize"": ""21205"", ""maxKeepAliveRequests"": ""3511"", ""maxParameterCount"": ""27778"", ""maxSwallowSize"": ""18344833"", ""maxThreads"": ""278"", ""minSpareThreads"": ""122"", ""processorCache"": ""1"", ""tcpNoDelay"": ""FALSE"", ""threadPriority"": ""10"", ""threadsMaxIdleTime"": ""49846"", ""throughput__2"": ""2117.04"", ""useAsyncIO"": ""TRUE"", ""useVirtualThreads"": ""TRUE""}"
tomcat,tpe,3303,plain,false,52,2384.09,25.35,2384.09,10.030799865722656,"[8, 50, 10, False]",0.0,10.030707359313965,0.0,"{""acceptCount"": ""728"", ""allowBackslash"": ""TRUE"", ""compression"": ""on"", ""compressionMinSize"": ""5433"", ""connectionTimeout"": ""98214"", ""connectionUploadTimeout"": ""433467"", ""disableUploadTimeout"": ""FALSE"", ""executorTerminationTimeoutMillis"": ""434653"", ""keepAliveTimeout"": ""71449"", ""maxConnections"": ""17302"", ""maxHeaderCount"": ""575"", ""maxHttpHeaderSize"": ""12755"", ""maxHttpRequestHeaderSize"": ""16570"", ""maxHttpResponseHeaderSize"": ""61993"", ""maxKeepAliveRequests"": ""1678"", ""maxParameterCount"": ""90697"", ""maxSwallowSize"": ""1890087"", ""maxThreads"": ""398"", ""minSpareThreads"": ""345"", ""processorCache"": ""31"", ""tcpNoDelay"": ""TRUE"", ""threadPriority"": ""7"", ""threadsMaxIdleTime"": ""572052"", ""throughput__2"": ""2384.09"", ""useAsyncIO"": ""TRUE"", ""useVirtualThreads"": ""FALSE""}"
tomcat,tpe,3303,plain,false,53,2333.41,25.06,2333.41,10.040865898132324,"[8, 50, 10, False]",0.0,10.040782451629639,0.0,"{""acceptCount"": ""133"", ""allowBackslash"": ""FALSE"", ""compression"": ""force"", ""compressionMinSize"": ""128"", ""connectionTimeout"": ""345576"", ""connectionUploadTimeout"": ""314597"", ""disableUploadTimeout"": ""TRUE"", ""executorTerminationTimeoutMillis"": ""570870"", ""keepAliveTimeout"": ""301483"", ""maxConnections"": ""17617"", ""maxHeaderCount"": ""184"", ""maxHttpHeaderSize"": ""57510"", ""maxHttpRequestHeaderSize"": ""45709"", ""maxHttpResponseHeaderSize"": ""21615"", ""maxKeepAliveRequests"": ""378"", ""maxParameterCount"": ""93477"", ""maxSwallowSize"": ""13976082"", ""maxThreads"": ""307"", ""minSpareThreads"": ""538"", ""processorCache"": ""31"", ""tcpNoDelay"": ""FALSE"", ""threadPriority"": ""6"", ""threadsMaxIdleTime"": ""282503"", ""throughput__2"": ""2333.41"", ""useAsyncIO"": ""FALSE"", ""useVirtualThreads"": ""FALSE""}"
tomcat,tpe,3303,plain,false,54,2307.76,24.3,2307.76,10.055715322494507,"[8, 50, 10, False]",0.0,10.05562448501587,0.0,"{""acceptCount"": ""746"", ""allowBackslash"": ""TRUE"", ""compression"": ""off"", ""compressionMinSize"": ""5083"", ""connectionTimeout"": ""260751"", ""connectionUploadTimeout"": ""549324"", ""disableUploadTimeout"": ""FALSE"", ""executorTerminationTimeoutMillis"": ""402633"", ""keepAliveTimeout"": ""346204"", ""maxConnections"": ""6483"", ""maxHeaderCount"": ""654"", ""maxHttpHeaderSize"": ""42609"", ""maxHttpRequestHeaderSize"": ""22957"", ""maxHttpResponseHeaderSize"": ""29307"", ""maxKeepAliveRequests"": ""4530"", ""maxParameterCount"": ""14820"", ""maxSwallowSize"": ""2642989"", ""maxThreads"": ""51"", ""minSpareThreads"": ""632"", ""processorCache"": ""72"", ""tcpNoDelay"": ""FALSE"", ""threadPriority"": ""4"", ""threadsMaxIdleTime"": ""582171"", ""throughput__2"": ""2307.76"", ""useAsyncIO"": ""TRUE"", ""useVirtualThreads"": ""FALSE""}"
tomcat,tpe,3303,plain,false,55,2152.28,24.98,2152.28,10.042831182479858,"[8, 50, 10, False]",0.0,10.0427405834198,0.0,"{""acceptCount"": ""484"", ""allowBackslash"": ""FALSE"", ""compression"": ""on"", ""compressionMinSize"": ""10056"", ""connectionTimeout"": ""327177"", ""connectionUploadTimeout"": ""594042"", ""disableUploadTimeout"": ""TRUE"", ""executorTerminationTimeoutMillis"": ""500736"", ""keepAliveTimeout"": ""169393"", ""maxConnections"": ""6944"", ""maxHeaderCount"": ""271"", ""maxHttpHeaderSize"": ""44019"", ""maxHttpRequestHeaderSize"": ""63160"", ""maxHttpResponseHeaderSize"": ""22119"", ""maxKeepAliveRequests"": ""3440"", ""maxParameterCount"": ""12365"", ""maxSwallowSize"": ""20947167"", ""maxThreads"": ""201"", ""minSpareThreads"": ""780"", ""processorCache"": ""175"", ""tcpNoDelay"": ""FALSE"", ""threadPriority"": ""8"", ""threadsMaxIdleTime"": ""86852"", ""throughput__2"": ""2152.28"", ""useAsyncIO"": ""FALSE"", ""useVirtualThreads"": ""FALSE""}"
tomcat,tpe,3303,plain,false,56,2323.97,24.76,2323.97,10.046393871307373,"[8, 50, 10, False]",0.0,10.046297788619995,0.0,"{""acceptCount"": ""833"", ""allowBackslash"": ""TRUE"", ""compression"": ""off"", ""compressionMinSize"": ""2406"", ""connectionTimeout"": ""564635"", ""connectionUploadTimeout"": ""562171"", ""disableUploadTimeout"": ""TRUE"", ""executorTerminationTimeoutMillis"": ""164657"", ""keepAliveTimeout"": ""164021"", ""maxConnections"": ""9212"", ""maxHeaderCount"": ""77"", ""maxHttpHeaderSize"": ""35684"", ""maxHttpRequestHeaderSize"": ""3125"", ""maxHttpResponseHeaderSize"": ""37459"", ""maxKeepAliveRequests"": ""3677"", ""maxParameterCount"": ""21536"", ""maxSwallowSize"": ""7295146"", ""maxThreads"": ""299"", ""minSpareThreads"": ""813"", ""processorCache"": ""250"", ""tcpNoDelay"": ""TRUE"", ""threadPriority"": ""10"", ""threadsMaxIdleTime"": ""358860"", ""throughput__2"": ""2323.97"", ""useAsyncIO"": ""TRUE"", ""useVirtualThreads"": ""FALSE""}"
tomcat,tpe,3303,plain,false,57,2380.49,22.61,2380.49,10.024863958358765,"[8, 50, 10, False]",0.0,10.024773359298706,0.0,"{""acceptCount"": ""381"", ""allowBackslash"": ""TRUE"", ""compression"": ""on"", ""compressionMinSize"": ""647"", ""connectionTimeout"": ""575886"", ""connectionUploadTimeout"": ""374001"", ""disableUploadTimeout"": ""FALSE"", ""executorTerminationTimeoutMillis"": ""317775"", ""keepAliveTimeout"": ""39587"", ""maxConnections"": ""7325"", ""maxHeaderCount"": ""405"", ""maxHttpHeaderSize"": ""58549"", ""maxHttpRequestHeaderSize"": ""28206"", ""maxHttpResponseHeaderSize"": ""31383"", ""maxKeepAliveRequests"": ""2113"", ""maxParameterCount"": ""43759"", ""maxSwallowSize"": ""5441674"", ""maxThreads"": ""173"", ""minSpareThreads"": ""360"", ""processorCache"": ""18"", ""tcpNoDelay"": ""FALSE"", ""threadPriority"": ""7"", ""threadsMaxIdleTime"": ""372820"", ""throughput__2"": ""2380.49"", ""useAsyncIO"": ""TRUE"", ""useVirtualThreads"": ""FALSE""}"
tomcat,tpe,3303,plain,false,58,2208.57,22.19,2208.57,10.035872220993042,"[8, 50, 10, False]",0.0,10.035786867141724,0.0,"{""acceptCount"": ""147"", ""allowBackslash"": ""FALSE"", ""compression"": ""force"", ""compressionMinSize"": ""6449"", ""connectionTimeout"": ""222265"", ""connectionUploadTimeout"": ""91578"", ""disableUploadTimeout"": ""TRUE"", ""executorTerminationTimeoutMillis"": ""476502"", ""keepAliveTimeout"": ""571407"", ""maxConnections"": ""18213"", ""maxHeaderCount"": ""796"", ""maxHttpHeaderSize"": ""41934"", ""maxHttpRequestHeaderSize"": ""40298"", ""maxHttpResponseHeaderSize"": ""24044"", ""maxKeepAliveRequests"": ""4378"", ""maxParameterCount"": ""95130"", ""maxSwallowSize"": ""767394"", ""maxThreads"": ""7"", ""minSpareThreads"": ""584"", ""processorCache"": ""351"", ""tcpNoDelay"": ""FALSE"", ""threadPriority"": ""8"", ""threadsMaxIdleTime"": ""53067"", ""throughput__2"": ""2208.57"", ""useAsyncIO"": ""FALSE"", ""useVirtualThreads"": ""FALSE""}"
tomcat,tpe,3303,plain,false,59,2289.22,26.03,2289.22,10.049828052520752,"[8, 50, 10, False]",0.0,10.049732208251953,0.0,"{""acceptCount"": ""842"", ""allowBackslash"": ""TRUE"", ""compression"": ""on"", ""compressionMinSize"": ""6130"", ""connectionTimeout"": ""588023"", ""connectionUploadTimeout"": ""477827"", ""disableUploadTimeout"": ""FALSE"", ""executorTerminationTimeoutMillis"": ""293614"", ""keepAliveTimeout"": ""178193"", ""maxConnections"": ""7306"", ""maxHeaderCount"": ""33"", ""maxHttpHeaderSize"": ""62201"", ""maxHttpRequestHeaderSize"": ""31119"", ""maxHttpResponseHeaderSize"": ""41531"", ""maxKeepAliveRequests"": ""1472"", ""maxParameterCount"": ""3485"", ""maxSwallowSize"": ""15811812"", ""maxThreads"": ""307"", ""minSpareThreads"": ""551"", ""processorCache"": ""358"", ""tcpNoDelay"": ""FALSE"", ""threadPriority"": ""10"", ""threadsMaxIdleTime"": ""289295"", ""throughput__2"": ""2289.22"", ""useAsyncIO"": ""TRUE"", ""useVirtualThreads"": ""FALSE""}"
tomcat,tpe,3303,plain,false,60,2221.34,25.1,2221.34,10.051574230194092,"[8, 50, 10, False]",0.0,10.051484823226929,0.0,"{""acceptCount"": ""135"", ""allowBackslash"": ""TRUE"", ""compression"": ""on"", ""compressionMinSize"": ""39"", ""connectionTimeout"": ""101890"", ""connectionUploadTimeout"": ""403455"", ""disableUploadTimeout"": ""FALSE"", ""executorTerminationTimeoutMillis"": ""343851"", ""keepAliveTimeout"": ""117178"", ""maxConnections"": ""17672"", ""maxHeaderCount"": ""775"", ""maxHttpHeaderSize"": ""53456"", ""maxHttpRequestHeaderSize"": ""44344"", ""maxHttpResponseHeaderSize"": ""9265"", ""maxKeepAliveRequests"": ""1510"", ""maxParameterCount"": ""75532"", ""maxSwallowSize"": ""15603306"", ""maxThreads"": ""277"", ""minSpareThreads"": ""221"", ""processorCache"": ""122"", ""tcpNoDelay"": ""TRUE"", ""threadPriority"": ""3"", ""threadsMaxIdleTime"": ""132742"", ""throughput__2"": ""2221.34"", ""useAsyncIO"": ""TRUE"", ""useVirtualThreads"": ""FALSE""}"
tomcat,tpe,3303,plain,false,61,2431.48,24.39,2431.48,10.041159868240356,"[8, 50, 10, False]",0.0,10.041069746017456,0.0,"{""acceptCount"": ""791"", ""allowBackslash"": ""TRUE"", ""compression"": ""off"", ""compressionMinSize"": ""3274"", ""connectionTimeout"": ""435712"", ""connectionUploadTimeout"": ""6221"", ""disableUploadTimeout"": ""FALSE"", ""executorTerminationTimeoutMillis"": ""394039"", ""keepAliveTimeout"": ""582195"", ""maxConnections"": ""5189"", ""maxHeaderCount"": ""920"", ""maxHttpHeaderSize"": ""6786"", ""maxHttpRequestHeaderSize"": ""36118"", ""maxHttpResponseHeaderSize"": ""29907"", ""maxKeepAliveRequests"": ""748"", ""maxParameterCount"": ""96638"", ""maxSwallowSize"": ""10828902"", ""maxThreads"": ""306"", ""minSpareThreads"": ""151"", ""processorCache"": ""209"", ""tcpNoDelay"": ""FALSE"", ""threadPriority"": ""9"", ""threadsMaxIdleTime"": ""43619"", ""throughput__2"": ""2431.48"", ""useAsyncIO"": ""FALSE"", ""useVirtualThreads"": ""FALSE""}"
tomcat,tpe,3303,plain,false,62,2344.82,29.12,2344.82,10.040095329284668,"[8, 50, 10, False]",0.0,10.040000200271606,0.0,"{""acceptCount"": ""21"", ""allowBackslash"": ""TRUE"", ""compression"": ""on"", ""compressionMinSize"": ""1346"", ""connectionTimeout"": ""523555"", ""connectionUploadTimeout"": ""569270"", ""disableUploadTimeout"": ""FALSE"", ""executorTerminationTimeoutMillis"": ""312660"", ""keepAliveTimeout"": ""355135"", ""maxConnections"": ""1820"", ""maxHeaderCount"": ""214"", ""maxHttpHeaderSize"": ""32944"", ""maxHttpRequestHeaderSize"": ""6913"", ""maxHttpResponseHeaderSize"": ""38893"", ""maxKeepAliveRequests"": ""3503"", ""maxParameterCount"": ""82306"", ""maxSwallowSize"": ""1738629"", ""maxThreads"": ""123"", ""minSpareThreads"": ""629"", ""processorCache"": ""32"", ""tcpNoDelay"": ""FALSE"", ""threadPriority"": ""8"", ""threadsMaxIdleTime"": ""251044"", ""throughput__2"": ""2344.82"", ""useAsyncIO"": ""TRUE"", ""useVirtualThreads"": ""FALSE""}"
tomcat,tpe,3303,plain,false,63,2306.11,26.06,2306.11,10.031089305877686,"[8, 50, 10, False]",0.0,10.030999183654785,0.0,"{""acceptCount"": ""874"", ""allowBackslash"": ""FALSE"", ""compression"": ""on"", ""compressionMinSize"": ""3821"", ""connectionTimeout"": ""310484"", ""connectionUploadTimeout"": ""182430"", ""disableUploadTimeout"": ""FALSE"", ""executorTerminationTimeoutMillis"": ""436633"", ""keepAliveTimeout"": ""180959"", ""maxConnections"": ""18648"", ""maxHeaderCount"": ""65"", ""maxHttpHeaderSize"": ""23377"", ""maxHttpRequestHeaderSize"": ""56144"", ""maxHttpResponseHeaderSize"": ""53150"", ""maxKeepAliveRequests"": ""1274"", ""maxParameterCount"": ""91099"", ""maxSwallowSize"": ""2866420"", ""maxThreads"": ""375"", ""minSpareThreads"": ""345"", ""processorCache"": ""139"", ""tcpNoDelay"": ""TRUE"", ""threadPriority"": ""8"", ""threadsMaxIdleTime"": ""331338"", ""throughput__2"": ""2306.11"", ""useAsyncIO"": ""TRUE"", ""useVirtualThreads"": ""FALSE""}"
tomcat,tpe,3303,plain,false,64,2158.99,22.72,2158.99,10.05240535736084,"[8, 50, 10, False]",0.0,10.05231261253357,0.0,"{""acceptCount"": ""663"", ""allowBackslash"": ""TRUE"", ""compression"": ""off"", ""compressionMinSize"": ""8845"", ""connectionTimeout"": ""437805"", ""connectionUploadTimeout"": ""347153"", ""disableUploadTimeout"": ""TRUE"", ""executorTerminationTimeoutMillis"": ""516734"", ""keepAliveTimeout"": ""29941"", ""maxConnections"": ""1418"", ""maxHeaderCount"": ""831"", ""maxHttpHeaderSize"": ""32703"", ""maxHttpRequestHeaderSize"": ""51714"", ""maxHttpResponseHeaderSize"": ""41618"", ""maxKeepAliveRequests"": ""766"", ""maxParameterCount"": ""28455"", ""maxSwallowSize"": ""303369"", ""maxThreads"": ""6"", ""minSpareThreads"": ""614"", ""processorCache"": ""325"", ""tcpNoDelay"": ""TRUE"", ""threadPriority"": ""5"", ""threadsMaxIdleTime"": ""15730"", ""throughput__2"": ""2158.99"", ""useAsyncIO"": ""FALSE"", ""useVirtualThreads"": ""FALSE""}"
tomcat,tpe,3303,plain,false,65,2264.86,23.2,2264.86,10.048362255096436,"[8, 50, 10, False]",0.0,10.048272132873535,0.0,"{""acceptCount"": ""666"", ""allowBackslash"": ""FALSE"", ""compression"": ""on"", ""compressionMinSize"": ""1199"", ""connectionTimeout"": ""106209"", ""connectionUploadTimeout"": ""519446"", ""disableUploadTimeout"": ""FALSE"", ""executorTerminationTimeoutMillis"": ""545677"", ""keepAliveTimeout"": ""446528"", ""maxConnections"": ""4790"", ""maxHeaderCount"": ""223"", ""maxHttpHeaderSize"": ""53907"", ""maxHttpRequestHeaderSize"": ""628"", ""maxHttpResponseHeaderSize"": ""11762"", ""maxKeepAliveRequests"": ""3028"", ""maxParameterCount"": ""75992"", ""maxSwallowSize"": ""5713242"", ""maxThreads"": ""24"", ""minSpareThreads"": ""888"", ""processorCache"": ""103"", ""tcpNoDelay"": ""FALSE"", ""threadPriority"": ""5"", ""threadsMaxIdleTime"": ""226898"", ""throughput__2"": ""2264.86"", ""useAsyncIO"": ""FALSE"", ""useVirtualThreads"": ""FALSE""}"
tomcat,tpe,3303,plain,false,66,2204.71,24.37,2204.71,10.043825149536133,"[8, 50, 10, False]",0.0,10.043732643127441,0.0,"{""acceptCount"": ""627"", ""allowBackslash"": ""TRUE"", ""compression"": ""force"", ""compressionMinSize"": ""1332"", ""connectionTimeout"": ""148705"", ""connectionUploadTimeout"": ""402238"", ""disableUploadTimeout"": ""FALSE"", ""executorTerminationTimeoutMillis"": ""6424"", ""keepAliveTimeout"": ""434795"", ""maxConnections"": ""12218"", ""maxHeaderCount"": ""636"", ""maxHttpHeaderSize"": ""45232"", ""maxHttpRequestHeaderSize"": ""26496"", ""maxHttpResponseHeaderSize"": ""63009"", ""maxKeepAliveRequests"": ""4694"", ""maxParameterCount"": ""29708"", ""maxSwallowSize"": ""15105934"", ""maxThreads"": ""316"", ""minSpareThreads"": ""588"", ""processorCache"": ""138"", ""tcpNoDelay"": ""TRUE"", ""threadPriority"": ""8"", ""threadsMaxIdleTime"": ""198337"", ""throughput__2"": ""2204.71"", ""useAsyncIO"": ""FALSE"", ""useVirtualThreads"": ""FALSE""}"
tomcat,tpe,3303,plain,false,67,2366.65,30.58,2366.65,10.03738021850586,"[8, 50, 10, False]",0.0,10.037289142608643,0.0,"{""acceptCount"": ""291"", ""allowBackslash"": ""TRUE"", ""compression"": ""force"", ""compressionMinSize"": ""9106"", ""connectionTimeout"": ""341669"", ""connectionUploadTimeout"": ""144418"", ""disableUploadTimeout"": ""FALSE"", ""executorTerminationTimeoutMillis"": ""401100"", ""keepAliveTimeout"": ""220880"", ""maxConnections"": ""15285"", ""maxHeaderCount"": ""178"", ""maxHttpHeaderSize"": ""28498"", ""maxHttpRequestHeaderSize"": ""17623"", ""maxHttpResponseHeaderSize"": ""46739"", ""maxKeepAliveRequests"": ""3787"", ""maxParameterCount"": ""89831"", ""maxSwallowSize"": ""1290735"", ""maxThreads"": ""298"", ""minSpareThreads"": ""417"", ""processorCache"": ""36"", ""tcpNoDelay"": ""TRUE"", ""threadPriority"": ""10"", ""threadsMaxIdleTime"": ""68908"", ""throughput__2"": ""2366.65"", ""useAsyncIO"": ""TRUE"", ""useVirtualThreads"": ""FALSE""}"
tomcat,tpe,3303,plain,false,68,2307.95,26.03,2307.95,10.043787717819214,"[8, 50, 10, False]",0.0,10.043672800064087,0.0,"{""acceptCount"": ""544"", ""allowBackslash"": ""TRUE"", ""compression"": ""on"", ""compressionMinSize"": ""2559"", ""connectionTimeout"": ""72068"", ""connectionUploadTimeout"": ""274896"", ""disableUploadTimeout"": ""FALSE"", ""executorTerminationTimeoutMillis"": ""302187"", ""keepAliveTimeout"": ""159823"", ""maxConnections"": ""16504"", ""maxHeaderCount"": ""300"", ""maxHttpHeaderSize"": ""5990"", ""maxHttpRequestHeaderSize"": ""18587"", ""maxHttpResponseHeaderSize"": ""51951"", ""maxKeepAliveRequests"": ""3145"", ""maxParameterCount"": ""68609"", ""maxSwallowSize"": ""7130873"", ""maxThreads"": ""314"", ""minSpareThreads"": ""835"", ""processorCache"": ""106"", ""tcpNoDelay"": ""TRUE"", ""threadPriority"": ""2"", ""threadsMaxIdleTime"": ""225718"", ""throughput__2"": ""2307.95"", ""useAsyncIO"": ""TRUE"", ""useVirtualThreads"": ""FALSE""}"
tomcat,tpe,3303,plain,false,69,2151.27,26.29,2151.27,10.058774471282959,"[8, 50, 10, False]",0.0,10.058680772781372,0.0,"{""acceptCount"": ""55"", ""allowBackslash"": ""TRUE"", ""compression"": ""off"", ""compressionMinSize"": ""8317"", ""connectionTimeout"": ""395811"", ""connectionUploadTimeout"": ""391192"", ""disableUploadTimeout"": ""FALSE"", ""executorTerminationTimeoutMillis"": ""437759"", ""keepAliveTimeout"": ""230033"", ""maxConnections"": ""2442"", ""maxHeaderCount"": ""528"", ""maxHttpHeaderSize"": ""10259"", ""maxHttpRequestHeaderSize"": ""17411"", ""maxHttpResponseHeaderSize"": ""55166"", ""maxKeepAliveRequests"": ""3229"", ""maxParameterCount"": ""57281"", ""maxSwallowSize"": ""3236846"", ""maxThreads"": ""266"", ""minSpareThreads"": ""563"", ""processorCache"": ""102"", ""tcpNoDelay"": ""FALSE"", ""threadPriority"": ""4"", ""threadsMaxIdleTime"": ""97857"", ""throughput__2"": ""2151.27"", ""useAsyncIO"": ""FALSE"", ""useVirtualThreads"": ""FALSE""}"
tomcat,tpe,3303,plain,false,70,2122.95,27.32,2122.95,10.04856538772583,"[8, 50, 10, False]",0.0,10.048476219177246,0.0,"{""acceptCount"": ""220"", ""allowBackslash"": ""TRUE"", ""compression"": ""off"", ""compressionMinSize"": ""841"", ""connectionTimeout"": ""275507"", ""connectionUploadTimeout"": ""403771"", ""disableUploadTimeout"": ""TRUE"", ""executorTerminationTimeoutMillis"": ""172191"", ""keepAliveTimeout"": ""150213"", ""maxConnections"": ""4872"", ""maxHeaderCount"": ""690"", ""maxHttpHeaderSize"": ""1088"", ""maxHttpRequestHeaderSize"": ""12634"", ""maxHttpResponseHeaderSize"": ""57079"", ""maxKeepAliveRequests"": ""4235"", ""maxParameterCount"": ""67488"", ""maxSwallowSize"": ""9576355"", ""maxThreads"": ""283"", ""minSpareThreads"": ""542"", ""processorCache"": ""176"", ""tcpNoDelay"": ""TRUE"", ""threadPriority"": ""2"", ""threadsMaxIdleTime"": ""290810"", ""throughput__2"": ""2122.95"", ""useAsyncIO"": ""FALSE"", ""useVirtualThreads"": ""FALSE""}"
tomcat,tpe,3303,plain,false,71,2388.02,27.95,2388.02,10.04323697090149,"[8, 50, 10, False]",0.0,10.043147325515747,0.0,"{""acceptCount"": ""420"", ""allowBackslash"": ""FALSE"", ""compression"": ""on"", ""compressionMinSize"": ""6807"", ""connectionTimeout"": ""44568"", ""connectionUploadTimeout"": ""202931"", ""disableUploadTimeout"": ""TRUE"", ""executorTerminationTimeoutMillis"": ""478134"", ""keepAliveTimeout"": ""181095"", ""maxConnections"": ""1637"", ""maxHeaderCount"": ""101"", ""maxHttpHeaderSize"": ""47560"", ""maxHttpRequestHeaderSize"": ""8943"", ""maxHttpResponseHeaderSize"": ""53133"", ""maxKeepAliveRequests"": ""2295"", ""maxParameterCount"": ""78332"", ""maxSwallowSize"": ""19685287"", ""maxThreads"": ""75"", ""minSpareThreads"": ""250"", ""processorCache"": ""24"", ""tcpNoDelay"": ""FALSE"", ""threadPriority"": ""3"", ""threadsMaxIdleTime"": ""361047"", ""throughput__2"": ""2388.02"", ""useAsyncIO"": ""FALSE"", ""useVirtualThreads"": ""FALSE""}"
tomcat,tpe,3303,plain,false,72,2395.48,25.23,2395.48,10.030237436294556,"[8, 50, 10, False]",0.0,10.030145168304443,0.0,"{""acceptCount"": ""965"", ""allowBackslash"": ""FALSE"", ""compression"": ""on"", ""compressionMinSize"": ""2921"", ""connectionTimeout"": ""282644"", ""connectionUploadTimeout"": ""234054"", ""disableUploadTimeout"": ""TRUE"", ""executorTerminationTimeoutMillis"": ""594790"", ""keepAliveTimeout"": ""157483"", ""maxConnections"": ""17791"", ""maxHeaderCount"": ""658"", ""maxHttpHeaderSize"": ""30316"", ""maxHttpRequestHeaderSize"": ""26705"", ""maxHttpResponseHeaderSize"": ""4874"", ""maxKeepAliveRequests"": ""4725"", ""maxParameterCount"": ""56928"", ""maxSwallowSize"": ""20545267"", ""maxThreads"": ""194"", ""minSpareThreads"": ""90"", ""processorCache"": ""155"", ""tcpNoDelay"": ""FALSE"", ""threadPriority"": ""1"", ""threadsMaxIdleTime"": ""233984"", ""throughput__2"": ""2395.48"", ""useAsyncIO"": ""FALSE"", ""useVirtualThreads"": ""FALSE""}"
tomcat,tpe,3303,plain,false,73,2183.0,26.79,2183.0,10.0359206199646,"[8, 50, 10, False]",0.0,10.035829305648804,0.0,"{""acceptCount"": ""482"", ""allowBackslash"": ""TRUE"", ""compression"": ""force"", ""compressionMinSize"": ""5944"", ""connectionTimeout"": ""321637"", ""connectionUploadTimeout"": ""451064"", ""disableUploadTimeout"": ""FALSE"", ""executorTerminationTimeoutMillis"": ""54466"", ""keepAliveTimeout"": ""239655"", ""maxConnections"": ""19187"", ""maxHeaderCount"": ""765"", ""maxHttpHeaderSize"": ""3765"", ""maxHttpRequestHeaderSize"": ""5387"", ""maxHttpResponseHeaderSize"": ""19634"", ""maxKeepAliveRequests"": ""4382"", ""maxParameterCount"": ""60527"", ""maxSwallowSize"": ""2382260"", ""maxThreads"": ""162"", ""minSpareThreads"": ""203"", ""processorCache"": ""334"", ""tcpNoDelay"": ""FALSE"", ""threadPriority"": ""9"", ""threadsMaxIdleTime"": ""84536"", ""throughput__2"": ""2183.0"", ""useAsyncIO"": ""TRUE"", ""useVirtualThreads"": ""FALSE""}"
tomcat,tpe,3303,plain,false,74,2175.79,59.33,2175.79,10.075548887252808,"[8, 50, 10, False]",0.0,10.075400590896606,0.0,"{""acceptCount"": ""1"", ""allowBackslash"": ""TRUE"", ""compression"": ""off"", ""compressionMinSize"": ""4658"", ""connectionTimeout"": ""178970"", ""connectionUploadTimeout"": ""3989"", ""disableUploadTimeout"": ""FALSE"", ""executorTerminationTimeoutMillis"": ""349429"", ""keepAliveTimeout"": ""401613"", ""maxConnections"": ""1558"", ""maxHeaderCount"": ""413"", ""maxHttpHeaderSize"": ""31025"", ""maxHttpRequestHeaderSize"": ""17088"", ""maxHttpResponseHeaderSize"": ""58083"", ""maxKeepAliveRequests"": ""2365"", ""maxParameterCount"": ""12746"", ""maxSwallowSize"": ""8996277"", ""maxThreads"": ""116"", ""minSpareThreads"": ""351"", ""processorCache"": ""96"", ""tcpNoDelay"": ""FALSE"", ""threadPriority"": ""4"", ""threadsMaxIdleTime"": ""139526"", ""throughput__2"": ""2175.79"", ""useAsyncIO"": ""TRUE"", ""useVirtualThreads"": ""FALSE""}"
tomcat,tpe,3303,plain,false,75,2215.57,26.45,2215.57,10.039715051651001,"[8, 50, 10, False]",0.0,10.039625883102417,0.0,"{""acceptCount"": ""312"", ""allowBackslash"": ""TRUE"", ""compression"": ""on"", ""compressionMinSize"": ""2048"", ""connectionTimeout"": ""566561"", ""connectionUploadTimeout"": ""134415"", ""disableUploadTimeout"": ""TRUE"", ""executorTerminationTimeoutMillis"": ""551122"", ""keepAliveTimeout"": ""161032"", ""maxConnections"": ""9694"", ""maxHeaderCount"": ""54"", ""maxHttpHeaderSize"": ""50690"", ""maxHttpRequestHeaderSize"": ""28378"", ""maxHttpResponseHeaderSize"": ""54732"", ""maxKeepAliveRequests"": ""1868"", ""maxParameterCount"": ""80657"", ""maxSwallowSize"": ""17207877"", ""maxThreads"": ""122"", ""minSpareThreads"": ""58"", ""processorCache"": ""33"", ""tcpNoDelay"": ""FALSE"", ""threadPriority"": ""7"", ""threadsMaxIdleTime"": ""20006"", ""throughput__2"": ""2215.57"", ""useAsyncIO"": ""TRUE"", ""useVirtualThreads"": ""FALSE""}"
tomcat,tpe,3303,plain,false,76,2225.69,29.22,2225.69,10.040409088134766,"[8, 50, 10, False]",0.0,10.040317296981812,0.0,"{""acceptCount"": ""56"", ""allowBackslash"": ""TRUE"", ""compression"": ""force"", ""compressionMinSize"": ""6050"", ""connectionTimeout"": ""550602"", ""connectionUploadTimeout"": ""85340"", ""disableUploadTimeout"": ""FALSE"", ""executorTerminationTimeoutMillis"": ""47990"", ""keepAliveTimeout"": ""348858"", ""maxConnections"": ""16766"", ""maxHeaderCount"": ""221"", ""maxHttpHeaderSize"": ""56948"", ""maxHttpRequestHeaderSize"": ""27088"", ""maxHttpResponseHeaderSize"": ""31241"", ""maxKeepAliveRequests"": ""3409"", ""maxParameterCount"": ""60318"", ""maxSwallowSize"": ""1109985"", ""maxThreads"": ""213"", ""minSpareThreads"": ""354"", ""processorCache"": ""272"", ""tcpNoDelay"": ""TRUE"", ""threadPriority"": ""10"", ""threadsMaxIdleTime"": ""405028"", ""throughput__2"": ""2225.69"", ""useAsyncIO"": ""TRUE"", ""useVirtualThreads"": ""FALSE""}"
tomcat,tpe,3303,plain,false,77,2392.11,26.2,2392.11,10.025064945220947,"[8, 50, 10, False]",0.0,10.024970293045044,0.0,"{""acceptCount"": ""624"", ""allowBackslash"": ""FALSE"", ""compression"": ""off"", ""compressionMinSize"": ""1147"", ""connectionTimeout"": ""503636"", ""connectionUploadTimeout"": ""427717"", ""disableUploadTimeout"": ""FALSE"", ""executorTerminationTimeoutMillis"": ""502497"", ""keepAliveTimeout"": ""188858"", ""maxConnections"": ""9409"", ""maxHeaderCount"": ""118"", ""maxHttpHeaderSize"": ""27369"", ""maxHttpRequestHeaderSize"": ""30856"", ""maxHttpResponseHeaderSize"": ""65189"", ""maxKeepAliveRequests"": ""4937"", ""maxParameterCount"": ""79697"", ""maxSwallowSize"": ""18663829"", ""maxThreads"": ""245"", ""minSpareThreads"": ""116"", ""processorCache"": ""44"", ""tcpNoDelay"": ""FALSE"", ""threadPriority"": ""9"", ""threadsMaxIdleTime"": ""110532"", ""throughput__2"": ""2392.11"", ""useAsyncIO"": ""TRUE"", ""useVirtualThreads"": ""FALSE""}"
tomcat,tpe,3303,plain,false,78,2347.6,32.23,2347.6,10.033636331558228,"[8, 50, 10, False]",0.0,10.033550024032593,0.0,"{""acceptCount"": ""19"", ""allowBackslash"": ""FALSE"", ""compression"": ""on"", ""compressionMinSize"": ""5953"", ""connectionTimeout"": ""341156"", ""connectionUploadTimeout"": ""279865"", ""disableUploadTimeout"": ""TRUE"", ""executorTerminationTimeoutMillis"": ""331696"", ""keepAliveTimeout"": ""52242"", ""maxConnections"": ""6205"", ""maxHeaderCount"": ""459"", ""maxHttpHeaderSize"": ""39913"", ""maxHttpRequestHeaderSize"": ""48319"", ""maxHttpResponseHeaderSize"": ""48064"", ""maxKeepAliveRequests"": ""4239"", ""maxParameterCount"": ""79445"", ""maxSwallowSize"": ""13278743"", ""maxThreads"": ""84"", ""minSpareThreads"": ""546"", ""processorCache"": ""177"", ""tcpNoDelay"": ""FALSE"", ""threadPriority"": ""1"", ""threadsMaxIdleTime"": ""493769"", ""throughput__2"": ""2347.6"", ""useAsyncIO"": ""TRUE"", ""useVirtualThreads"": ""FALSE""}"
tomcat,tpe,3303,plain,false,79,2095.03,25.1,2095.03,10.044933319091797,"[8, 50, 10, False]",0.0,10.044847011566162,0.0,"{""acceptCount"": ""640"", ""allowBackslash"": ""TRUE"", ""compression"": ""on"", ""compressionMinSize"": ""3456"", ""connectionTimeout"": ""490850"", ""connectionUploadTimeout"": ""557026"", ""disableUploadTimeout"": ""FALSE"", ""executorTerminationTimeoutMillis"": ""126535"", ""keepAliveTimeout"": ""87768"", ""maxConnections"": ""7516"", ""maxHeaderCount"": ""634"", ""maxHttpHeaderSize"": ""28805"", ""maxHttpRequestHeaderSize"": ""45596"", ""maxHttpResponseHeaderSize"": ""35648"", ""maxKeepAliveRequests"": ""915"", ""maxParameterCount"": ""26673"", ""maxSwallowSize"": ""345109"", ""maxThreads"": ""24"", ""minSpareThreads"": ""578"", ""processorCache"": ""46"", ""tcpNoDelay"": ""FALSE"", ""threadPriority"": ""7"", ""threadsMaxIdleTime"": ""482492"", ""throughput__2"": ""2095.03"", ""useAsyncIO"": ""TRUE"", ""useVirtualThreads"": ""FALSE""}"
tomcat,tpe,3303,plain,false,80,2169.52,24.19,2169.52,10.048340082168579,"[8, 50, 10, False]",0.0,10.048244953155518,0.0,"{""acceptCount"": ""98"", ""allowBackslash"": ""FALSE"", ""compression"": ""force"", ""compressionMinSize"": ""5562"", ""connectionTimeout"": ""500134"", ""connectionUploadTimeout"": ""5570"", ""disableUploadTimeout"": ""FALSE"", ""executorTerminationTimeoutMillis"": ""458958"", ""keepAliveTimeout"": ""472357"", ""maxConnections"": ""9923"", ""maxHeaderCount"": ""194"", ""maxHttpHeaderSize"": ""50062"", ""maxHttpRequestHeaderSize"": ""28207"", ""maxHttpResponseHeaderSize"": ""54673"", ""maxKeepAliveRequests"": ""4353"", ""maxParameterCount"": ""83484"", ""maxSwallowSize"": ""17944532"", ""maxThreads"": ""292"", ""minSpareThreads"": ""369"", ""processorCache"": ""18"", ""tcpNoDelay"": ""FALSE"", ""threadPriority"": ""9"", ""threadsMaxIdleTime"": ""37714"", ""throughput__2"": ""2169.52"", ""useAsyncIO"": ""TRUE"", ""useVirtualThreads"": ""FALSE""}"
tomcat,tpe,3303,plain,false,81,2206.06,23.95,2206.06,10.035088777542114,"[8, 50, 10, False]",0.0,10.034994840621948,0.0,"{""acceptCount"": ""318"", ""allowBackslash"": ""FALSE"", ""compression"": ""on"", ""compressionMinSize"": ""1299"", ""connectionTimeout"": ""123545"", ""connectionUploadTimeout"": ""346935"", ""disableUploadTimeout"": ""TRUE"", ""executorTerminationTimeoutMillis"": ""398253"", ""keepAliveTimeout"": ""231026"", ""maxConnections"": ""18580"", ""maxHeaderCount"": ""777"", ""maxHttpHeaderSize"": ""16007"", ""maxHttpRequestHeaderSize"": ""48148"", ""maxHttpResponseHeaderSize"": ""7198"", ""maxKeepAliveRequests"": ""4971"", ""maxParameterCount"": ""58366"", ""maxSwallowSize"": ""13354251"", ""maxThreads"": ""384"", ""minSpareThreads"": ""420"", ""processorCache"": ""344"", ""tcpNoDelay"": ""FALSE"", ""threadPriority"": ""2"", ""threadsMaxIdleTime"": ""537778"", ""throughput__2"": ""2206.06"", ""useAsyncIO"": ""FALSE"", ""useVirtualThreads"": ""FALSE""}"
tomcat,tpe,3303,plain,false,82,2329.97,26.71,2329.97,10.040282487869263,"[8, 50, 10, False]",0.0,10.040192365646362,0.0,"{""acceptCount"": ""403"", ""allowBackslash"": ""TRUE"", ""compression"": ""off"", ""compressionMinSize"": ""9400"", ""connectionTimeout"": ""335011"", ""connectionUploadTimeout"": ""492628"", ""disableUploadTimeout"": ""TRUE"", ""executorTerminationTimeoutMillis"": ""311834"", ""keepAliveTimeout"": ""260253"", ""maxConnections"": ""8000"", ""maxHeaderCount"": ""730"", ""maxHttpHeaderSize"": ""9718"", ""maxHttpRequestHeaderSize"": ""6634"", ""maxHttpResponseHeaderSize"": ""56599"", ""maxKeepAliveRequests"": ""3600"", ""maxParameterCount"": ""92937"", ""maxSwallowSize"": ""2490140"", ""maxThreads"": ""95"", ""minSpareThreads"": ""796"", ""processorCache"": ""312"", ""tcpNoDelay"": ""FALSE"", ""threadPriority"": ""1"", ""threadsMaxIdleTime"": ""272399"", ""throughput__2"": ""2329.97"", ""useAsyncIO"": ""TRUE"", ""useVirtualThreads"": ""FALSE""}"
tomcat,tpe,3303,plain,false,83,2364.05,25.36,2364.05,10.035215616226196,"[8, 50, 10, False]",0.0,10.035117387771606,0.0,"{""acceptCount"": ""677"", ""allowBackslash"": ""FALSE"", ""compression"": ""off"", ""compressionMinSize"": ""1337"", ""connectionTimeout"": ""380202"", ""connectionUploadTimeout"": ""307262"", ""disableUploadTimeout"": ""FALSE"", ""executorTerminationTimeoutMillis"": ""242694"", ""keepAliveTimeout"": ""4484"", ""maxConnections"": ""9248"", ""maxHeaderCount"": ""432"", ""maxHttpHeaderSize"": ""43346"", ""maxHttpRequestHeaderSize"": ""36453"", ""maxHttpResponseHeaderSize"": ""30708"", ""maxKeepAliveRequests"": ""4215"", ""maxParameterCount"": ""37598"", ""maxSwallowSize"": ""20851119"", ""maxThreads"": ""228"", ""minSpareThreads"": ""76"", ""processorCache"": ""101"", ""tcpNoDelay"": ""FALSE"", ""threadPriority"": ""9"", ""threadsMaxIdleTime"": ""465992"", ""throughput__2"": ""2364.05"", ""useAsyncIO"": ""TRUE"", ""useVirtualThreads"": ""FALSE""}"
tomcat,tpe,3303,plain,false,84,2263.19,25.28,2263.19,10.031155347824097,"[8, 50, 10, False]",0.0,10.031070709228516,0.0,"{""acceptCount"": ""92"", ""allowBackslash"": ""FALSE"", ""compression"": ""off"", ""compressionMinSize"": ""3915"", ""connectionTimeout"": ""352658"", ""connectionUploadTimeout"": ""450188"", ""disableUploadTimeout"": ""FALSE"", ""executorTerminationTimeoutMillis"": ""60733"", ""keepAliveTimeout"": ""255118"", ""maxConnections"": ""15147"", ""maxHeaderCount"": ""710"", ""maxHttpHeaderSize"": ""38467"", ""maxHttpRequestHeaderSize"": ""45391"", ""maxHttpResponseHeaderSize"": ""9376"", ""maxKeepAliveRequests"": ""4463"", ""maxParameterCount"": ""77514"", ""maxSwallowSize"": ""16274922"", ""maxThreads"": ""125"", ""minSpareThreads"": ""448"", ""processorCache"": ""103"", ""tcpNoDelay"": ""FALSE"", ""threadPriority"": ""8"", ""threadsMaxIdleTime"": ""413302"", ""throughput__2"": ""2263.19"", ""useAsyncIO"": ""TRUE"", ""useVirtualThreads"": ""FALSE""}"
tomcat,tpe,3303,plain,false,85,2038.45,24.55,2038.45,10.04933762550354,"[8, 50, 10, False]",0.0,10.049250602722168,0.0,"{""acceptCount"": ""454"", ""allowBackslash"": ""FALSE"", ""compression"": ""on"", ""compressionMinSize"": ""4419"", ""connectionTimeout"": ""193582"", ""connectionUploadTimeout"": ""110194"", ""disableUploadTimeout"": ""TRUE"", ""executorTerminationTimeoutMillis"": ""489186"", ""keepAliveTimeout"": ""424638"", ""maxConnections"": ""1155"", ""maxHeaderCount"": ""80"", ""maxHttpHeaderSize"": ""45785"", ""maxHttpRequestHeaderSize"": ""15079"", ""maxHttpResponseHeaderSize"": ""58836"", ""maxKeepAliveRequests"": ""3545"", ""maxParameterCount"": ""98211"", ""maxSwallowSize"": ""14680793"", ""maxThreads"": ""146"", ""minSpareThreads"": ""253"", ""processorCache"": ""192"", ""tcpNoDelay"": ""FALSE"", ""threadPriority"": ""3"", ""threadsMaxIdleTime"": ""33605"", ""throughput__2"": ""2038.45"", ""useAsyncIO"": ""FALSE"", ""useVirtualThreads"": ""TRUE""}"
tomcat,tpe,3303,plain,false,86,2213.35,24.62,2213.35,10.05156946182251,"[8, 50, 10, False]",0.0,10.051450490951538,0.0,"{""acceptCount"": ""829"", ""allowBackslash"": ""TRUE"", ""compression"": ""off"", ""compressionMinSize"": ""5907"", ""connectionTimeout"": ""29638"", ""connectionUploadTimeout"": ""4569"", ""disableUploadTimeout"": ""FALSE"", ""executorTerminationTimeoutMillis"": ""575560"", ""keepAliveTimeout"": ""83806"", ""maxConnections"": ""4796"", ""maxHeaderCount"": ""366"", ""maxHttpHeaderSize"": ""20836"", ""maxHttpRequestHeaderSize"": ""26587"", ""maxHttpResponseHeaderSize"": ""56748"", ""maxKeepAliveRequests"": ""4616"", ""maxParameterCount"": ""68279"", ""maxSwallowSize"": ""15905503"", ""maxThreads"": ""243"", ""minSpareThreads"": ""701"", ""processorCache"": ""153"", ""tcpNoDelay"": ""TRUE"", ""threadPriority"": ""10"", ""threadsMaxIdleTime"": ""2668"", ""throughput__2"": ""2213.35"", ""useAsyncIO"": ""TRUE"", ""useVirtualThreads"": ""FALSE""}"
tomcat,tpe,3303,plain,false,87,2355.03,25.2,2355.03,10.039907932281494,"[8, 50, 10, False]",0.0,10.03981900215149,0.0,"{""acceptCount"": ""698"", ""allowBackslash"": ""TRUE"", ""compression"": ""force"", ""compressionMinSize"": ""7796"", ""connectionTimeout"": ""344404"", ""connectionUploadTimeout"": ""332937"", ""disableUploadTimeout"": ""TRUE"", ""executorTerminationTimeoutMillis"": ""372008"", ""keepAliveTimeout"": ""150146"", ""maxConnections"": ""18096"", ""maxHeaderCount"": ""597"", ""maxHttpHeaderSize"": ""20820"", ""maxHttpRequestHeaderSize"": ""38212"", ""maxHttpResponseHeaderSize"": ""56551"", ""maxKeepAliveRequests"": ""609"", ""maxParameterCount"": ""52104"", ""maxSwallowSize"": ""5593060"", ""maxThreads"": ""63"", ""minSpareThreads"": ""415"", ""processorCache"": ""66"", ""tcpNoDelay"": ""TRUE"", ""threadPriority"": ""5"", ""threadsMaxIdleTime"": ""547102"", ""throughput__2"": ""2355.03"", ""useAsyncIO"": ""TRUE"", ""useVirtualThreads"": ""FALSE""}"
tomcat,tpe,3303,plain,false,88,2369.67,24.15,2369.67,10.027592420578003,"[8, 50, 10, False]",0.0,10.027495384216309,0.0,"{""acceptCount"": ""929"", ""allowBackslash"": ""TRUE"", ""compression"": ""off"", ""compressionMinSize"": ""3465"", ""connectionTimeout"": ""599369"", ""connectionUploadTimeout"": ""425536"", ""disableUploadTimeout"": ""TRUE"", ""executorTerminationTimeoutMillis"": ""494711"", ""keepAliveTimeout"": ""288649"", ""maxConnections"": ""15665"", ""maxHeaderCount"": ""846"", ""maxHttpHeaderSize"": ""22622"", ""maxHttpRequestHeaderSize"": ""46892"", ""maxHttpResponseHeaderSize"": ""31439"", ""maxKeepAliveRequests"": ""1162"", ""maxParameterCount"": ""98306"", ""maxSwallowSize"": ""10743693"", ""maxThreads"": ""330"", ""minSpareThreads"": ""79"", ""processorCache"": ""392"", ""tcpNoDelay"": ""FALSE"", ""threadPriority"": ""10"", ""threadsMaxIdleTime"": ""144290"", ""throughput__2"": ""2369.67"", ""useAsyncIO"": ""FALSE"", ""useVirtualThreads"": ""FALSE""}"
tomcat,tpe,3303,plain,false,89,2246.7,28.02,2246.7,10.037883758544922,"[8, 50, 10, False]",0.0,10.037787914276123,0.0,"{""acceptCount"": ""201"", ""allowBackslash"": ""TRUE"", ""compression"": ""off"", ""compressionMinSize"": ""508"", ""connectionTimeout"": ""194497"", ""connectionUploadTimeout"": ""47330"", ""disableUploadTimeout"": ""FALSE"", ""executorTerminationTimeoutMillis"": ""96732"", ""keepAliveTimeout"": ""251540"", ""maxConnections"": ""2764"", ""maxHeaderCount"": ""319"", ""maxHttpHeaderSize"": ""18476"", ""maxHttpRequestHeaderSize"": ""61774"", ""maxHttpResponseHeaderSize"": ""2225"", ""maxKeepAliveRequests"": ""513"", ""maxParameterCount"": ""83273"", ""maxSwallowSize"": ""16344104"", ""maxThreads"": ""305"", ""minSpareThreads"": ""50"", ""processorCache"": ""26"", ""tcpNoDelay"": ""FALSE"", ""threadPriority"": ""4"", ""threadsMaxIdleTime"": ""266847"", ""throughput__2"": ""2246.7"", ""useAsyncIO"": ""FALSE"", ""useVirtualThreads"": ""FALSE""}"
tomcat,tpe,3303,plain,false,90,1518.95,32.83,1518.95,10.043840885162354,"[8, 50, 10, False]",0.0,10.043750047683716,0.0,"{""acceptCount"": ""579"", ""allowBackslash"": ""FALSE"", ""compression"": ""on"", ""compressionMinSize"": ""7740"", ""connectionTimeout"": ""102485"", ""connectionUploadTimeout"": ""133554"", ""disableUploadTimeout"": ""TRUE"", ""executorTerminationTimeoutMillis"": ""381964"", ""keepAliveTimeout"": ""377395"", ""maxConnections"": ""7284"", ""maxHeaderCount"": ""949"", ""maxHttpHeaderSize"": ""57613"", ""maxHttpRequestHeaderSize"": ""33542"", ""maxHttpResponseHeaderSize"": ""62194"", ""maxKeepAliveRequests"": ""5"", ""maxParameterCount"": ""39456"", ""maxSwallowSize"": ""5959050"", ""maxThreads"": ""300"", ""minSpareThreads"": ""606"", ""processorCache"": ""27"", ""tcpNoDelay"": ""FALSE"", ""threadPriority"": ""4"", ""threadsMaxIdleTime"": ""321904"", ""throughput__2"": ""1518.95"", ""useAsyncIO"": ""FALSE"", ""useVirtualThreads"": ""FALSE""}"
tomcat,tpe,3303,plain,false,91,2202.3,24.5,2202.3,10.061295986175537,"[8, 50, 10, False]",0.0,10.061174869537354,0.0,"{""acceptCount"": ""523"", ""allowBackslash"": ""TRUE"", ""compression"": ""on"", ""compressionMinSize"": ""3307"", ""connectionTimeout"": ""576050"", ""connectionUploadTimeout"": ""357464"", ""disableUploadTimeout"": ""FALSE"", ""executorTerminationTimeoutMillis"": ""209407"", ""keepAliveTimeout"": ""145414"", ""maxConnections"": ""8357"", ""maxHeaderCount"": ""659"", ""maxHttpHeaderSize"": ""59175"", ""maxHttpRequestHeaderSize"": ""17260"", ""maxHttpResponseHeaderSize"": ""50031"", ""maxKeepAliveRequests"": ""1196"", ""maxParameterCount"": ""79670"", ""maxSwallowSize"": ""16759836"", ""maxThreads"": ""107"", ""minSpareThreads"": ""73"", ""processorCache"": ""155"", ""tcpNoDelay"": ""FALSE"", ""threadPriority"": ""5"", ""threadsMaxIdleTime"": ""150438"", ""throughput__2"": ""2202.3"", ""useAsyncIO"": ""TRUE"", ""useVirtualThreads"": ""FALSE""}"
tomcat,tpe,3303,plain,false,92,2438.1,23.23,2438.1,10.041130065917969,"[8, 50, 10, False]",0.0,10.041040897369385,0.0,"{""acceptCount"": ""528"", ""allowBackslash"": ""FALSE"", ""compression"": ""force"", ""compressionMinSize"": ""8067"", ""connectionTimeout"": ""3207"", ""connectionUploadTimeout"": ""271506"", ""disableUploadTimeout"": ""TRUE"", ""executorTerminationTimeoutMillis"": ""440697"", ""keepAliveTimeout"": ""172233"", ""maxConnections"": ""10653"", ""maxHeaderCount"": ""200"", ""maxHttpHeaderSize"": ""54355"", ""maxHttpRequestHeaderSize"": ""6524"", ""maxHttpResponseHeaderSize"": ""33723"", ""maxKeepAliveRequests"": ""2015"", ""maxParameterCount"": ""96899"", ""maxSwallowSize"": ""17517173"", ""maxThreads"": ""141"", ""minSpareThreads"": ""995"", ""processorCache"": ""93"", ""tcpNoDelay"": ""FALSE"", ""threadPriority"": ""7"", ""threadsMaxIdleTime"": ""199828"", ""throughput__2"": ""2438.1"", ""useAsyncIO"": ""FALSE"", ""useVirtualThreads"": ""FALSE""}"
tomcat,tpe,3303,plain,false,93,2364.23,25.38,2364.23,10.03363585472107,"[8, 50, 10, False]",0.0,10.03354001045227,0.0,"{""acceptCount"": ""945"", ""allowBackslash"": ""TRUE"", ""compression"": ""force"", ""compressionMinSize"": ""4366"", ""connectionTimeout"": ""437014"", ""connectionUploadTimeout"": ""336981"", ""disableUploadTimeout"": ""TRUE"", ""executorTerminationTimeoutMillis"": ""529097"", ""keepAliveTimeout"": ""172347"", ""maxConnections"": ""16109"", ""maxHeaderCount"": ""462"", ""maxHttpHeaderSize"": ""1832"", ""maxHttpRequestHeaderSize"": ""25512"", ""maxHttpResponseHeaderSize"": ""54221"", ""maxKeepAliveRequests"": ""1231"", ""maxParameterCount"": ""64283"", ""maxSwallowSize"": ""8945633"", ""maxThreads"": ""304"", ""minSpareThreads"": ""842"", ""processorCache"": ""253"", ""tcpNoDelay"": ""FALSE"", ""threadPriority"": ""9"", ""threadsMaxIdleTime"": ""353408"", ""throughput__2"": ""2364.23"", ""useAsyncIO"": ""FALSE"", ""useVirtualThreads"": ""FALSE""}"
tomcat,tpe,3303,plain,false,94,2315.62,27.68,2315.62,10.03000259399414,"[8, 50, 10, False]",0.0,10.029920101165771,0.0,"{""acceptCount"": ""971"", ""allowBackslash"": ""TRUE"", ""compression"": ""off"", ""compressionMinSize"": ""6015"", ""connectionTimeout"": ""451413"", ""connectionUploadTimeout"": ""448851"", ""disableUploadTimeout"": ""TRUE"", ""executorTerminationTimeoutMillis"": ""249515"", ""keepAliveTimeout"": ""336281"", ""maxConnections"": ""2924"", ""maxHeaderCount"": ""904"", ""maxHttpHeaderSize"": ""47550"", ""maxHttpRequestHeaderSize"": ""50730"", ""maxHttpResponseHeaderSize"": ""23573"", ""maxKeepAliveRequests"": ""259"", ""maxParameterCount"": ""94178"", ""maxSwallowSize"": ""3078593"", ""maxThreads"": ""340"", ""minSpareThreads"": ""31"", ""processorCache"": ""187"", ""tcpNoDelay"": ""FALSE"", ""threadPriority"": ""8"", ""threadsMaxIdleTime"": ""403101"", ""throughput__2"": ""2315.62"", ""useAsyncIO"": ""FALSE"", ""useVirtualThreads"": ""FALSE""}"
tomcat,tpe,3303,plain,false,95,2178.47,24.88,2178.47,10.06104063987732,"[8, 50, 10, False]",0.0,10.060947179794312,0.0,"{""acceptCount"": ""168"", ""allowBackslash"": ""TRUE"", ""compression"": ""off"", ""compressionMinSize"": ""9668"", ""connectionTimeout"": ""342921"", ""connectionUploadTimeout"": ""536293"", ""disableUploadTimeout"": ""FALSE"", ""executorTerminationTimeoutMillis"": ""282263"", ""keepAliveTimeout"": ""527095"", ""maxConnections"": ""16812"", ""maxHeaderCount"": ""30"", ""maxHttpHeaderSize"": ""21566"", ""maxHttpRequestHeaderSize"": ""31056"", ""maxHttpResponseHeaderSize"": ""20474"", ""maxKeepAliveRequests"": ""4893"", ""maxParameterCount"": ""60982"", ""maxSwallowSize"": ""5933156"", ""maxThreads"": ""341"", ""minSpareThreads"": ""766"", ""processorCache"": ""50"", ""tcpNoDelay"": ""TRUE"", ""threadPriority"": ""6"", ""threadsMaxIdleTime"": ""254878"", ""throughput__2"": ""2178.47"", ""useAsyncIO"": ""TRUE"", ""useVirtualThreads"": ""FALSE""}"
tomcat,tpe,3303,plain,false,96,2144.14,23.6,2144.14,10.047886371612549,"[8, 50, 10, False]",0.0,10.047797203063965,0.0,"{""acceptCount"": ""498"", ""allowBackslash"": ""TRUE"", ""compression"": ""off"", ""compressionMinSize"": ""3186"", ""connectionTimeout"": ""546457"", ""connectionUploadTimeout"": ""384560"", ""disableUploadTimeout"": ""TRUE"", ""executorTerminationTimeoutMillis"": ""557610"", ""keepAliveTimeout"": ""130438"", ""maxConnections"": ""13437"", ""maxHeaderCount"": ""162"", ""maxHttpHeaderSize"": ""2996"", ""maxHttpRequestHeaderSize"": ""39523"", ""maxHttpResponseHeaderSize"": ""54509"", ""maxKeepAliveRequests"": ""3800"", ""maxParameterCount"": ""4163"", ""maxSwallowSize"": ""18185371"", ""maxThreads"": ""60"", ""minSpareThreads"": ""357"", ""processorCache"": ""396"", ""tcpNoDelay"": ""FALSE"", ""threadPriority"": ""3"", ""threadsMaxIdleTime"": ""162620"", ""throughput__2"": ""2144.14"", ""useAsyncIO"": ""FALSE"", ""useVirtualThreads"": ""TRUE""}"
tomcat,tpe,3303,plain,false,97,2258.13,21.8,2258.13,10.040689706802368,"[8, 50, 10, False]",0.0,10.040601968765259,0.0,"{""acceptCount"": ""464"", ""allowBackslash"": ""FALSE"", ""compression"": ""force"", ""compressionMinSize"": ""6445"", ""connectionTimeout"": ""101327"", ""connectionUploadTimeout"": ""133986"", ""disableUploadTimeout"": ""TRUE"", ""executorTerminationTimeoutMillis"": ""261889"", ""keepAliveTimeout"": ""510861"", ""maxConnections"": ""11270"", ""maxHeaderCount"": ""173"", ""maxHttpHeaderSize"": ""58665"", ""maxHttpRequestHeaderSize"": ""14393"", ""maxHttpResponseHeaderSize"": ""37904"", ""maxKeepAliveRequests"": ""4867"", ""maxParameterCount"": ""79689"", ""maxSwallowSize"": ""15728617"", ""maxThreads"": ""8"", ""minSpareThreads"": ""813"", ""processorCache"": ""2"", ""tcpNoDelay"": ""FALSE"", ""threadPriority"": ""5"", ""threadsMaxIdleTime"": ""589834"", ""throughput__2"": ""2258.13"", ""useAsyncIO"": ""FALSE"", ""useVirtualThreads"": ""FALSE""}"
tomcat,tpe,3303,plain,false,98,2276.73,28.46,2276.73,10.035203695297241,"[8, 50, 10, False]",0.0,10.035106182098389,0.0,"{""acceptCount"": ""858"", ""allowBackslash"": ""TRUE"", ""compression"": ""force"", ""compressionMinSize"": ""9005"", ""connectionTimeout"": ""460115"", ""connectionUploadTimeout"": ""159212"", ""disableUploadTimeout"": ""TRUE"", ""executorTerminationTimeoutMillis"": ""404185"", ""keepAliveTimeout"": ""360482"", ""maxConnections"": ""19514"", ""maxHeaderCount"": ""37"", ""maxHttpHeaderSize"": ""19389"", ""maxHttpRequestHeaderSize"": ""29210"", ""maxHttpResponseHeaderSize"": ""27100"", ""maxKeepAliveRequests"": ""272"", ""maxParameterCount"": ""46177"", ""maxSwallowSize"": ""20117812"", ""maxThreads"": ""365"", ""minSpareThreads"": ""747"", ""processorCache"": ""260"", ""tcpNoDelay"": ""FALSE"", ""threadPriority"": ""10"", ""threadsMaxIdleTime"": ""92016"", ""throughput__2"": ""2276.73"", ""useAsyncIO"": ""FALSE"", ""useVirtualThreads"": ""FALSE""}"
tomcat,tpe,3303,plain,false,99,2276.36,33.1,2276.36,10.035449028015137,"[8, 50, 10, False]",0.0,10.035351276397705,0.0,"{""acceptCount"": ""19"", ""allowBackslash"": ""FALSE"", ""compression"": ""on"", ""compressionMinSize"": ""5835"", ""connectionTimeout"": ""282981"", ""connectionUploadTimeout"": ""494078"", ""disableUploadTimeout"": ""TRUE"", ""executorTerminationTimeoutMillis"": ""441074"", ""keepAliveTimeout"": ""336218"", ""maxConnections"": ""2511"", ""maxHeaderCount"": ""48"", ""maxHttpHeaderSize"": ""35835"", ""maxHttpRequestHeaderSize"": ""3368"", ""maxHttpResponseHeaderSize"": ""20799"", ""maxKeepAliveRequests"": ""819"", ""maxParameterCount"": ""31829"", ""maxSwallowSize"": ""8872311"", ""maxThreads"": ""58"", ""minSpareThreads"": ""475"", ""processorCache"": ""159"", ""tcpNoDelay"": ""FALSE"", ""threadPriority"": ""5"", ""threadsMaxIdleTime"": ""411963"", ""throughput__2"": ""2276.36"", ""useAsyncIO"": ""FALSE"", ""useVirtualThreads"": ""FALSE""}"
tomcat,tpe,3303,plain,false,100,2207.88,27.11,2207.88,10.031251430511475,"[8, 50, 10, False]",0.0,10.031166791915894,0.0,"{""acceptCount"": ""672"", ""allowBackslash"": ""TRUE"", ""compression"": ""force"", ""compressionMinSize"": ""2640"", ""connectionTimeout"": ""114410"", ""connectionUploadTimeout"": ""95057"", ""disableUploadTimeout"": ""TRUE"", ""executorTerminationTimeoutMillis"": ""524443"", ""keepAliveTimeout"": ""170994"", ""maxConnections"": ""4896"", ""maxHeaderCount"": ""732"", ""maxHttpHeaderSize"": ""34252"", ""maxHttpRequestHeaderSize"": ""39809"", ""maxHttpResponseHeaderSize"": ""22583"", ""maxKeepAliveRequests"": ""571"", ""maxParameterCount"": ""10532"", ""maxSwallowSize"": ""6845200"", ""maxThreads"": ""351"", ""minSpareThreads"": ""871"", ""processorCache"": ""286"", ""tcpNoDelay"": ""FALSE"", ""threadPriority"": ""10"", ""threadsMaxIdleTime"": ""353264"", ""throughput__2"": ""2207.88"", ""useAsyncIO"": ""FALSE"", ""useVirtualThreads"": ""FALSE""}"
tomcat,tpe,3303,plain,false,101,2129.82,23.85,2129.82,10.039453268051147,"[8, 50, 10, False]",0.0,10.039365291595459,0.0,"{""acceptCount"": ""983"", ""allowBackslash"": ""TRUE"", ""compression"": ""on"", ""compressionMinSize"": ""406"", ""connectionTimeout"": ""458143"", ""connectionUploadTimeout"": ""40591"", ""disableUploadTimeout"": ""TRUE"", ""executorTerminationTimeoutMillis"": ""489402"", ""keepAliveTimeout"": ""314980"", ""maxConnections"": ""17566"", ""maxHeaderCount"": ""774"", ""maxHttpHeaderSize"": ""3489"", ""maxHttpRequestHeaderSize"": ""20455"", ""maxHttpResponseHeaderSize"": ""43850"", ""maxKeepAliveRequests"": ""525"", ""maxParameterCount"": ""88793"", ""maxSwallowSize"": ""14876117"", ""maxThreads"": ""250"", ""minSpareThreads"": ""682"", ""processorCache"": ""254"", ""tcpNoDelay"": ""FALSE"", ""threadPriority"": ""2"", ""threadsMaxIdleTime"": ""239426"", ""throughput__2"": ""2129.82"", ""useAsyncIO"": ""FALSE"", ""useVirtualThreads"": ""TRUE""}"
tomcat,tpe,3303,plain,false,102,2226.94,24.7,2226.94,10.059452295303345,"[8, 50, 10, False]",0.0,10.059362411499023,0.0,"{""acceptCount"": ""611"", ""allowBackslash"": ""FALSE"", ""compression"": ""off"", ""compressionMinSize"": ""3964"", ""connectionTimeout"": ""531380"", ""connectionUploadTimeout"": ""327271"", ""disableUploadTimeout"": ""FALSE"", ""executorTerminationTimeoutMillis"": ""243971"", ""keepAliveTimeout"": ""131145"", ""maxConnections"": ""10865"", ""maxHeaderCount"": ""135"", ""maxHttpHeaderSize"": ""57931"", ""maxHttpRequestHeaderSize"": ""59113"", ""maxHttpResponseHeaderSize"": ""47114"", ""maxKeepAliveRequests"": ""961"", ""maxParameterCount"": ""28594"", ""maxSwallowSize"": ""16215461"", ""maxThreads"": ""178"", ""minSpareThreads"": ""194"", ""processorCache"": ""304"", ""tcpNoDelay"": ""FALSE"", ""threadPriority"": ""3"", ""threadsMaxIdleTime"": ""25482"", ""throughput__2"": ""2226.94"", ""useAsyncIO"": ""TRUE"", ""useVirtualThreads"": ""FALSE""}"
tomcat,tpe,3303,plain,false,103,2185.23,24.02,2185.23,10.056428670883179,"[8, 50, 10, False]",0.0,10.056336402893066,0.0,"{""acceptCount"": ""914"", ""allowBackslash"": ""TRUE"", ""compression"": ""on"", ""compressionMinSize"": ""10104"", ""connectionTimeout"": ""35801"", ""connectionUploadTimeout"": ""142345"", ""disableUploadTimeout"": ""TRUE"", ""executorTerminationTimeoutMillis"": ""438832"", ""keepAliveTimeout"": ""241664"", ""maxConnections"": ""19484"", ""maxHeaderCount"": ""399"", ""maxHttpHeaderSize"": ""18838"", ""maxHttpRequestHeaderSize"": ""65055"", ""maxHttpResponseHeaderSize"": ""43999"", ""maxKeepAliveRequests"": ""2983"", ""maxParameterCount"": ""59131"", ""maxSwallowSize"": ""5693049"", ""maxThreads"": ""208"", ""minSpareThreads"": ""37"", ""processorCache"": ""191"", ""tcpNoDelay"": ""FALSE"", ""threadPriority"": ""10"", ""threadsMaxIdleTime"": ""592128"", ""throughput__2"": ""2185.23"", ""useAsyncIO"": ""FALSE"", ""useVirtualThreads"": ""FALSE""}"
tomcat,tpe,3303,plain,false,104,2187.74,24.53,2187.74,10.043124437332153,"[8, 50, 10, False]",0.0,10.04303789138794,0.0,"{""acceptCount"": ""867"", ""allowBackslash"": ""FALSE"", ""compression"": ""force"", ""compressionMinSize"": ""6577"", ""connectionTimeout"": ""2340"", ""connectionUploadTimeout"": ""401843"", ""disableUploadTimeout"": ""TRUE"", ""executorTerminationTimeoutMillis"": ""574820"", ""keepAliveTimeout"": ""37023"", ""maxConnections"": ""8246"", ""maxHeaderCount"": ""103"", ""maxHttpHeaderSize"": ""57776"", ""maxHttpRequestHeaderSize"": ""21962"", ""maxHttpResponseHeaderSize"": ""36006"", ""maxKeepAliveRequests"": ""2202"", ""maxParameterCount"": ""88640"", ""maxSwallowSize"": ""18239887"", ""maxThreads"": ""107"", ""minSpareThreads"": ""550"", ""processorCache"": ""256"", ""tcpNoDelay"": ""FALSE"", ""threadPriority"": ""4"", ""threadsMaxIdleTime"": ""569982"", ""throughput__2"": ""2187.74"", ""useAsyncIO"": ""FALSE"", ""useVirtualThreads"": ""FALSE""}"
tomcat,tpe,3303,plain,false,105,2240.84,26.12,2240.84,10.04165005683899,"[8, 50, 10, False]",0.0,10.041563749313354,0.0,"{""acceptCount"": ""184"", ""allowBackslash"": ""FALSE"", ""compression"": ""on"", ""compressionMinSize"": ""4776"", ""connectionTimeout"": ""196937"", ""connectionUploadTimeout"": ""70415"", ""disableUploadTimeout"": ""TRUE"", ""executorTerminationTimeoutMillis"": ""202842"", ""keepAliveTimeout"": ""389530"", ""maxConnections"": ""1084"", ""maxHeaderCount"": ""596"", ""maxHttpHeaderSize"": ""14856"", ""maxHttpRequestHeaderSize"": ""10151"", ""maxHttpResponseHeaderSize"": ""53325"", ""maxKeepAliveRequests"": ""1668"", ""maxParameterCount"": ""82241"", ""maxSwallowSize"": ""18288273"", ""maxThreads"": ""121"", ""minSpareThreads"": ""807"", ""processorCache"": ""1"", ""tcpNoDelay"": ""FALSE"", ""threadPriority"": ""3"", ""threadsMaxIdleTime"": ""196765"", ""throughput__2"": ""2240.84"", ""useAsyncIO"": ""FALSE"", ""useVirtualThreads"": ""FALSE""}"
tomcat,tpe,3303,plain,false,106,2486.76,23.88,2486.76,10.038630723953247,"[8, 50, 10, False]",0.0,10.038541078567505,0.0,"{""acceptCount"": ""707"", ""allowBackslash"": ""FALSE"", ""compression"": ""on"", ""compressionMinSize"": ""4969"", ""connectionTimeout"": ""103897"", ""connectionUploadTimeout"": ""34135"", ""disableUploadTimeout"": ""FALSE"", ""executorTerminationTimeoutMillis"": ""460236"", ""keepAliveTimeout"": ""324504"", ""maxConnections"": ""799"", ""maxHeaderCount"": ""327"", ""maxHttpHeaderSize"": ""58805"", ""maxHttpRequestHeaderSize"": ""7146"", ""maxHttpResponseHeaderSize"": ""36000"", ""maxKeepAliveRequests"": ""4387"", ""maxParameterCount"": ""23504"", ""maxSwallowSize"": ""17707234"", ""maxThreads"": ""76"", ""minSpareThreads"": ""86"", ""processorCache"": ""98"", ""tcpNoDelay"": ""FALSE"", ""threadPriority"": ""3"", ""threadsMaxIdleTime"": ""525213"", ""throughput__2"": ""2486.76"", ""useAsyncIO"": ""FALSE"", ""useVirtualThreads"": ""FALSE""}"
tomcat,tpe,3303,plain,false,107,2276.99,21.92,2276.99,10.042267799377441,"[8, 50, 10, False]",0.0,10.04218578338623,0.0,"{""acceptCount"": ""988"", ""allowBackslash"": ""TRUE"", ""compression"": ""off"", ""compressionMinSize"": ""2909"", ""connectionTimeout"": ""186530"", ""connectionUploadTimeout"": ""396701"", ""disableUploadTimeout"": ""FALSE"", ""executorTerminationTimeoutMillis"": ""115813"", ""keepAliveTimeout"": ""479795"", ""maxConnections"": ""1353"", ""maxHeaderCount"": ""847"", ""maxHttpHeaderSize"": ""9328"", ""maxHttpRequestHeaderSize"": ""4448"", ""maxHttpResponseHeaderSize"": ""19031"", ""maxKeepAliveRequests"": ""1929"", ""maxParameterCount"": ""12842"", ""maxSwallowSize"": ""2585980"", ""maxThreads"": ""78"", ""minSpareThreads"": ""624"", ""processorCache"": ""65"", ""tcpNoDelay"": ""FALSE"", ""threadPriority"": ""3"", ""threadsMaxIdleTime"": ""29862"", ""throughput__2"": ""2276.99"", ""useAsyncIO"": ""FALSE"", ""useVirtualThreads"": ""TRUE""}"
tomcat,tpe,3303,plain,false,108,2354.39,25.18,2354.39,10.057786703109741,"[8, 50, 10, False]",0.0,10.057694673538208,0.0,"{""acceptCount"": ""165"", ""allowBackslash"": ""TRUE"", ""compression"": ""force"", ""compressionMinSize"": ""699"", ""connectionTimeout"": ""347650"", ""connectionUploadTimeout"": ""243957"", ""disableUploadTimeout"": ""TRUE"", ""executorTerminationTimeoutMillis"": ""387792"", ""keepAliveTimeout"": ""95336"", ""maxConnections"": ""16915"", ""maxHeaderCount"": ""767"", ""maxHttpHeaderSize"": ""13640"", ""maxHttpRequestHeaderSize"": ""44180"", ""maxHttpResponseHeaderSize"": ""59467"", ""maxKeepAliveRequests"": ""1609"", ""maxParameterCount"": ""99385"", ""maxSwallowSize"": ""8969584"", ""maxThreads"": ""155"", ""minSpareThreads"": ""582"", ""processorCache"": ""120"", ""tcpNoDelay"": ""FALSE"", ""threadPriority"": ""10"", ""threadsMaxIdleTime"": ""285784"", ""throughput__2"": ""2354.39"", ""useAsyncIO"": ""FALSE"", ""useVirtualThreads"": ""FALSE""}"
tomcat,tpe,3303,plain,false,109,2253.28,25.09,2253.28,10.054154396057129,"[8, 50, 10, False]",0.0,10.054070711135864,0.0,"{""acceptCount"": ""743"", ""allowBackslash"": ""FALSE"", ""compression"": ""force"", ""compressionMinSize"": ""2174"", ""connectionTimeout"": ""142776"", ""connectionUploadTimeout"": ""287276"", ""disableUploadTimeout"": ""FALSE"", ""executorTerminationTimeoutMillis"": ""236797"", ""keepAliveTimeout"": ""68454"", ""maxConnections"": ""107"", ""maxHeaderCount"": ""842"", ""maxHttpHeaderSize"": ""54796"", ""maxHttpRequestHeaderSize"": ""25073"", ""maxHttpResponseHeaderSize"": ""9987"", ""maxKeepAliveRequests"": ""4806"", ""maxParameterCount"": ""558"", ""maxSwallowSize"": ""12060626"", ""maxThreads"": ""106"", ""minSpareThreads"": ""17"", ""processorCache"": ""353"", ""tcpNoDelay"": ""FALSE"", ""threadPriority"": ""4"", ""threadsMaxIdleTime"": ""514679"", ""throughput__2"": ""2253.28"", ""useAsyncIO"": ""FALSE"", ""useVirtualThreads"": ""FALSE""}"
tomcat,tpe,3303,plain,false,110,2197.44,24.98,2197.44,10.056288480758667,"[8, 50, 10, False]",0.0,10.056202173233032,0.0,"{""acceptCount"": ""847"", ""allowBackslash"": ""FALSE"", ""compression"": ""off"", ""compressionMinSize"": ""6794"", ""connectionTimeout"": ""350000"", ""connectionUploadTimeout"": ""33171"", ""disableUploadTimeout"": ""FALSE"", ""executorTerminationTimeoutMillis"": ""347853"", ""keepAliveTimeout"": ""37042"", ""maxConnections"": ""17298"", ""maxHeaderCount"": ""667"", ""maxHttpHeaderSize"": ""28316"", ""maxHttpRequestHeaderSize"": ""24264"", ""maxHttpResponseHeaderSize"": ""15336"", ""maxKeepAliveRequests"": ""1693"", ""maxParameterCount"": ""46572"", ""maxSwallowSize"": ""19734840"", ""maxThreads"": ""206"", ""minSpareThreads"": ""423"", ""processorCache"": ""54"", ""tcpNoDelay"": ""FALSE"", ""threadPriority"": ""6"", ""threadsMaxIdleTime"": ""428749"", ""throughput__2"": ""2197.44"", ""useAsyncIO"": ""TRUE"", ""useVirtualThreads"": ""FALSE""}"
tomcat,tpe,3303,plain,false,111,2244.24,26.8,2244.24,10.03365707397461,"[8, 50, 10, False]",0.0,10.033568382263184,0.0,"{""acceptCount"": ""527"", ""allowBackslash"": ""TRUE"", ""compression"": ""on"", ""compressionMinSize"": ""5405"", ""connectionTimeout"": ""516433"", ""connectionUploadTimeout"": ""445368"", ""disableUploadTimeout"": ""TRUE"", ""executorTerminationTimeoutMillis"": ""389188"", ""keepAliveTimeout"": ""218250"", ""maxConnections"": ""15522"", ""maxHeaderCount"": ""467"", ""maxHttpHeaderSize"": ""29411"", ""maxHttpRequestHeaderSize"": ""8028"", ""maxHttpResponseHeaderSize"": ""55667"", ""maxKeepAliveRequests"": ""702"", ""maxParameterCount"": ""52907"", ""maxSwallowSize"": ""12474158"", ""maxThreads"": ""350"", ""minSpareThreads"": ""397"", ""processorCache"": ""267"", ""tcpNoDelay"": ""FALSE"", ""threadPriority"": ""9"", ""threadsMaxIdleTime"": ""560149"", ""throughput__2"": ""2244.24"", ""useAsyncIO"": ""FALSE"", ""useVirtualThreads"": ""FALSE""}"
tomcat,tpe,3303,plain,false,112,2392.64,24.9,2392.64,10.042001962661743,"[8, 50, 10, False]",0.0,10.04190444946289,0.0,"{""acceptCount"": ""272"", ""allowBackslash"": ""TRUE"", ""compression"": ""force"", ""compressionMinSize"": ""6839"", ""connectionTimeout"": ""68333"", ""connectionUploadTimeout"": ""253250"", ""disableUploadTimeout"": ""FALSE"", ""executorTerminationTimeoutMillis"": ""566071"", ""keepAliveTimeout"": ""564346"", ""maxConnections"": ""12653"", ""maxHeaderCount"": ""559"", ""maxHttpHeaderSize"": ""28727"", ""maxHttpRequestHeaderSize"": ""41645"", ""maxHttpResponseHeaderSize"": ""60147"", ""maxKeepAliveRequests"": ""1379"", ""maxParameterCount"": ""71858"", ""maxSwallowSize"": ""757509"", ""maxThreads"": ""324"", ""minSpareThreads"": ""822"", ""processorCache"": ""173"", ""tcpNoDelay"": ""FALSE"", ""threadPriority"": ""1"", ""threadsMaxIdleTime"": ""458340"", ""throughput__2"": ""2392.64"", ""useAsyncIO"": ""TRUE"", ""useVirtualThreads"": ""FALSE""}"
tomcat,tpe,3303,plain,false,113,2342.54,24.65,2342.54,10.03385043144226,"[8, 50, 10, False]",0.0,10.033764839172363,0.0,"{""acceptCount"": ""804"", ""allowBackslash"": ""TRUE"", ""compression"": ""force"", ""compressionMinSize"": ""65"", ""connectionTimeout"": ""175679"", ""connectionUploadTimeout"": ""449054"", ""disableUploadTimeout"": ""FALSE"", ""executorTerminationTimeoutMillis"": ""500344"", ""keepAliveTimeout"": ""293909"", ""maxConnections"": ""3191"", ""maxHeaderCount"": ""565"", ""maxHttpHeaderSize"": ""32248"", ""maxHttpRequestHeaderSize"": ""61654"", ""maxHttpResponseHeaderSize"": ""34171"", ""maxKeepAliveRequests"": ""1972"", ""maxParameterCount"": ""22559"", ""maxSwallowSize"": ""2231864"", ""maxThreads"": ""379"", ""minSpareThreads"": ""718"", ""processorCache"": ""312"", ""tcpNoDelay"": ""FALSE"", ""threadPriority"": ""2"", ""threadsMaxIdleTime"": ""377569"", ""throughput__2"": ""2342.54"", ""useAsyncIO"": ""TRUE"", ""useVirtualThreads"": ""FALSE""}"
tomcat,tpe,3303,plain,false,114,2242.96,22.29,2242.96,10.03566312789917,"[8, 50, 10, False]",0.0,10.035573482513428,0.0,"{""acceptCount"": ""862"", ""allowBackslash"": ""FALSE"", ""compression"": ""force"", ""compressionMinSize"": ""2638"", ""connectionTimeout"": ""356383"", ""connectionUploadTimeout"": ""425625"", ""disableUploadTimeout"": ""TRUE"", ""executorTerminationTimeoutMillis"": ""322031"", ""keepAliveTimeout"": ""166073"", ""maxConnections"": ""17740"", ""maxHeaderCount"": ""827"", ""maxHttpHeaderSize"": ""56357"", ""maxHttpRequestHeaderSize"": ""51806"", ""maxHttpResponseHeaderSize"": ""25039"", ""maxKeepAliveRequests"": ""4697"", ""maxParameterCount"": ""83254"", ""maxSwallowSize"": ""4581497"", ""maxThreads"": ""69"", ""minSpareThreads"": ""33"", ""processorCache"": ""214"", ""tcpNoDelay"": ""FALSE"", ""threadPriority"": ""2"", ""threadsMaxIdleTime"": ""225341"", ""throughput__2"": ""2242.96"", ""useAsyncIO"": ""FALSE"", ""useVirtualThreads"": ""TRUE""}"
tomcat,tpe,3303,plain,false,115,2411.51,22.35,2411.51,10.042791366577148,"[8, 50, 10, False]",0.0,10.04270339012146,0.0,"{""acceptCount"": ""759"", ""allowBackslash"": ""FALSE"", ""compression"": ""on"", ""compressionMinSize"": ""2333"", ""connectionTimeout"": ""442052"", ""connectionUploadTimeout"": ""8195"", ""disableUploadTimeout"": ""FALSE"", ""executorTerminationTimeoutMillis"": ""312567"", ""keepAliveTimeout"": ""366358"", ""maxConnections"": ""11155"", ""maxHeaderCount"": ""882"", ""maxHttpHeaderSize"": ""4863"", ""maxHttpRequestHeaderSize"": ""33222"", ""maxHttpResponseHeaderSize"": ""29300"", ""maxKeepAliveRequests"": ""4882"", ""maxParameterCount"": ""29347"", ""maxSwallowSize"": ""17828119"", ""maxThreads"": ""351"", ""minSpareThreads"": ""556"", ""processorCache"": ""52"", ""tcpNoDelay"": ""FALSE"", ""threadPriority"": ""3"", ""threadsMaxIdleTime"": ""585857"", ""throughput__2"": ""2411.51"", ""useAsyncIO"": ""FALSE"", ""useVirtualThreads"": ""FALSE""}"
tomcat,tpe,3303,plain,false,116,2480.89,23.12,2480.89,10.07862377166748,"[8, 50, 10, False]",0.0,10.078532695770264,0.0,"{""acceptCount"": ""889"", ""allowBackslash"": ""FALSE"", ""compression"": ""on"", ""compressionMinSize"": ""9376"", ""connectionTimeout"": ""311627"", ""connectionUploadTimeout"": ""38611"", ""disableUploadTimeout"": ""TRUE"", ""executorTerminationTimeoutMillis"": ""162280"", ""keepAliveTimeout"": ""57327"", ""maxConnections"": ""1135"", ""maxHeaderCount"": ""872"", ""maxHttpHeaderSize"": ""63588"", ""maxHttpRequestHeaderSize"": ""22976"", ""maxHttpResponseHeaderSize"": ""8008"", ""maxKeepAliveRequests"": ""4027"", ""maxParameterCount"": ""82769"", ""maxSwallowSize"": ""17179720"", ""maxThreads"": ""72"", ""minSpareThreads"": ""76"", ""processorCache"": ""286"", ""tcpNoDelay"": ""FALSE"", ""threadPriority"": ""1"", ""threadsMaxIdleTime"": ""341338"", ""throughput__2"": ""2480.89"", ""useAsyncIO"": ""FALSE"", ""useVirtualThreads"": ""FALSE""}"
tomcat,tpe,3303,plain,false,117,2174.35,24.57,2174.35,10.044494152069092,"[8, 50, 10, False]",0.0,10.044408321380615,0.0,"{""acceptCount"": ""907"", ""allowBackslash"": ""FALSE"", ""compression"": ""on"", ""compressionMinSize"": ""5457"", ""connectionTimeout"": ""598831"", ""connectionUploadTimeout"": ""230833"", ""disableUploadTimeout"": ""TRUE"", ""executorTerminationTimeoutMillis"": ""532190"", ""keepAliveTimeout"": ""286637"", ""maxConnections"": ""17405"", ""maxHeaderCount"": ""329"", ""maxHttpHeaderSize"": ""19571"", ""maxHttpRequestHeaderSize"": ""15553"", ""maxHttpResponseHeaderSize"": ""10666"", ""maxKeepAliveRequests"": ""884"", ""maxParameterCount"": ""5462"", ""maxSwallowSize"": ""17985364"", ""maxThreads"": ""332"", ""minSpareThreads"": ""453"", ""processorCache"": ""81"", ""tcpNoDelay"": ""FALSE"", ""threadPriority"": ""1"", ""threadsMaxIdleTime"": ""132359"", ""throughput__2"": ""2174.35"", ""useAsyncIO"": ""FALSE"", ""useVirtualThreads"": ""FALSE""}"
tomcat,tpe,3303,plain,false,118,2170.09,25.99,2170.09,10.045019149780273,"[8, 50, 10, False]",0.0,10.044920682907104,0.0,"{""acceptCount"": ""988"", ""allowBackslash"": ""TRUE"", ""compression"": ""force"", ""compressionMinSize"": ""884"", ""connectionTimeout"": ""527483"", ""connectionUploadTimeout"": ""471888"", ""disableUploadTimeout"": ""FALSE"", ""executorTerminationTimeoutMillis"": ""596443"", ""keepAliveTimeout"": ""472050"", ""maxConnections"": ""8562"", ""maxHeaderCount"": ""29"", ""maxHttpHeaderSize"": ""34700"", ""maxHttpRequestHeaderSize"": ""29528"", ""maxHttpResponseHeaderSize"": ""23353"", ""maxKeepAliveRequests"": ""4289"", ""maxParameterCount"": ""80387"", ""maxSwallowSize"": ""1520613"", ""maxThreads"": ""286"", ""minSpareThreads"": ""573"", ""processorCache"": ""9"", ""tcpNoDelay"": ""FALSE"", ""threadPriority"": ""5"", ""threadsMaxIdleTime"": ""436431"", ""throughput__2"": ""2170.09"", ""useAsyncIO"": ""TRUE"", ""useVirtualThreads"": ""FALSE""}"
tomcat,tpe,3303,plain,false,119,2072.6,29.88,2072.6,10.040680885314941,"[8, 50, 10, False]",0.0,10.040590524673462,0.0,"{""acceptCount"": ""982"", ""allowBackslash"": ""TRUE"", ""compression"": ""off"", ""compressionMinSize"": ""5172"", ""connectionTimeout"": ""440864"", ""connectionUploadTimeout"": ""71812"", ""disableUploadTimeout"": ""FALSE"", ""executorTerminationTimeoutMillis"": ""334115"", ""keepAliveTimeout"": ""592013"", ""maxConnections"": ""4355"", ""maxHeaderCount"": ""130"", ""maxHttpHeaderSize"": ""53366"", ""maxHttpRequestHeaderSize"": ""42502"", ""maxHttpResponseHeaderSize"": ""57179"", ""maxKeepAliveRequests"": ""27"", ""maxParameterCount"": ""95648"", ""maxSwallowSize"": ""10064786"", ""maxThreads"": ""295"", ""minSpareThreads"": ""329"", ""processorCache"": ""265"", ""tcpNoDelay"": ""FALSE"", ""threadPriority"": ""10"", ""threadsMaxIdleTime"": ""292052"", ""throughput__2"": ""2072.6"", ""useAsyncIO"": ""FALSE"", ""useVirtualThreads"": ""FALSE""}"
tomcat,tpe,3303,plain,false,120,2418.96,20.82,2418.96,10.0351722240448,"[8, 50, 10, False]",0.0,10.035079956054688,0.0,"{""acceptCount"": ""784"", ""allowBackslash"": ""FALSE"", ""compression"": ""on"", ""compressionMinSize"": ""5241"", ""connectionTimeout"": ""525917"", ""connectionUploadTimeout"": ""68832"", ""disableUploadTimeout"": ""FALSE"", ""executorTerminationTimeoutMillis"": ""526513"", ""keepAliveTimeout"": ""286037"", ""maxConnections"": ""5971"", ""maxHeaderCount"": ""509"", ""maxHttpHeaderSize"": ""44051"", ""maxHttpRequestHeaderSize"": ""4019"", ""maxHttpResponseHeaderSize"": ""31281"", ""maxKeepAliveRequests"": ""4892"", ""maxParameterCount"": ""69759"", ""maxSwallowSize"": ""19867159"", ""maxThreads"": ""14"", ""minSpareThreads"": ""107"", ""processorCache"": ""233"", ""tcpNoDelay"": ""TRUE"", ""threadPriority"": ""2"", ""threadsMaxIdleTime"": ""411694"", ""throughput__2"": ""2418.96"", ""useAsyncIO"": ""FALSE"", ""useVirtualThreads"": ""FALSE""}"
tomcat,tpe,3303,plain,false,121,2451.71,25.02,2451.71,10.031915664672852,"[8, 50, 10, False]",0.0,10.031821727752686,0.0,"{""acceptCount"": ""536"", ""allowBackslash"": ""TRUE"", ""compression"": ""force"", ""compressionMinSize"": ""7920"", ""connectionTimeout"": ""411065"", ""connectionUploadTimeout"": ""210031"", ""disableUploadTimeout"": ""FALSE"", ""executorTerminationTimeoutMillis"": ""472385"", ""keepAliveTimeout"": ""200820"", ""maxConnections"": ""914"", ""maxHeaderCount"": ""290"", ""maxHttpHeaderSize"": ""40068"", ""maxHttpRequestHeaderSize"": ""11411"", ""maxHttpResponseHeaderSize"": ""61035"", ""maxKeepAliveRequests"": ""2322"", ""maxParameterCount"": ""75490"", ""maxSwallowSize"": ""6709594"", ""maxThreads"": ""221"", ""minSpareThreads"": ""252"", ""processorCache"": ""33"", ""tcpNoDelay"": ""TRUE"", ""threadPriority"": ""7"", ""threadsMaxIdleTime"": ""260882"", ""throughput__2"": ""2451.71"", ""useAsyncIO"": ""TRUE"", ""useVirtualThreads"": ""FALSE""}"
tomcat,tpe,3303,plain,false,122,2516.62,24.55,2516.62,10.033136129379272,"[8, 50, 10, False]",0.0,10.03305459022522,0.0,"{""acceptCount"": ""46"", ""allowBackslash"": ""TRUE"", ""compression"": ""force"", ""compressionMinSize"": ""9820"", ""connectionTimeout"": ""289611"", ""connectionUploadTimeout"": ""257299"", ""disableUploadTimeout"": ""FALSE"", ""executorTerminationTimeoutMillis"": ""496055"", ""keepAliveTimeout"": ""221376"", ""maxConnections"": ""3030"", ""maxHeaderCount"": ""147"", ""maxHttpHeaderSize"": ""32506"", ""maxHttpRequestHeaderSize"": ""33106"", ""maxHttpResponseHeaderSize"": ""49503"", ""maxKeepAliveRequests"": ""3461"", ""maxParameterCount"": ""91725"", ""maxSwallowSize"": ""18134910"", ""maxThreads"": ""49"", ""minSpareThreads"": ""495"", ""processorCache"": ""81"", ""tcpNoDelay"": ""TRUE"", ""threadPriority"": ""9"", ""threadsMaxIdleTime"": ""260795"", ""throughput__2"": ""2516.62"", ""useAsyncIO"": ""TRUE"", ""useVirtualThreads"": ""FALSE""}"
tomcat,tpe,3303,plain,false,123,2440.36,24.3,2440.36,10.050058841705322,"[8, 50, 10, False]",0.0,10.049975872039795,0.0,"{""acceptCount"": ""832"", ""allowBackslash"": ""FALSE"", ""compression"": ""on"", ""compressionMinSize"": ""3933"", ""connectionTimeout"": ""203104"", ""connectionUploadTimeout"": ""313325"", ""disableUploadTimeout"": ""FALSE"", ""executorTerminationTimeoutMillis"": ""569229"", ""keepAliveTimeout"": ""258276"", ""maxConnections"": ""8723"", ""maxHeaderCount"": ""132"", ""maxHttpHeaderSize"": ""45651"", ""maxHttpRequestHeaderSize"": ""10181"", ""maxHttpResponseHeaderSize"": ""22460"", ""maxKeepAliveRequests"": ""914"", ""maxParameterCount"": ""79891"", ""maxSwallowSize"": ""12559684"", ""maxThreads"": ""112"", ""minSpareThreads"": ""493"", ""processorCache"": ""382"", ""tcpNoDelay"": ""TRUE"", ""threadPriority"": ""5"", ""threadsMaxIdleTime"": ""539448"", ""throughput__2"": ""2440.36"", ""useAsyncIO"": ""FALSE"", ""useVirtualThreads"": ""FALSE""}"
tomcat,tpe,3303,plain,false,124,2452.73,23.02,2452.73,10.063289880752563,"[8, 50, 10, False]",0.0,10.063202142715454,0.0,"{""acceptCount"": ""847"", ""allowBackslash"": ""FALSE"", ""compression"": ""on"", ""compressionMinSize"": ""305"", ""connectionTimeout"": ""65946"", ""connectionUploadTimeout"": ""313901"", ""disableUploadTimeout"": ""FALSE"", ""executorTerminationTimeoutMillis"": ""313801"", ""keepAliveTimeout"": ""469493"", ""maxConnections"": ""1445"", ""maxHeaderCount"": ""371"", ""maxHttpHeaderSize"": ""22283"", ""maxHttpRequestHeaderSize"": ""22962"", ""maxHttpResponseHeaderSize"": ""23291"", ""maxKeepAliveRequests"": ""2736"", ""maxParameterCount"": ""30895"", ""maxSwallowSize"": ""3588868"", ""maxThreads"": ""105"", ""minSpareThreads"": ""647"", ""processorCache"": ""387"", ""tcpNoDelay"": ""TRUE"", ""threadPriority"": ""7"", ""threadsMaxIdleTime"": ""530597"", ""throughput__2"": ""2452.73"", ""useAsyncIO"": ""FALSE"", ""useVirtualThreads"": ""FALSE""}"
tomcat,tpe,3303,plain,false,125,2163.6,24.34,2163.6,10.066687107086182,"[8, 50, 10, False]",0.0,10.066599130630493,0.0,"{""acceptCount"": ""961"", ""allowBackslash"": ""FALSE"", ""compression"": ""on"", ""compressionMinSize"": ""4365"", ""connectionTimeout"": ""536327"", ""connectionUploadTimeout"": ""71997"", ""disableUploadTimeout"": ""FALSE"", ""executorTerminationTimeoutMillis"": ""536127"", ""keepAliveTimeout"": ""79922"", ""maxConnections"": ""9796"", ""maxHeaderCount"": ""673"", ""maxHttpHeaderSize"": ""41761"", ""maxHttpRequestHeaderSize"": ""63526"", ""maxHttpResponseHeaderSize"": ""50068"", ""maxKeepAliveRequests"": ""1743"", ""maxParameterCount"": ""4229"", ""maxSwallowSize"": ""18554428"", ""maxThreads"": ""323"", ""minSpareThreads"": ""326"", ""processorCache"": ""170"", ""tcpNoDelay"": ""TRUE"", ""threadPriority"": ""1"", ""threadsMaxIdleTime"": ""583319"", ""throughput__2"": ""2163.6"", ""useAsyncIO"": ""FALSE"", ""useVirtualThreads"": ""FALSE""}"
tomcat,tpe,3303,plain,false,126,2190.83,27.56,2190.83,10.042874574661255,"[8, 50, 10, False]",0.0,10.042737007141113,0.0,"{""acceptCount"": ""948"", ""allowBackslash"": ""TRUE"", ""compression"": ""force"", ""compressionMinSize"": ""9956"", ""connectionTimeout"": ""363544"", ""connectionUploadTimeout"": ""498562"", ""disableUploadTimeout"": ""FALSE"", ""executorTerminationTimeoutMillis"": ""355799"", ""keepAliveTimeout"": ""271994"", ""maxConnections"": ""5476"", ""maxHeaderCount"": ""586"", ""maxHttpHeaderSize"": ""37656"", ""maxHttpRequestHeaderSize"": ""17799"", ""maxHttpResponseHeaderSize"": ""52690"", ""maxKeepAliveRequests"": ""1954"", ""maxParameterCount"": ""3759"", ""maxSwallowSize"": ""3297475"", ""maxThreads"": ""365"", ""minSpareThreads"": ""369"", ""processorCache"": ""277"", ""tcpNoDelay"": ""TRUE"", ""threadPriority"": ""4"", ""threadsMaxIdleTime"": ""1861"", ""throughput__2"": ""2190.83"", ""useAsyncIO"": ""TRUE"", ""useVirtualThreads"": ""FALSE""}"
tomcat,tpe,3303,plain,false,127,2272.7,22.49,2272.7,10.033513069152832,"[8, 50, 10, False]",0.0,10.033359289169312,0.0,"{""acceptCount"": ""805"", ""allowBackslash"": ""TRUE"", ""compression"": ""on"", ""compressionMinSize"": ""2403"", ""connectionTimeout"": ""232261"", ""connectionUploadTimeout"": ""238898"", ""disableUploadTimeout"": ""FALSE"", ""executorTerminationTimeoutMillis"": ""252617"", ""keepAliveTimeout"": ""421209"", ""maxConnections"": ""16223"", ""maxHeaderCount"": ""48"", ""maxHttpHeaderSize"": ""35545"", ""maxHttpRequestHeaderSize"": ""49594"", ""maxHttpResponseHeaderSize"": ""24564"", ""maxKeepAliveRequests"": ""2196"", ""maxParameterCount"": ""82274"", ""maxSwallowSize"": ""17507581"", ""maxThreads"": ""20"", ""minSpareThreads"": ""767"", ""processorCache"": ""360"", ""tcpNoDelay"": ""TRUE"", ""threadPriority"": ""3"", ""threadsMaxIdleTime"": ""303589"", ""throughput__2"": ""2272.7"", ""useAsyncIO"": ""FALSE"", ""useVirtualThreads"": ""FALSE""}"
tomcat,tpe,3303,plain,false,128,2380.35,23.6,2380.35,10.028026819229126,"[8, 50, 10, False]",0.0,10.027940273284912,0.0,"{""acceptCount"": ""912"", ""allowBackslash"": ""FALSE"", ""compression"": ""on"", ""compressionMinSize"": ""7079"", ""connectionTimeout"": ""126734"", ""connectionUploadTimeout"": ""454195"", ""disableUploadTimeout"": ""FALSE"", ""executorTerminationTimeoutMillis"": ""85564"", ""keepAliveTimeout"": ""201039"", ""maxConnections"": ""1614"", ""maxHeaderCount"": ""137"", ""maxHttpHeaderSize"": ""17431"", ""maxHttpRequestHeaderSize"": ""41793"", ""maxHttpResponseHeaderSize"": ""49870"", ""maxKeepAliveRequests"": ""1271"", ""maxParameterCount"": ""38713"", ""maxSwallowSize"": ""4031754"", ""maxThreads"": ""176"", ""minSpareThreads"": ""663"", ""processorCache"": ""186"", ""tcpNoDelay"": ""TRUE"", ""threadPriority"": ""6"", ""threadsMaxIdleTime"": ""480732"", ""throughput__2"": ""2380.35"", ""useAsyncIO"": ""FALSE"", ""useVirtualThreads"": ""FALSE""}"
tomcat,tpe,3303,plain,false,129,2501.22,24.46,2501.22,10.033578157424927,"[8, 50, 10, False]",0.0,10.033456802368164,0.0,"{""acceptCount"": ""717"", ""allowBackslash"": ""FALSE"", ""compression"": ""on"", ""compressionMinSize"": ""1864"", ""connectionTimeout"": ""589101"", ""connectionUploadTimeout"": ""22209"", ""disableUploadTimeout"": ""FALSE"", ""executorTerminationTimeoutMillis"": ""563013"", ""keepAliveTimeout"": ""65534"", ""maxConnections"": ""17013"", ""maxHeaderCount"": ""706"", ""maxHttpHeaderSize"": ""25515"", ""maxHttpRequestHeaderSize"": ""57117"", ""maxHttpResponseHeaderSize"": ""23922"", ""maxKeepAliveRequests"": ""2927"", ""maxParameterCount"": ""29152"", ""maxSwallowSize"": ""4995825"", ""maxThreads"": ""335"", ""minSpareThreads"": ""326"", ""processorCache"": ""127"", ""tcpNoDelay"": ""FALSE"", ""threadPriority"": ""9"", ""threadsMaxIdleTime"": ""65315"", ""throughput__2"": ""2501.22"", ""useAsyncIO"": ""FALSE"", ""useVirtualThreads"": ""FALSE""}"
tomcat,tpe,3303,plain,false,130,2535.86,19.88,2535.86,10.030604124069214,"[8, 50, 10, False]",0.0,10.030507326126099,0.0,"{""acceptCount"": ""684"", ""allowBackslash"": ""FALSE"", ""compression"": ""on"", ""compressionMinSize"": ""4726"", ""connectionTimeout"": ""194374"", ""connectionUploadTimeout"": ""337402"", ""disableUploadTimeout"": ""FALSE"", ""executorTerminationTimeoutMillis"": ""504363"", ""keepAliveTimeout"": ""363744"", ""maxConnections"": ""6767"", ""maxHeaderCount"": ""919"", ""maxHttpHeaderSize"": ""35277"", ""maxHttpRequestHeaderSize"": ""19557"", ""maxHttpResponseHeaderSize"": ""4317"", ""maxKeepAliveRequests"": ""4213"", ""maxParameterCount"": ""5314"", ""maxSwallowSize"": ""1118817"", ""maxThreads"": ""15"", ""minSpareThreads"": ""681"", ""processorCache"": ""268"", ""tcpNoDelay"": ""TRUE"", ""threadPriority"": ""1"", ""threadsMaxIdleTime"": ""121084"", ""throughput__2"": ""2535.86"", ""useAsyncIO"": ""FALSE"", ""useVirtualThreads"": ""FALSE""}"
tomcat,tpe,3303,plain,false,131,2529.07,23.48,2529.07,10.04034948348999,"[8, 50, 10, False]",0.0,10.040268659591675,0.0,"{""acceptCount"": ""832"", ""allowBackslash"": ""TRUE"", ""compression"": ""on"", ""compressionMinSize"": ""3052"", ""connectionTimeout"": ""518781"", ""connectionUploadTimeout"": ""14028"", ""disableUploadTimeout"": ""FALSE"", ""executorTerminationTimeoutMillis"": ""479767"", ""keepAliveTimeout"": ""224632"", ""maxConnections"": ""9074"", ""maxHeaderCount"": ""715"", ""maxHttpHeaderSize"": ""36480"", ""maxHttpRequestHeaderSize"": ""10920"", ""maxHttpResponseHeaderSize"": ""51076"", ""maxKeepAliveRequests"": ""4529"", ""maxParameterCount"": ""50199"", ""maxSwallowSize"": ""11022001"", ""maxThreads"": ""29"", ""minSpareThreads"": ""141"", ""processorCache"": ""113"", ""tcpNoDelay"": ""TRUE"", ""threadPriority"": ""4"", ""threadsMaxIdleTime"": ""243909"", ""throughput__2"": ""2529.07"", ""useAsyncIO"": ""FALSE"", ""useVirtualThreads"": ""FALSE""}"
tomcat,tpe,3303,plain,false,132,2558.56,25.68,2558.56,10.056144714355469,"[8, 50, 10, False]",0.0,10.056048393249512,0.0,"{""acceptCount"": ""616"", ""allowBackslash"": ""TRUE"", ""compression"": ""force"", ""compressionMinSize"": ""3357"", ""connectionTimeout"": ""524321"", ""connectionUploadTimeout"": ""40012"", ""disableUploadTimeout"": ""FALSE"", ""executorTerminationTimeoutMillis"": ""553240"", ""keepAliveTimeout"": ""426707"", ""maxConnections"": ""17570"", ""maxHeaderCount"": ""767"", ""maxHttpHeaderSize"": ""32904"", ""maxHttpRequestHeaderSize"": ""33223"", ""maxHttpResponseHeaderSize"": ""21354"", ""maxKeepAliveRequests"": ""2547"", ""maxParameterCount"": ""63945"", ""maxSwallowSize"": ""2247841"", ""maxThreads"": ""260"", ""minSpareThreads"": ""410"", ""processorCache"": ""71"", ""tcpNoDelay"": ""TRUE"", ""threadPriority"": ""3"", ""threadsMaxIdleTime"": ""345963"", ""throughput__2"": ""2558.56"", ""useAsyncIO"": ""FALSE"", ""useVirtualThreads"": ""FALSE""}"
tomcat,tpe,3303,plain,false,133,2439.61,22.81,2439.61,10.054277181625366,"[8, 50, 10, False]",0.0,10.054172992706299,0.0,"{""acceptCount"": ""314"", ""allowBackslash"": ""TRUE"", ""compression"": ""on"", ""compressionMinSize"": ""5261"", ""connectionTimeout"": ""510051"", ""connectionUploadTimeout"": ""330753"", ""disableUploadTimeout"": ""FALSE"", ""executorTerminationTimeoutMillis"": ""555524"", ""keepAliveTimeout"": ""473066"", ""maxConnections"": ""11577"", ""maxHeaderCount"": ""639"", ""maxHttpHeaderSize"": ""20947"", ""maxHttpRequestHeaderSize"": ""10175"", ""maxHttpResponseHeaderSize"": ""36900"", ""maxKeepAliveRequests"": ""1796"", ""maxParameterCount"": ""19019"", ""maxSwallowSize"": ""14424057"", ""maxThreads"": ""232"", ""minSpareThreads"": ""523"", ""processorCache"": ""40"", ""tcpNoDelay"": ""TRUE"", ""threadPriority"": ""9"", ""threadsMaxIdleTime"": ""493826"", ""throughput__2"": ""2439.61"", ""useAsyncIO"": ""FALSE"", ""useVirtualThreads"": ""FALSE""}"
tomcat,tpe,3303,plain,false,134,2220.37,26.95,2220.37,10.049697160720825,"[8, 50, 10, False]",0.0,10.049607038497925,0.0,"{""acceptCount"": ""790"", ""allowBackslash"": ""FALSE"", ""compression"": ""force"", ""compressionMinSize"": ""1507"", ""connectionTimeout"": ""279839"", ""connectionUploadTimeout"": ""166638"", ""disableUploadTimeout"": ""FALSE"", ""executorTerminationTimeoutMillis"": ""346829"", ""keepAliveTimeout"": ""245434"", ""maxConnections"": ""19883"", ""maxHeaderCount"": ""931"", ""maxHttpHeaderSize"": ""22803"", ""maxHttpRequestHeaderSize"": ""63874"", ""maxHttpResponseHeaderSize"": ""51135"", ""maxKeepAliveRequests"": ""3632"", ""maxParameterCount"": ""35401"", ""maxSwallowSize"": ""12135751"", ""maxThreads"": ""131"", ""minSpareThreads"": ""85"", ""processorCache"": ""65"", ""tcpNoDelay"": ""FALSE"", ""threadPriority"": ""1"", ""threadsMaxIdleTime"": ""362048"", ""throughput__2"": ""2220.37"", ""useAsyncIO"": ""FALSE"", ""useVirtualThreads"": ""FALSE""}"
tomcat,tpe,3303,plain,false,135,2261.39,27.19,2261.39,10.050458669662476,"[8, 50, 10, False]",0.0,10.05037260055542,0.0,"{""acceptCount"": ""135"", ""allowBackslash"": ""TRUE"", ""compression"": ""on"", ""compressionMinSize"": ""5822"", ""connectionTimeout"": ""232280"", ""connectionUploadTimeout"": ""95852"", ""disableUploadTimeout"": ""FALSE"", ""executorTerminationTimeoutMillis"": ""459570"", ""keepAliveTimeout"": ""255109"", ""maxConnections"": ""8476"", ""maxHeaderCount"": ""701"", ""maxHttpHeaderSize"": ""11825"", ""maxHttpRequestHeaderSize"": ""29396"", ""maxHttpResponseHeaderSize"": ""4221"", ""maxKeepAliveRequests"": ""1083"", ""maxParameterCount"": ""92400"", ""maxSwallowSize"": ""4444167"", ""maxThreads"": ""193"", ""minSpareThreads"": ""528"", ""processorCache"": ""292"", ""tcpNoDelay"": ""TRUE"", ""threadPriority"": ""8"", ""threadsMaxIdleTime"": ""319112"", ""throughput__2"": ""2261.39"", ""useAsyncIO"": ""FALSE"", ""useVirtualThreads"": ""FALSE""}"
tomcat,tpe,3303,plain,false,136,1959.92,26.39,1959.92,10.04316258430481,"[8, 50, 10, False]",0.0,10.04307508468628,0.0,"{""acceptCount"": ""346"", ""allowBackslash"": ""TRUE"", ""compression"": ""force"", ""compressionMinSize"": ""121"", ""connectionTimeout"": ""18786"", ""connectionUploadTimeout"": ""255153"", ""disableUploadTimeout"": ""FALSE"", ""executorTerminationTimeoutMillis"": ""319266"", ""keepAliveTimeout"": ""588927"", ""maxConnections"": ""16771"", ""maxHeaderCount"": ""991"", ""maxHttpHeaderSize"": ""33796"", ""maxHttpRequestHeaderSize"": ""9238"", ""maxHttpResponseHeaderSize"": ""46862"", ""maxKeepAliveRequests"": ""14"", ""maxParameterCount"": ""59247"", ""maxSwallowSize"": ""4120009"", ""maxThreads"": ""385"", ""minSpareThreads"": ""325"", ""processorCache"": ""88"", ""tcpNoDelay"": ""TRUE"", ""threadPriority"": ""1"", ""threadsMaxIdleTime"": ""349332"", ""throughput__2"": ""1959.92"", ""useAsyncIO"": ""FALSE"", ""useVirtualThreads"": ""FALSE""}"
tomcat,tpe,3303,plain,false,137,2388.39,22.54,2388.39,10.04141879081726,"[8, 50, 10, False]",0.0,10.041257858276367,0.0,"{""acceptCount"": ""553"", ""allowBackslash"": ""FALSE"", ""compression"": ""on"", ""compressionMinSize"": ""3165"", ""connectionTimeout"": ""308704"", ""connectionUploadTimeout"": ""323165"", ""disableUploadTimeout"": ""FALSE"", ""executorTerminationTimeoutMillis"": ""563374"", ""keepAliveTimeout"": ""384373"", ""maxConnections"": ""6891"", ""maxHeaderCount"": ""287"", ""maxHttpHeaderSize"": ""8099"", ""maxHttpRequestHeaderSize"": ""18837"", ""maxHttpResponseHeaderSize"": ""8842"", ""maxKeepAliveRequests"": ""4935"", ""maxParameterCount"": ""11415"", ""maxSwallowSize"": ""20738099"", ""maxThreads"": ""120"", ""minSpareThreads"": ""90"", ""processorCache"": ""69"", ""tcpNoDelay"": ""TRUE"", ""threadPriority"": ""8"", ""threadsMaxIdleTime"": ""349659"", ""throughput__2"": ""2388.39"", ""useAsyncIO"": ""FALSE"", ""useVirtualThreads"": ""FALSE""}"
tomcat,tpe,3303,plain,false,138,2454.19,23.21,2454.19,10.043249368667603,"[8, 50, 10, False]",0.0,10.043159246444702,0.0,"{""acceptCount"": ""145"", ""allowBackslash"": ""FALSE"", ""compression"": ""on"", ""compressionMinSize"": ""8511"", ""connectionTimeout"": ""212275"", ""connectionUploadTimeout"": ""117798"", ""disableUploadTimeout"": ""FALSE"", ""executorTerminationTimeoutMillis"": ""525692"", ""keepAliveTimeout"": ""457345"", ""maxConnections"": ""3501"", ""maxHeaderCount"": ""382"", ""maxHttpHeaderSize"": ""15217"", ""maxHttpRequestHeaderSize"": ""16061"", ""maxHttpResponseHeaderSize"": ""15994"", ""maxKeepAliveRequests"": ""3888"", ""maxParameterCount"": ""9473"", ""maxSwallowSize"": ""15152395"", ""maxThreads"": ""54"", ""minSpareThreads"": ""158"", ""processorCache"": ""128"", ""tcpNoDelay"": ""FALSE"", ""threadPriority"": ""2"", ""threadsMaxIdleTime"": ""355223"", ""throughput__2"": ""2454.19"", ""useAsyncIO"": ""FALSE"", ""useVirtualThreads"": ""FALSE""}"
tomcat,tpe,3303,plain,false,139,2378.23,25.31,2378.23,10.036422491073608,"[8, 50, 10, False]",0.0,10.036336183547974,0.0,"{""acceptCount"": ""685"", ""allowBackslash"": ""TRUE"", ""compression"": ""force"", ""compressionMinSize"": ""9658"", ""connectionTimeout"": ""290595"", ""connectionUploadTimeout"": ""354390"", ""disableUploadTimeout"": ""FALSE"", ""executorTerminationTimeoutMillis"": ""526721"", ""keepAliveTimeout"": ""530549"", ""maxConnections"": ""7448"", ""maxHeaderCount"": ""637"", ""maxHttpHeaderSize"": ""60495"", ""maxHttpRequestHeaderSize"": ""8315"", ""maxHttpResponseHeaderSize"": ""11457"", ""maxKeepAliveRequests"": ""4266"", ""maxParameterCount"": ""5382"", ""maxSwallowSize"": ""8856144"", ""maxThreads"": ""217"", ""minSpareThreads"": ""650"", ""processorCache"": ""10"", ""tcpNoDelay"": ""TRUE"", ""threadPriority"": ""1"", ""threadsMaxIdleTime"": ""360087"", ""throughput__2"": ""2378.23"", ""useAsyncIO"": ""FALSE"", ""useVirtualThreads"": ""FALSE""}"
tomcat,tpe,3303,plain,false,140,2420.73,23.25,2420.73,10.045197486877441,"[8, 50, 10, False]",0.0,10.045111656188965,0.0,"{""acceptCount"": ""46"", ""allowBackslash"": ""TRUE"", ""compression"": ""on"", ""compressionMinSize"": ""6158"", ""connectionTimeout"": ""511723"", ""connectionUploadTimeout"": ""104493"", ""disableUploadTimeout"": ""TRUE"", ""executorTerminationTimeoutMillis"": ""42672"", ""keepAliveTimeout"": ""510598"", ""maxConnections"": ""9065"", ""maxHeaderCount"": ""401"", ""maxHttpHeaderSize"": ""1971"", ""maxHttpRequestHeaderSize"": ""29253"", ""maxHttpResponseHeaderSize"": ""4856"", ""maxKeepAliveRequests"": ""3996"", ""maxParameterCount"": ""19526"", ""maxSwallowSize"": ""17282925"", ""maxThreads"": ""230"", ""minSpareThreads"": ""826"", ""processorCache"": ""121"", ""tcpNoDelay"": ""TRUE"", ""threadPriority"": ""9"", ""threadsMaxIdleTime"": ""353650"", ""throughput__2"": ""2420.73"", ""useAsyncIO"": ""FALSE"", ""useVirtualThreads"": ""FALSE""}"
tomcat,tpe,3303,plain,false,141,2290.89,25.0,2290.89,10.068828105926514,"[8, 50, 10, False]",0.0,10.068735361099243,0.0,"{""acceptCount"": ""550"", ""allowBackslash"": ""TRUE"", ""compression"": ""force"", ""compressionMinSize"": ""8234"", ""connectionTimeout"": ""180703"", ""connectionUploadTimeout"": ""195818"", ""disableUploadTimeout"": ""FALSE"", ""executorTerminationTimeoutMillis"": ""559641"", ""keepAliveTimeout"": ""501888"", ""maxConnections"": ""16180"", ""maxHeaderCount"": ""925"", ""maxHttpHeaderSize"": ""42200"", ""maxHttpRequestHeaderSize"": ""14575"", ""maxHttpResponseHeaderSize"": ""52646"", ""maxKeepAliveRequests"": ""1299"", ""maxParameterCount"": ""37844"", ""maxSwallowSize"": ""5652102"", ""maxThreads"": ""396"", ""minSpareThreads"": ""708"", ""processorCache"": ""44"", ""tcpNoDelay"": ""FALSE"", ""threadPriority"": ""3"", ""threadsMaxIdleTime"": ""24213"", ""throughput__2"": ""2290.89"", ""useAsyncIO"": ""TRUE"", ""useVirtualThreads"": ""FALSE""}"
tomcat,tpe,3303,plain,false,142,2237.81,23.86,2237.81,10.065091133117676,"[8, 50, 10, False]",0.0,10.065004110336304,0.0,"{""acceptCount"": ""435"", ""allowBackslash"": ""FALSE"", ""compression"": ""force"", ""compressionMinSize"": ""3407"", ""connectionTimeout"": ""115251"", ""connectionUploadTimeout"": ""516215"", ""disableUploadTimeout"": ""FALSE"", ""executorTerminationTimeoutMillis"": ""597060"", ""keepAliveTimeout"": ""388909"", ""maxConnections"": ""14594"", ""maxHeaderCount"": ""745"", ""maxHttpHeaderSize"": ""26102"", ""maxHttpRequestHeaderSize"": ""36172"", ""maxHttpResponseHeaderSize"": ""46132"", ""maxKeepAliveRequests"": ""2241"", ""maxParameterCount"": ""8979"", ""maxSwallowSize"": ""2784879"", ""maxThreads"": ""156"", ""minSpareThreads"": ""486"", ""processorCache"": ""171"", ""tcpNoDelay"": ""TRUE"", ""threadPriority"": ""3"", ""threadsMaxIdleTime"": ""140520"", ""throughput__2"": ""2237.81"", ""useAsyncIO"": ""FALSE"", ""useVirtualThreads"": ""FALSE""}"
tomcat,tpe,3303,plain,false,143,2263.46,24.08,2263.46,10.043135166168213,"[8, 50, 10, False]",0.0,10.043039798736572,0.0,"{""acceptCount"": ""376"", ""allowBackslash"": ""FALSE"", ""compression"": ""force"", ""compressionMinSize"": ""8023"", ""connectionTimeout"": ""210231"", ""connectionUploadTimeout"": ""50501"", ""disableUploadTimeout"": ""FALSE"", ""executorTerminationTimeoutMillis"": ""500366"", ""keepAliveTimeout"": ""295915"", ""maxConnections"": ""6481"", ""maxHeaderCount"": ""653"", ""maxHttpHeaderSize"": ""38676"", ""maxHttpRequestHeaderSize"": ""2680"", ""maxHttpResponseHeaderSize"": ""14887"", ""maxKeepAliveRequests"": ""321"", ""maxParameterCount"": ""1931"", ""maxSwallowSize"": ""278689"", ""maxThreads"": ""172"", ""minSpareThreads"": ""12"", ""processorCache"": ""51"", ""tcpNoDelay"": ""FALSE"", ""threadPriority"": ""7"", ""threadsMaxIdleTime"": ""109466"", ""throughput__2"": ""2263.46"", ""useAsyncIO"": ""FALSE"", ""useVirtualThreads"": ""FALSE""}"
tomcat,tpe,3303,plain,false,144,2155.51,23.11,2155.51,10.043307304382324,"[8, 50, 10, False]",0.0,10.043222188949585,0.0,"{""acceptCount"": ""94"", ""allowBackslash"": ""FALSE"", ""compression"": ""on"", ""compressionMinSize"": ""4157"", ""connectionTimeout"": ""561891"", ""connectionUploadTimeout"": ""233979"", ""disableUploadTimeout"": ""FALSE"", ""executorTerminationTimeoutMillis"": ""441818"", ""keepAliveTimeout"": ""491676"", ""maxConnections"": ""3444"", ""maxHeaderCount"": ""865"", ""maxHttpHeaderSize"": ""56194"", ""maxHttpRequestHeaderSize"": ""45412"", ""maxHttpResponseHeaderSize"": ""3507"", ""maxKeepAliveRequests"": ""874"", ""maxParameterCount"": ""37549"", ""maxSwallowSize"": ""9581733"", ""maxThreads"": ""5"", ""minSpareThreads"": ""527"", ""processorCache"": ""312"", ""tcpNoDelay"": ""TRUE"", ""threadPriority"": ""4"", ""threadsMaxIdleTime"": ""96535"", ""throughput__2"": ""2155.51"", ""useAsyncIO"": ""FALSE"", ""useVirtualThreads"": ""TRUE""}"
tomcat,tpe,3303,plain,false,145,2406.62,23.99,2406.62,10.038233518600464,"[8, 50, 10, False]",0.0,10.038140773773193,0.0,"{""acceptCount"": ""662"", ""allowBackslash"": ""FALSE"", ""compression"": ""force"", ""compressionMinSize"": ""4522"", ""connectionTimeout"": ""28173"", ""connectionUploadTimeout"": ""379536"", ""disableUploadTimeout"": ""FALSE"", ""executorTerminationTimeoutMillis"": ""150357"", ""keepAliveTimeout"": ""381485"", ""maxConnections"": ""1586"", ""maxHeaderCount"": ""881"", ""maxHttpHeaderSize"": ""39981"", ""maxHttpRequestHeaderSize"": ""14067"", ""maxHttpResponseHeaderSize"": ""27710"", ""maxKeepAliveRequests"": ""3934"", ""maxParameterCount"": ""33888"", ""maxSwallowSize"": ""678284"", ""maxThreads"": ""368"", ""minSpareThreads"": ""343"", ""processorCache"": ""396"", ""tcpNoDelay"": ""TRUE"", ""threadPriority"": ""10"", ""threadsMaxIdleTime"": ""523924"", ""throughput__2"": ""2406.62"", ""useAsyncIO"": ""FALSE"", ""useVirtualThreads"": ""FALSE""}"
tomcat,tpe,3303,plain,false,146,2318.77,21.53,2318.77,10.030150651931763,"[8, 50, 10, False]",0.0,10.030062437057495,0.0,"{""acceptCount"": ""287"", ""allowBackslash"": ""TRUE"", ""compression"": ""force"", ""compressionMinSize"": ""9619"", ""connectionTimeout"": ""447752"", ""connectionUploadTimeout"": ""319095"", ""disableUploadTimeout"": ""TRUE"", ""executorTerminationTimeoutMillis"": ""109156"", ""keepAliveTimeout"": ""563632"", ""maxConnections"": ""11471"", ""maxHeaderCount"": ""505"", ""maxHttpHeaderSize"": ""42025"", ""maxHttpRequestHeaderSize"": ""1300"", ""maxHttpResponseHeaderSize"": ""17036"", ""maxKeepAliveRequests"": ""2904"", ""maxParameterCount"": ""4793"", ""maxSwallowSize"": ""13783839"", ""maxThreads"": ""77"", ""minSpareThreads"": ""469"", ""processorCache"": ""205"", ""tcpNoDelay"": ""TRUE"", ""threadPriority"": ""9"", ""threadsMaxIdleTime"": ""560447"", ""throughput__2"": ""2318.77"", ""useAsyncIO"": ""FALSE"", ""useVirtualThreads"": ""TRUE""}"
tomcat,tpe,3303,plain,false,147,2504.03,22.51,2504.03,10.036716222763062,"[8, 50, 10, False]",0.0,10.036625862121582,0.0,"{""acceptCount"": ""763"", ""allowBackslash"": ""FALSE"", ""compression"": ""on"", ""compressionMinSize"": ""4138"", ""connectionTimeout"": ""590441"", ""connectionUploadTimeout"": ""441515"", ""disableUploadTimeout"": ""FALSE"", ""executorTerminationTimeoutMillis"": ""540494"", ""keepAliveTimeout"": ""347805"", ""maxConnections"": ""8345"", ""maxHeaderCount"": ""352"", ""maxHttpHeaderSize"": ""62177"", ""maxHttpRequestHeaderSize"": ""60474"", ""maxHttpResponseHeaderSize"": ""39510"", ""maxKeepAliveRequests"": ""1320"", ""maxParameterCount"": ""83374"", ""maxSwallowSize"": ""10234637"", ""maxThreads"": ""83"", ""minSpareThreads"": ""153"", ""processorCache"": ""345"", ""tcpNoDelay"": ""TRUE"", ""threadPriority"": ""6"", ""threadsMaxIdleTime"": ""536961"", ""throughput__2"": ""2504.03"", ""useAsyncIO"": ""FALSE"", ""useVirtualThreads"": ""FALSE""}"
tomcat,tpe,3303,plain,false,148,2420.94,21.52,2420.94,10.033793926239014,"[8, 50, 10, False]",0.0,10.03370976448059,0.0,"{""acceptCount"": ""672"", ""allowBackslash"": ""TRUE"", ""compression"": ""on"", ""compressionMinSize"": ""2037"", ""connectionTimeout"": ""553304"", ""connectionUploadTimeout"": ""265959"", ""disableUploadTimeout"": ""FALSE"", ""executorTerminationTimeoutMillis"": ""165216"", ""keepAliveTimeout"": ""475282"", ""maxConnections"": ""6457"", ""maxHeaderCount"": ""709"", ""maxHttpHeaderSize"": ""22116"", ""maxHttpRequestHeaderSize"": ""2010"", ""maxHttpResponseHeaderSize"": ""62806"", ""maxKeepAliveRequests"": ""3497"", ""maxParameterCount"": ""32024"", ""maxSwallowSize"": ""7941511"", ""maxThreads"": ""20"", ""minSpareThreads"": ""185"", ""processorCache"": ""257"", ""tcpNoDelay"": ""TRUE"", ""threadPriority"": ""3"", ""threadsMaxIdleTime"": ""319178"", ""throughput__2"": ""2420.94"", ""useAsyncIO"": ""FALSE"", ""useVirtualThreads"": ""FALSE""}"
tomcat,tpe,3303,plain,false,149,2433.29,28.57,2433.29,10.049719095230103,"[8, 50, 10, False]",0.0,10.049633741378784,0.0,"{""acceptCount"": ""184"", ""allowBackslash"": ""TRUE"", ""compression"": ""force"", ""compressionMinSize"": ""517"", ""connectionTimeout"": ""472212"", ""connectionUploadTimeout"": ""443930"", ""disableUploadTimeout"": ""FALSE"", ""executorTerminationTimeoutMillis"": ""584318"", ""keepAliveTimeout"": ""419773"", ""maxConnections"": ""1144"", ""maxHeaderCount"": ""836"", ""maxHttpHeaderSize"": ""22963"", ""maxHttpRequestHeaderSize"": ""46804"", ""maxHttpResponseHeaderSize"": ""13972"", ""maxKeepAliveRequests"": ""3336"", ""maxParameterCount"": ""23086"", ""maxSwallowSize"": ""20187584"", ""maxThreads"": ""343"", ""minSpareThreads"": ""752"", ""processorCache"": ""23"", ""tcpNoDelay"": ""TRUE"", ""threadPriority"": ""7"", ""threadsMaxIdleTime"": ""337346"", ""throughput__2"": ""2433.29"", ""useAsyncIO"": ""FALSE"", ""useVirtualThreads"": ""FALSE""}"
tomcat,tpe,3303,plain,false,150,2410.83,25.1,2410.83,10.058122634887695,"[8, 50, 10, False]",0.0,10.05803370475769,0.0,"{""acceptCount"": ""869"", ""allowBackslash"": ""FALSE"", ""compression"": ""force"", ""compressionMinSize"": ""7552"", ""connectionTimeout"": ""397614"", ""connectionUploadTimeout"": ""178169"", ""disableUploadTimeout"": ""FALSE"", ""executorTerminationTimeoutMillis"": ""275534"", ""keepAliveTimeout"": ""420418"", ""maxConnections"": ""14743"", ""maxHeaderCount"": ""433"", ""maxHttpHeaderSize"": ""65045"", ""maxHttpRequestHeaderSize"": ""60346"", ""maxHttpResponseHeaderSize"": ""17216"", ""maxKeepAliveRequests"": ""1005"", ""maxParameterCount"": ""98751"", ""maxSwallowSize"": ""8920168"", ""maxThreads"": ""84"", ""minSpareThreads"": ""64"", ""processorCache"": ""141"", ""tcpNoDelay"": ""TRUE"", ""threadPriority"": ""5"", ""threadsMaxIdleTime"": ""593241"", ""throughput__2"": ""2410.83"", ""useAsyncIO"": ""FALSE"", ""useVirtualThreads"": ""FALSE""}"
tomcat,tpe,3303,plain,false,151,2299.52,24.24,2299.52,10.051351070404053,"[8, 50, 10, False]",0.0,10.051259279251099,0.0,"{""acceptCount"": ""876"", ""allowBackslash"": ""FALSE"", ""compression"": ""on"", ""compressionMinSize"": ""9583"", ""connectionTimeout"": ""540223"", ""connectionUploadTimeout"": ""442030"", ""disableUploadTimeout"": ""FALSE"", ""executorTerminationTimeoutMillis"": ""348876"", ""keepAliveTimeout"": ""580400"", ""maxConnections"": ""2521"", ""maxHeaderCount"": ""677"", ""maxHttpHeaderSize"": ""44913"", ""maxHttpRequestHeaderSize"": ""34909"", ""maxHttpResponseHeaderSize"": ""1948"", ""maxKeepAliveRequests"": ""1913"", ""maxParameterCount"": ""99961"", ""maxSwallowSize"": ""8577780"", ""maxThreads"": ""165"", ""minSpareThreads"": ""116"", ""processorCache"": ""205"", ""tcpNoDelay"": ""TRUE"", ""threadPriority"": ""6"", ""threadsMaxIdleTime"": ""413505"", ""throughput__2"": ""2299.52"", ""useAsyncIO"": ""FALSE"", ""useVirtualThreads"": ""FALSE""}"
tomcat,tpe,3303,plain,false,152,2125.02,25.3,2125.02,10.041537284851074,"[8, 50, 10, False]",0.0,10.041451692581177,0.0,"{""acceptCount"": ""337"", ""allowBackslash"": ""TRUE"", ""compression"": ""on"", ""compressionMinSize"": ""3543"", ""connectionTimeout"": ""9343"", ""connectionUploadTimeout"": ""339095"", ""disableUploadTimeout"": ""FALSE"", ""executorTerminationTimeoutMillis"": ""505125"", ""keepAliveTimeout"": ""443874"", ""maxConnections"": ""13615"", ""maxHeaderCount"": ""517"", ""maxHttpHeaderSize"": ""27684"", ""maxHttpRequestHeaderSize"": ""11371"", ""maxHttpResponseHeaderSize"": ""49820"", ""maxKeepAliveRequests"": ""2184"", ""maxParameterCount"": ""40327"", ""maxSwallowSize"": ""2069572"", ""maxThreads"": ""224"", ""minSpareThreads"": ""203"", ""processorCache"": ""52"", ""tcpNoDelay"": ""FALSE"", ""threadPriority"": ""2"", ""threadsMaxIdleTime"": ""557500"", ""throughput__2"": ""2125.02"", ""useAsyncIO"": ""TRUE"", ""useVirtualThreads"": ""FALSE""}"
tomcat,tpe,3303,plain,false,153,2159.3,24.35,2159.3,10.039499521255493,"[8, 50, 10, False]",0.0,10.039408683776855,0.0,"{""acceptCount"": ""609"", ""allowBackslash"": ""FALSE"", ""compression"": ""force"", ""compressionMinSize"": ""3350"", ""connectionTimeout"": ""514027"", ""connectionUploadTimeout"": ""145711"", ""disableUploadTimeout"": ""FALSE"", ""executorTerminationTimeoutMillis"": ""393074"", ""keepAliveTimeout"": ""380174"", ""maxConnections"": ""19941"", ""maxHeaderCount"": ""849"", ""maxHttpHeaderSize"": ""61141"", ""maxHttpRequestHeaderSize"": ""14360"", ""maxHttpResponseHeaderSize"": ""16367"", ""maxKeepAliveRequests"": ""3130"", ""maxParameterCount"": ""74644"", ""maxSwallowSize"": ""15920304"", ""maxThreads"": ""42"", ""minSpareThreads"": ""216"", ""processorCache"": ""393"", ""tcpNoDelay"": ""TRUE"", ""threadPriority"": ""7"", ""threadsMaxIdleTime"": ""375975"", ""throughput__2"": ""2159.3"", ""useAsyncIO"": ""FALSE"", ""useVirtualThreads"": ""FALSE""}"
tomcat,tpe,3303,plain,false,154,2283.83,24.16,2283.83,10.03515625,"[8, 50, 10, False]",0.0,10.035070657730103,0.0,"{""acceptCount"": ""142"", ""allowBackslash"": ""TRUE"", ""compression"": ""off"", ""compressionMinSize"": ""4733"", ""connectionTimeout"": ""318987"", ""connectionUploadTimeout"": ""110856"", ""disableUploadTimeout"": ""FALSE"", ""executorTerminationTimeoutMillis"": ""345407"", ""keepAliveTimeout"": ""105746"", ""maxConnections"": ""4522"", ""maxHeaderCount"": ""702"", ""maxHttpHeaderSize"": ""18736"", ""maxHttpRequestHeaderSize"": ""39261"", ""maxHttpResponseHeaderSize"": ""22817"", ""maxKeepAliveRequests"": ""2358"", ""maxParameterCount"": ""21818"", ""maxSwallowSize"": ""18929020"", ""maxThreads"": ""279"", ""minSpareThreads"": ""494"", ""processorCache"": ""3"", ""tcpNoDelay"": ""TRUE"", ""threadPriority"": ""6"", ""threadsMaxIdleTime"": ""531135"", ""throughput__2"": ""2283.83"", ""useAsyncIO"": ""FALSE"", ""useVirtualThreads"": ""FALSE""}"
tomcat,tpe,3303,plain,false,155,2393.19,25.59,2393.19,10.050978183746338,"[8, 50, 10, False]",0.0,10.05088210105896,0.0,"{""acceptCount"": ""204"", ""allowBackslash"": ""FALSE"", ""compression"": ""on"", ""compressionMinSize"": ""1476"", ""connectionTimeout"": ""127738"", ""connectionUploadTimeout"": ""320655"", ""disableUploadTimeout"": ""FALSE"", ""executorTerminationTimeoutMillis"": ""234880"", ""keepAliveTimeout"": ""19534"", ""maxConnections"": ""4322"", ""maxHeaderCount"": ""951"", ""maxHttpHeaderSize"": ""43219"", ""maxHttpRequestHeaderSize"": ""54105"", ""maxHttpResponseHeaderSize"": ""38173"", ""maxKeepAliveRequests"": ""31"", ""maxParameterCount"": ""98661"", ""maxSwallowSize"": ""11448502"", ""maxThreads"": ""124"", ""minSpareThreads"": ""35"", ""processorCache"": ""366"", ""tcpNoDelay"": ""TRUE"", ""threadPriority"": ""7"", ""threadsMaxIdleTime"": ""549216"", ""throughput__2"": ""2393.19"", ""useAsyncIO"": ""FALSE"", ""useVirtualThreads"": ""FALSE""}"
tomcat,tpe,3303,plain,false,156,2429.15,22.83,2429.15,10.077598810195923,"[8, 50, 10, False]",0.0,10.077507019042969,0.0,"{""acceptCount"": ""674"", ""allowBackslash"": ""FALSE"", ""compression"": ""on"", ""compressionMinSize"": ""9213"", ""connectionTimeout"": ""52188"", ""connectionUploadTimeout"": ""111570"", ""disableUploadTimeout"": ""FALSE"", ""executorTerminationTimeoutMillis"": ""304983"", ""keepAliveTimeout"": ""24892"", ""maxConnections"": ""2218"", ""maxHeaderCount"": ""980"", ""maxHttpHeaderSize"": ""47218"", ""maxHttpRequestHeaderSize"": ""26586"", ""maxHttpResponseHeaderSize"": ""2490"", ""maxKeepAliveRequests"": ""1808"", ""maxParameterCount"": ""18729"", ""maxSwallowSize"": ""10974749"", ""maxThreads"": ""35"", ""minSpareThreads"": ""439"", ""processorCache"": ""263"", ""tcpNoDelay"": ""TRUE"", ""threadPriority"": ""6"", ""threadsMaxIdleTime"": ""256790"", ""throughput__2"": ""2429.15"", ""useAsyncIO"": ""TRUE"", ""useVirtualThreads"": ""FALSE""}"
tomcat,tpe,3303,plain,false,157,2262.59,24.39,2262.59,10.049526453018188,"[8, 50, 10, False]",0.0,10.049434661865234,0.0,"{""acceptCount"": ""265"", ""allowBackslash"": ""TRUE"", ""compression"": ""on"", ""compressionMinSize"": ""1031"", ""connectionTimeout"": ""275606"", ""connectionUploadTimeout"": ""549069"", ""disableUploadTimeout"": ""FALSE"", ""executorTerminationTimeoutMillis"": ""459862"", ""keepAliveTimeout"": ""449447"", ""maxConnections"": ""5459"", ""maxHeaderCount"": ""234"", ""maxHttpHeaderSize"": ""38280"", ""maxHttpRequestHeaderSize"": ""50898"", ""maxHttpResponseHeaderSize"": ""58098"", ""maxKeepAliveRequests"": ""4367"", ""maxParameterCount"": ""66519"", ""maxSwallowSize"": ""18467901"", ""maxThreads"": ""68"", ""minSpareThreads"": ""117"", ""processorCache"": ""142"", ""tcpNoDelay"": ""TRUE"", ""threadPriority"": ""10"", ""threadsMaxIdleTime"": ""310434"", ""throughput__2"": ""2262.59"", ""useAsyncIO"": ""TRUE"", ""useVirtualThreads"": ""FALSE""}"
tomcat,tpe,3303,plain,false,158,2354.95,21.1,2354.95,10.041370391845703,"[8, 50, 10, False]",0.0,10.041281700134277,0.0,"{""acceptCount"": ""916"", ""allowBackslash"": ""FALSE"", ""compression"": ""on"", ""compressionMinSize"": ""7013"", ""connectionTimeout"": ""51894"", ""connectionUploadTimeout"": ""408107"", ""disableUploadTimeout"": ""FALSE"", ""executorTerminationTimeoutMillis"": ""250990"", ""keepAliveTimeout"": ""429262"", ""maxConnections"": ""13090"", ""maxHeaderCount"": ""983"", ""maxHttpHeaderSize"": ""20869"", ""maxHttpRequestHeaderSize"": ""45100"", ""maxHttpResponseHeaderSize"": ""39283"", ""maxKeepAliveRequests"": ""3831"", ""maxParameterCount"": ""35827"", ""maxSwallowSize"": ""15424106"", ""maxThreads"": ""394"", ""minSpareThreads"": ""472"", ""processorCache"": ""55"", ""tcpNoDelay"": ""FALSE"", ""threadPriority"": ""5"", ""threadsMaxIdleTime"": ""586191"", ""throughput__2"": ""2354.95"", ""useAsyncIO"": ""FALSE"", ""useVirtualThreads"": ""TRUE""}"
tomcat,tpe,3303,plain,false,159,2401.26,23.61,2401.26,10.039655923843384,"[8, 50, 10, False]",0.0,10.039533615112305,0.0,"{""acceptCount"": ""440"", ""allowBackslash"": ""FALSE"", ""compression"": ""on"", ""compressionMinSize"": ""6932"", ""connectionTimeout"": ""173208"", ""connectionUploadTimeout"": ""382533"", ""disableUploadTimeout"": ""FALSE"", ""executorTerminationTimeoutMillis"": ""279545"", ""keepAliveTimeout"": ""65239"", ""maxConnections"": ""7295"", ""maxHeaderCount"": ""324"", ""maxHttpHeaderSize"": ""63571"", ""maxHttpRequestHeaderSize"": ""8402"", ""maxHttpResponseHeaderSize"": ""25215"", ""maxKeepAliveRequests"": ""699"", ""maxParameterCount"": ""46925"", ""maxSwallowSize"": ""2354180"", ""maxThreads"": ""134"", ""minSpareThreads"": ""570"", ""processorCache"": ""24"", ""tcpNoDelay"": ""TRUE"", ""threadPriority"": ""3"", ""threadsMaxIdleTime"": ""332407"", ""throughput__2"": ""2401.26"", ""useAsyncIO"": ""TRUE"", ""useVirtualThreads"": ""FALSE""}"
tomcat,tpe,3303,plain,false,160,2347.02,21.37,2347.02,10.040382623672485,"[8, 50, 10, False]",0.0,10.040292978286743,0.0,"{""acceptCount"": ""94"", ""allowBackslash"": ""FALSE"", ""compression"": ""on"", ""compressionMinSize"": ""3459"", ""connectionTimeout"": ""596080"", ""connectionUploadTimeout"": ""551024"", ""disableUploadTimeout"": ""FALSE"", ""executorTerminationTimeoutMillis"": ""375674"", ""keepAliveTimeout"": ""118592"", ""maxConnections"": ""6938"", ""maxHeaderCount"": ""450"", ""maxHttpHeaderSize"": ""47838"", ""maxHttpRequestHeaderSize"": ""1335"", ""maxHttpResponseHeaderSize"": ""5267"", ""maxKeepAliveRequests"": ""407"", ""maxParameterCount"": ""83190"", ""maxSwallowSize"": ""1731181"", ""maxThreads"": ""192"", ""minSpareThreads"": ""493"", ""processorCache"": ""175"", ""tcpNoDelay"": ""TRUE"", ""threadPriority"": ""4"", ""threadsMaxIdleTime"": ""595375"", ""throughput__2"": ""2347.02"", ""useAsyncIO"": ""TRUE"", ""useVirtualThreads"": ""TRUE""}"
tomcat,tpe,3303,plain,false,161,2442.28,24.78,2442.28,10.033746719360352,"[8, 50, 10, False]",0.0,10.033656120300293,0.0,"{""acceptCount"": ""743"", ""allowBackslash"": ""TRUE"", ""compression"": ""force"", ""compressionMinSize"": ""4731"", ""connectionTimeout"": ""318699"", ""connectionUploadTimeout"": ""266978"", ""disableUploadTimeout"": ""FALSE"", ""executorTerminationTimeoutMillis"": ""111756"", ""keepAliveTimeout"": ""476090"", ""maxConnections"": ""16875"", ""maxHeaderCount"": ""632"", ""maxHttpHeaderSize"": ""17704"", ""maxHttpRequestHeaderSize"": ""39998"", ""maxHttpResponseHeaderSize"": ""19667"", ""maxKeepAliveRequests"": ""4991"", ""maxParameterCount"": ""19628"", ""maxSwallowSize"": ""13487722"", ""maxThreads"": ""330"", ""minSpareThreads"": ""810"", ""processorCache"": ""12"", ""tcpNoDelay"": ""FALSE"", ""threadPriority"": ""6"", ""threadsMaxIdleTime"": ""529489"", ""throughput__2"": ""2442.28"", ""useAsyncIO"": ""FALSE"", ""useVirtualThreads"": ""FALSE""}"
tomcat,tpe,3303,plain,false,162,2374.9,26.39,2374.9,10.032424688339233,"[8, 50, 10, False]",0.0,10.032333850860596,0.0,"{""acceptCount"": ""267"", ""allowBackslash"": ""FALSE"", ""compression"": ""on"", ""compressionMinSize"": ""2871"", ""connectionTimeout"": ""349684"", ""connectionUploadTimeout"": ""5218"", ""disableUploadTimeout"": ""TRUE"", ""executorTerminationTimeoutMillis"": ""237267"", ""keepAliveTimeout"": ""323864"", ""maxConnections"": ""14516"", ""maxHeaderCount"": ""458"", ""maxHttpHeaderSize"": ""61473"", ""maxHttpRequestHeaderSize"": ""12361"", ""maxHttpResponseHeaderSize"": ""43362"", ""maxKeepAliveRequests"": ""975"", ""maxParameterCount"": ""32699"", ""maxSwallowSize"": ""3767065"", ""maxThreads"": ""324"", ""minSpareThreads"": ""389"", ""processorCache"": ""83"", ""tcpNoDelay"": ""TRUE"", ""threadPriority"": ""2"", ""threadsMaxIdleTime"": ""139019"", ""throughput__2"": ""2374.9"", ""useAsyncIO"": ""TRUE"", ""useVirtualThreads"": ""FALSE""}"
tomcat,tpe,3303,plain,false,163,2282.48,25.29,2282.48,10.031974792480469,"[8, 50, 10, False]",0.0,10.031836032867432,0.0,"{""acceptCount"": ""816"", ""allowBackslash"": ""FALSE"", ""compression"": ""off"", ""compressionMinSize"": ""6739"", ""connectionTimeout"": ""357830"", ""connectionUploadTimeout"": ""282370"", ""disableUploadTimeout"": ""TRUE"", ""executorTerminationTimeoutMillis"": ""569031"", ""keepAliveTimeout"": ""432172"", ""maxConnections"": ""13843"", ""maxHeaderCount"": ""205"", ""maxHttpHeaderSize"": ""47327"", ""maxHttpRequestHeaderSize"": ""62864"", ""maxHttpResponseHeaderSize"": ""10843"", ""maxKeepAliveRequests"": ""31"", ""maxParameterCount"": ""94349"", ""maxSwallowSize"": ""1727384"", ""maxThreads"": ""79"", ""minSpareThreads"": ""484"", ""processorCache"": ""344"", ""tcpNoDelay"": ""TRUE"", ""threadPriority"": ""1"", ""threadsMaxIdleTime"": ""576584"", ""throughput__2"": ""2282.48"", ""useAsyncIO"": ""FALSE"", ""useVirtualThreads"": ""FALSE""}"
tomcat,tpe,3303,plain,false,164,2267.51,24.97,2267.51,10.046814203262329,"[8, 50, 10, False]",0.0,10.046724796295166,0.0,"{""acceptCount"": ""989"", ""allowBackslash"": ""TRUE"", ""compression"": ""off"", ""compressionMinSize"": ""991"", ""connectionTimeout"": ""94238"", ""connectionUploadTimeout"": ""61203"", ""disableUploadTimeout"": ""FALSE"", ""executorTerminationTimeoutMillis"": ""392112"", ""keepAliveTimeout"": ""441741"", ""maxConnections"": ""6972"", ""maxHeaderCount"": ""929"", ""maxHttpHeaderSize"": ""5774"", ""maxHttpRequestHeaderSize"": ""56831"", ""maxHttpResponseHeaderSize"": ""21687"", ""maxKeepAliveRequests"": ""223"", ""maxParameterCount"": ""74948"", ""maxSwallowSize"": ""6730793"", ""maxThreads"": ""370"", ""minSpareThreads"": ""255"", ""processorCache"": ""306"", ""tcpNoDelay"": ""TRUE"", ""threadPriority"": ""7"", ""threadsMaxIdleTime"": ""222009"", ""throughput__2"": ""2267.51"", ""useAsyncIO"": ""FALSE"", ""useVirtualThreads"": ""FALSE""}"
tomcat,tpe,3303,plain,false,165,2293.75,22.39,2293.75,10.058798551559448,"[8, 50, 10, False]",0.0,10.058708429336548,0.0,"{""acceptCount"": ""941"", ""allowBackslash"": ""FALSE"", ""compression"": ""force"", ""compressionMinSize"": ""3102"", ""connectionTimeout"": ""466925"", ""connectionUploadTimeout"": ""356072"", ""disableUploadTimeout"": ""TRUE"", ""executorTerminationTimeoutMillis"": ""426751"", ""keepAliveTimeout"": ""61217"", ""maxConnections"": ""16565"", ""maxHeaderCount"": ""871"", ""maxHttpHeaderSize"": ""27578"", ""maxHttpRequestHeaderSize"": ""15094"", ""maxHttpResponseHeaderSize"": ""24483"", ""maxKeepAliveRequests"": ""2363"", ""maxParameterCount"": ""84796"", ""maxSwallowSize"": ""15949207"", ""maxThreads"": ""16"", ""minSpareThreads"": ""300"", ""processorCache"": ""200"", ""tcpNoDelay"": ""FALSE"", ""threadPriority"": ""1"", ""threadsMaxIdleTime"": ""210267"", ""throughput__2"": ""2293.75"", ""useAsyncIO"": ""FALSE"", ""useVirtualThreads"": ""FALSE""}"
tomcat,tpe,3303,plain,false,166,2111.58,24.17,2111.58,10.075933694839478,"[8, 50, 10, False]",0.0,10.075835943222046,0.0,"{""acceptCount"": ""612"", ""allowBackslash"": ""FALSE"", ""compression"": ""force"", ""compressionMinSize"": ""6742"", ""connectionTimeout"": ""70666"", ""connectionUploadTimeout"": ""136324"", ""disableUploadTimeout"": ""TRUE"", ""executorTerminationTimeoutMillis"": ""1518"", ""keepAliveTimeout"": ""138704"", ""maxConnections"": ""6700"", ""maxHeaderCount"": ""294"", ""maxHttpHeaderSize"": ""53726"", ""maxHttpRequestHeaderSize"": ""41032"", ""maxHttpResponseHeaderSize"": ""15233"", ""maxKeepAliveRequests"": ""162"", ""maxParameterCount"": ""90740"", ""maxSwallowSize"": ""16394286"", ""maxThreads"": ""31"", ""minSpareThreads"": ""995"", ""processorCache"": ""253"", ""tcpNoDelay"": ""FALSE"", ""threadPriority"": ""8"", ""threadsMaxIdleTime"": ""285888"", ""throughput__2"": ""2111.58"", ""useAsyncIO"": ""FALSE"", ""useVirtualThreads"": ""TRUE""}"
tomcat,tpe,3303,plain,false,167,2305.62,25.25,2305.62,10.059136867523193,"[8, 50, 10, False]",0.0,10.059040546417236,0.0,"{""acceptCount"": ""741"", ""allowBackslash"": ""FALSE"", ""compression"": ""on"", ""compressionMinSize"": ""878"", ""connectionTimeout"": ""489049"", ""connectionUploadTimeout"": ""414454"", ""disableUploadTimeout"": ""FALSE"", ""executorTerminationTimeoutMillis"": ""591943"", ""keepAliveTimeout"": ""31058"", ""maxConnections"": ""13181"", ""maxHeaderCount"": ""790"", ""maxHttpHeaderSize"": ""56806"", ""maxHttpRequestHeaderSize"": ""28522"", ""maxHttpResponseHeaderSize"": ""20256"", ""maxKeepAliveRequests"": ""1001"", ""maxParameterCount"": ""3560"", ""maxSwallowSize"": ""20538091"", ""maxThreads"": ""151"", ""minSpareThreads"": ""32"", ""processorCache"": ""137"", ""tcpNoDelay"": ""FALSE"", ""threadPriority"": ""8"", ""threadsMaxIdleTime"": ""167692"", ""throughput__2"": ""2305.62"", ""useAsyncIO"": ""FALSE"", ""useVirtualThreads"": ""FALSE""}"
tomcat,tpe,3303,plain,false,168,2361.27,24.17,2361.27,10.061049699783325,"[8, 50, 10, False]",0.0,10.060956478118896,0.0,"{""acceptCount"": ""957"", ""allowBackslash"": ""FALSE"", ""compression"": ""on"", ""compressionMinSize"": ""8660"", ""connectionTimeout"": ""160492"", ""connectionUploadTimeout"": ""2309"", ""disableUploadTimeout"": ""FALSE"", ""executorTerminationTimeoutMillis"": ""524400"", ""keepAliveTimeout"": ""33237"", ""maxConnections"": ""8946"", ""maxHeaderCount"": ""150"", ""maxHttpHeaderSize"": ""60478"", ""maxHttpRequestHeaderSize"": ""37774"", ""maxHttpResponseHeaderSize"": ""51894"", ""maxKeepAliveRequests"": ""4092"", ""maxParameterCount"": ""93714"", ""maxSwallowSize"": ""1161744"", ""maxThreads"": ""301"", ""minSpareThreads"": ""492"", ""processorCache"": ""87"", ""tcpNoDelay"": ""FALSE"", ""threadPriority"": ""10"", ""threadsMaxIdleTime"": ""268728"", ""throughput__2"": ""2361.27"", ""useAsyncIO"": ""FALSE"", ""useVirtualThreads"": ""FALSE""}"
tomcat,tpe,3303,plain,false,169,2405.93,26.39,2405.93,10.046162366867065,"[8, 50, 10, False]",0.0,10.046072959899902,0.0,"{""acceptCount"": ""338"", ""allowBackslash"": ""TRUE"", ""compression"": ""on"", ""compressionMinSize"": ""4898"", ""connectionTimeout"": ""276900"", ""connectionUploadTimeout"": ""375632"", ""disableUploadTimeout"": ""FALSE"", ""executorTerminationTimeoutMillis"": ""201138"", ""keepAliveTimeout"": ""580491"", ""maxConnections"": ""6653"", ""maxHeaderCount"": ""921"", ""maxHttpHeaderSize"": ""11286"", ""maxHttpRequestHeaderSize"": ""28153"", ""maxHttpResponseHeaderSize"": ""3588"", ""maxKeepAliveRequests"": ""3803"", ""maxParameterCount"": ""46195"", ""maxSwallowSize"": ""16484056"", ""maxThreads"": ""225"", ""minSpareThreads"": ""818"", ""processorCache"": ""3"", ""tcpNoDelay"": ""FALSE"", ""threadPriority"": ""6"", ""threadsMaxIdleTime"": ""327352"", ""throughput__2"": ""2405.93"", ""useAsyncIO"": ""FALSE"", ""useVirtualThreads"": ""FALSE""}"
tomcat,tpe,3303,plain,false,170,2420.61,23.96,2420.61,10.036796569824219,"[8, 50, 10, False]",0.0,10.036704063415527,0.0,"{""acceptCount"": ""973"", ""allowBackslash"": ""FALSE"", ""compression"": ""on"", ""compressionMinSize"": ""8400"", ""connectionTimeout"": ""102684"", ""connectionUploadTimeout"": ""444604"", ""disableUploadTimeout"": ""FALSE"", ""executorTerminationTimeoutMillis"": ""198127"", ""keepAliveTimeout"": ""44220"", ""maxConnections"": ""7331"", ""maxHeaderCount"": ""114"", ""maxHttpHeaderSize"": ""63712"", ""maxHttpRequestHeaderSize"": ""12287"", ""maxHttpResponseHeaderSize"": ""23196"", ""maxKeepAliveRequests"": ""1174"", ""maxParameterCount"": ""78454"", ""maxSwallowSize"": ""6675437"", ""maxThreads"": ""208"", ""minSpareThreads"": ""511"", ""processorCache"": ""232"", ""tcpNoDelay"": ""TRUE"", ""threadPriority"": ""4"", ""threadsMaxIdleTime"": ""309536"", ""throughput__2"": ""2420.61"", ""useAsyncIO"": ""TRUE"", ""useVirtualThreads"": ""FALSE""}"
tomcat,tpe,3303,plain,false,171,2370.49,24.41,2370.49,10.068146228790283,"[8, 50, 10, False]",0.0,10.06806230545044,0.0,"{""acceptCount"": ""490"", ""allowBackslash"": ""TRUE"", ""compression"": ""off"", ""compressionMinSize"": ""262"", ""connectionTimeout"": ""537627"", ""connectionUploadTimeout"": ""140544"", ""disableUploadTimeout"": ""TRUE"", ""executorTerminationTimeoutMillis"": ""195448"", ""keepAliveTimeout"": ""191751"", ""maxConnections"": ""1440"", ""maxHeaderCount"": ""308"", ""maxHttpHeaderSize"": ""37163"", ""maxHttpRequestHeaderSize"": ""37671"", ""maxHttpResponseHeaderSize"": ""14166"", ""maxKeepAliveRequests"": ""2915"", ""maxParameterCount"": ""24580"", ""maxSwallowSize"": ""13103836"", ""maxThreads"": ""50"", ""minSpareThreads"": ""916"", ""processorCache"": ""251"", ""tcpNoDelay"": ""TRUE"", ""threadPriority"": ""2"", ""threadsMaxIdleTime"": ""94694"", ""throughput__2"": ""2370.49"", ""useAsyncIO"": ""FALSE"", ""useVirtualThreads"": ""FALSE""}"
tomcat,tpe,3303,plain,false,172,2228.45,25.14,2228.45,10.068302392959595,"[8, 50, 10, False]",0.0,10.068215370178223,0.0,"{""acceptCount"": ""478"", ""allowBackslash"": ""TRUE"", ""compression"": ""on"", ""compressionMinSize"": ""5980"", ""connectionTimeout"": ""131018"", ""connectionUploadTimeout"": ""71675"", ""disableUploadTimeout"": ""TRUE"", ""executorTerminationTimeoutMillis"": ""526333"", ""keepAliveTimeout"": ""485208"", ""maxConnections"": ""6146"", ""maxHeaderCount"": ""455"", ""maxHttpHeaderSize"": ""843"", ""maxHttpRequestHeaderSize"": ""7637"", ""maxHttpResponseHeaderSize"": ""1127"", ""maxKeepAliveRequests"": ""4063"", ""maxParameterCount"": ""68139"", ""maxSwallowSize"": ""19231675"", ""maxThreads"": ""256"", ""minSpareThreads"": ""546"", ""processorCache"": ""96"", ""tcpNoDelay"": ""TRUE"", ""threadPriority"": ""6"", ""threadsMaxIdleTime"": ""373488"", ""throughput__2"": ""2228.45"", ""useAsyncIO"": ""FALSE"", ""useVirtualThreads"": ""FALSE""}"
tomcat,tpe,3303,plain,false,173,2274.41,22.91,2274.41,10.055604696273804,"[8, 50, 10, False]",0.0,10.055518627166748,0.0,"{""acceptCount"": ""205"", ""allowBackslash"": ""TRUE"", ""compression"": ""force"", ""compressionMinSize"": ""9626"", ""connectionTimeout"": ""573151"", ""connectionUploadTimeout"": ""335982"", ""disableUploadTimeout"": ""FALSE"", ""executorTerminationTimeoutMillis"": ""203724"", ""keepAliveTimeout"": ""473024"", ""maxConnections"": ""5295"", ""maxHeaderCount"": ""482"", ""maxHttpHeaderSize"": ""41295"", ""maxHttpRequestHeaderSize"": ""10999"", ""maxHttpResponseHeaderSize"": ""46011"", ""maxKeepAliveRequests"": ""2416"", ""maxParameterCount"": ""70890"", ""maxSwallowSize"": ""14767380"", ""maxThreads"": ""17"", ""minSpareThreads"": ""673"", ""processorCache"": ""55"", ""tcpNoDelay"": ""FALSE"", ""threadPriority"": ""2"", ""threadsMaxIdleTime"": ""451109"", ""throughput__2"": ""2274.41"", ""useAsyncIO"": ""TRUE"", ""useVirtualThreads"": ""FALSE""}"
tomcat,tpe,3303,plain,false,174,2224.53,24.98,2224.53,10.052426815032959,"[8, 50, 10, False]",0.0,10.052338361740112,0.0,"{""acceptCount"": ""768"", ""allowBackslash"": ""FALSE"", ""compression"": ""off"", ""compressionMinSize"": ""9458"", ""connectionTimeout"": ""206719"", ""connectionUploadTimeout"": ""207932"", ""disableUploadTimeout"": ""TRUE"", ""executorTerminationTimeoutMillis"": ""98372"", ""keepAliveTimeout"": ""177835"", ""maxConnections"": ""10998"", ""maxHeaderCount"": ""985"", ""maxHttpHeaderSize"": ""47374"", ""maxHttpRequestHeaderSize"": ""10551"", ""maxHttpResponseHeaderSize"": ""50742"", ""maxKeepAliveRequests"": ""3325"", ""maxParameterCount"": ""27634"", ""maxSwallowSize"": ""1542343"", ""maxThreads"": ""270"", ""minSpareThreads"": ""83"", ""processorCache"": ""369"", ""tcpNoDelay"": ""TRUE"", ""threadPriority"": ""9"", ""threadsMaxIdleTime"": ""549741"", ""throughput__2"": ""2224.53"", ""useAsyncIO"": ""FALSE"", ""useVirtualThreads"": ""FALSE""}"
tomcat,tpe,3303,plain,false,175,2410.58,24.21,2410.58,10.035564661026001,"[8, 50, 10, False]",0.0,10.03547477722168,0.0,"{""acceptCount"": ""42"", ""allowBackslash"": ""FALSE"", ""compression"": ""on"", ""compressionMinSize"": ""2815"", ""connectionTimeout"": ""139339"", ""connectionUploadTimeout"": ""178255"", ""disableUploadTimeout"": ""FALSE"", ""executorTerminationTimeoutMillis"": ""423268"", ""keepAliveTimeout"": ""14245"", ""maxConnections"": ""4509"", ""maxHeaderCount"": ""824"", ""maxHttpHeaderSize"": ""53288"", ""maxHttpRequestHeaderSize"": ""50651"", ""maxHttpResponseHeaderSize"": ""5425"", ""maxKeepAliveRequests"": ""2942"", ""maxParameterCount"": ""9981"", ""maxSwallowSize"": ""20310465"", ""maxThreads"": ""54"", ""minSpareThreads"": ""595"", ""processorCache"": ""142"", ""tcpNoDelay"": ""TRUE"", ""threadPriority"": ""3"", ""threadsMaxIdleTime"": ""488077"", ""throughput__2"": ""2410.58"", ""useAsyncIO"": ""TRUE"", ""useVirtualThreads"": ""FALSE""}"
tomcat,tpe,3303,plain,false,176,2400.45,23.22,2400.45,10.033326625823975,"[8, 50, 10, False]",0.0,10.033242464065552,0.0,"{""acceptCount"": ""437"", ""allowBackslash"": ""TRUE"", ""compression"": ""on"", ""compressionMinSize"": ""2598"", ""connectionTimeout"": ""435118"", ""connectionUploadTimeout"": ""190597"", ""disableUploadTimeout"": ""FALSE"", ""executorTerminationTimeoutMillis"": ""92486"", ""keepAliveTimeout"": ""564577"", ""maxConnections"": ""11669"", ""maxHeaderCount"": ""753"", ""maxHttpHeaderSize"": ""22425"", ""maxHttpRequestHeaderSize"": ""3787"", ""maxHttpResponseHeaderSize"": ""2094"", ""maxKeepAliveRequests"": ""1302"", ""maxParameterCount"": ""57944"", ""maxSwallowSize"": ""6691741"", ""maxThreads"": ""196"", ""minSpareThreads"": ""296"", ""processorCache"": ""49"", ""tcpNoDelay"": ""FALSE"", ""threadPriority"": ""5"", ""threadsMaxIdleTime"": ""180085"", ""throughput__2"": ""2400.45"", ""useAsyncIO"": ""FALSE"", ""useVirtualThreads"": ""FALSE""}"
tomcat,tpe,3303,plain,false,177,2191.8,27.14,2191.8,10.07206106185913,"[8, 50, 10, False]",0.0,10.071974039077759,0.0,"{""acceptCount"": ""167"", ""allowBackslash"": ""TRUE"", ""compression"": ""on"", ""compressionMinSize"": ""647"", ""connectionTimeout"": ""553305"", ""connectionUploadTimeout"": ""487992"", ""disableUploadTimeout"": ""FALSE"", ""executorTerminationTimeoutMillis"": ""308282"", ""keepAliveTimeout"": ""559699"", ""maxConnections"": ""18740"", ""maxHeaderCount"": ""784"", ""maxHttpHeaderSize"": ""47457"", ""maxHttpRequestHeaderSize"": ""42753"", ""maxHttpResponseHeaderSize"": ""11844"", ""maxKeepAliveRequests"": ""4461"", ""maxParameterCount"": ""73304"", ""maxSwallowSize"": ""14225704"", ""maxThreads"": ""213"", ""minSpareThreads"": ""616"", ""processorCache"": ""161"", ""tcpNoDelay"": ""FALSE"", ""threadPriority"": ""4"", ""threadsMaxIdleTime"": ""397750"", ""throughput__2"": ""2191.8"", ""useAsyncIO"": ""FALSE"", ""useVirtualThreads"": ""FALSE""}"
tomcat,tpe,3303,plain,false,178,2158.54,25.16,2158.54,10.059026718139648,"[8, 50, 10, False]",0.0,10.058937072753906,0.0,"{""acceptCount"": ""772"", ""allowBackslash"": ""TRUE"", ""compression"": ""force"", ""compressionMinSize"": ""3113"", ""connectionTimeout"": ""574053"", ""connectionUploadTimeout"": ""241450"", ""disableUploadTimeout"": ""FALSE"", ""executorTerminationTimeoutMillis"": ""585287"", ""keepAliveTimeout"": ""228910"", ""maxConnections"": ""18623"", ""maxHeaderCount"": ""520"", ""maxHttpHeaderSize"": ""19183"", ""maxHttpRequestHeaderSize"": ""1611"", ""maxHttpResponseHeaderSize"": ""32599"", ""maxKeepAliveRequests"": ""4975"", ""maxParameterCount"": ""59690"", ""maxSwallowSize"": ""14316475"", ""maxThreads"": ""175"", ""minSpareThreads"": ""894"", ""processorCache"": ""191"", ""tcpNoDelay"": ""TRUE"", ""threadPriority"": ""7"", ""threadsMaxIdleTime"": ""583704"", ""throughput__2"": ""2158.54"", ""useAsyncIO"": ""FALSE"", ""useVirtualThreads"": ""FALSE""}"
tomcat,tpe,3303,plain,false,179,2136.43,26.08,2136.43,10.046139478683472,"[8, 50, 10, False]",0.0,10.046054124832153,0.0,"{""acceptCount"": ""178"", ""allowBackslash"": ""FALSE"", ""compression"": ""force"", ""compressionMinSize"": ""1544"", ""connectionTimeout"": ""216096"", ""connectionUploadTimeout"": ""91729"", ""disableUploadTimeout"": ""FALSE"", ""executorTerminationTimeoutMillis"": ""445508"", ""keepAliveTimeout"": ""361939"", ""maxConnections"": ""9071"", ""maxHeaderCount"": ""241"", ""maxHttpHeaderSize"": ""64032"", ""maxHttpRequestHeaderSize"": ""4219"", ""maxHttpResponseHeaderSize"": ""7362"", ""maxKeepAliveRequests"": ""1912"", ""maxParameterCount"": ""81864"", ""maxSwallowSize"": ""10635377"", ""maxThreads"": ""157"", ""minSpareThreads"": ""463"", ""processorCache"": ""83"", ""tcpNoDelay"": ""TRUE"", ""threadPriority"": ""3"", ""threadsMaxIdleTime"": ""488578"", ""throughput__2"": ""2136.43"", ""useAsyncIO"": ""TRUE"", ""useVirtualThreads"": ""FALSE""}"
tomcat,tpe,3303,plain,false,180,2105.67,25.24,2105.67,10.049632787704468,"[8, 50, 10, False]",0.0,10.049544334411621,0.0,"{""acceptCount"": ""576"", ""allowBackslash"": ""FALSE"", ""compression"": ""force"", ""compressionMinSize"": ""10110"", ""connectionTimeout"": ""44412"", ""connectionUploadTimeout"": ""51474"", ""disableUploadTimeout"": ""TRUE"", ""executorTerminationTimeoutMillis"": ""558567"", ""keepAliveTimeout"": ""195"", ""maxConnections"": ""6615"", ""maxHeaderCount"": ""817"", ""maxHttpHeaderSize"": ""53657"", ""maxHttpRequestHeaderSize"": ""21534"", ""maxHttpResponseHeaderSize"": ""35212"", ""maxKeepAliveRequests"": ""3352"", ""maxParameterCount"": ""35531"", ""maxSwallowSize"": ""15008735"", ""maxThreads"": ""147"", ""minSpareThreads"": ""803"", ""processorCache"": ""242"", ""tcpNoDelay"": ""FALSE"", ""threadPriority"": ""5"", ""threadsMaxIdleTime"": ""108364"", ""throughput__2"": ""2105.67"", ""useAsyncIO"": ""FALSE"", ""useVirtualThreads"": ""FALSE""}"
tomcat,tpe,3303,plain,false,181,2174.09,26.42,2174.09,10.05019235610962,"[8, 50, 10, False]",0.0,10.0501070022583,0.0,"{""acceptCount"": ""67"", ""allowBackslash"": ""TRUE"", ""compression"": ""force"", ""compressionMinSize"": ""3797"", ""connectionTimeout"": ""152353"", ""connectionUploadTimeout"": ""592426"", ""disableUploadTimeout"": ""FALSE"", ""executorTerminationTimeoutMillis"": ""238091"", ""keepAliveTimeout"": ""440717"", ""maxConnections"": ""13554"", ""maxHeaderCount"": ""334"", ""maxHttpHeaderSize"": ""20907"", ""maxHttpRequestHeaderSize"": ""62243"", ""maxHttpResponseHeaderSize"": ""17048"", ""maxKeepAliveRequests"": ""4432"", ""maxParameterCount"": ""6464"", ""maxSwallowSize"": ""17545771"", ""maxThreads"": ""390"", ""minSpareThreads"": ""968"", ""processorCache"": ""150"", ""tcpNoDelay"": ""FALSE"", ""threadPriority"": ""9"", ""threadsMaxIdleTime"": ""591339"", ""throughput__2"": ""2174.09"", ""useAsyncIO"": ""FALSE"", ""useVirtualThreads"": ""FALSE""}"
tomcat,tpe,3303,plain,false,182,2184.36,23.05,2184.36,10.047414302825928,"[8, 50, 10, False]",0.0,10.04732894897461,0.0,"{""acceptCount"": ""819"", ""allowBackslash"": ""TRUE"", ""compression"": ""force"", ""compressionMinSize"": ""8562"", ""connectionTimeout"": ""315142"", ""connectionUploadTimeout"": ""39158"", ""disableUploadTimeout"": ""FALSE"", ""executorTerminationTimeoutMillis"": ""30758"", ""keepAliveTimeout"": ""517754"", ""maxConnections"": ""10381"", ""maxHeaderCount"": ""77"", ""maxHttpHeaderSize"": ""11238"", ""maxHttpRequestHeaderSize"": ""24980"", ""maxHttpResponseHeaderSize"": ""581"", ""maxKeepAliveRequests"": ""2004"", ""maxParameterCount"": ""9546"", ""maxSwallowSize"": ""7580242"", ""maxThreads"": ""315"", ""minSpareThreads"": ""716"", ""processorCache"": ""23"", ""tcpNoDelay"": ""FALSE"", ""threadPriority"": ""9"", ""threadsMaxIdleTime"": ""578294"", ""throughput__2"": ""2184.36"", ""useAsyncIO"": ""FALSE"", ""useVirtualThreads"": ""TRUE""}"
tomcat,tpe,3303,plain,false,183,2384.4,24.62,2384.4,10.095645189285278,"[8, 50, 10, False]",0.0,10.095559120178223,0.0,"{""acceptCount"": ""904"", ""allowBackslash"": ""FALSE"", ""compression"": ""force"", ""compressionMinSize"": ""4091"", ""connectionTimeout"": ""120477"", ""connectionUploadTimeout"": ""221133"", ""disableUploadTimeout"": ""FALSE"", ""executorTerminationTimeoutMillis"": ""365291"", ""keepAliveTimeout"": ""364160"", ""maxConnections"": ""5709"", ""maxHeaderCount"": ""783"", ""maxHttpHeaderSize"": ""39806"", ""maxHttpRequestHeaderSize"": ""2575"", ""maxHttpResponseHeaderSize"": ""49397"", ""maxKeepAliveRequests"": ""67"", ""maxParameterCount"": ""57955"", ""maxSwallowSize"": ""14472630"", ""maxThreads"": ""283"", ""minSpareThreads"": ""442"", ""processorCache"": ""236"", ""tcpNoDelay"": ""TRUE"", ""threadPriority"": ""4"", ""threadsMaxIdleTime"": ""501976"", ""throughput__2"": ""2384.4"", ""useAsyncIO"": ""FALSE"", ""useVirtualThreads"": ""FALSE""}"
tomcat,tpe,3303,plain,false,184,2109.63,28.12,2109.63,10.055457830429077,"[8, 50, 10, False]",0.0,10.055367231369019,0.0,"{""acceptCount"": ""955"", ""allowBackslash"": ""FALSE"", ""compression"": ""on"", ""compressionMinSize"": ""9542"", ""connectionTimeout"": ""14438"", ""connectionUploadTimeout"": ""259688"", ""disableUploadTimeout"": ""FALSE"", ""executorTerminationTimeoutMillis"": ""17519"", ""keepAliveTimeout"": ""130034"", ""maxConnections"": ""2670"", ""maxHeaderCount"": ""823"", ""maxHttpHeaderSize"": ""41516"", ""maxHttpRequestHeaderSize"": ""38947"", ""maxHttpResponseHeaderSize"": ""64371"", ""maxKeepAliveRequests"": ""3083"", ""maxParameterCount"": ""12372"", ""maxSwallowSize"": ""19676205"", ""maxThreads"": ""321"", ""minSpareThreads"": ""697"", ""processorCache"": ""256"", ""tcpNoDelay"": ""TRUE"", ""threadPriority"": ""1"", ""threadsMaxIdleTime"": ""244543"", ""throughput__2"": ""2109.63"", ""useAsyncIO"": ""TRUE"", ""useVirtualThreads"": ""FALSE""}"
tomcat,tpe,3303,plain,false,185,2351.04,21.03,2351.04,10.036654472351074,"[8, 50, 10, False]",0.0,10.03656554222107,0.0,"{""acceptCount"": ""377"", ""allowBackslash"": ""FALSE"", ""compression"": ""on"", ""compressionMinSize"": ""6027"", ""connectionTimeout"": ""108256"", ""connectionUploadTimeout"": ""132945"", ""disableUploadTimeout"": ""FALSE"", ""executorTerminationTimeoutMillis"": ""460733"", ""keepAliveTimeout"": ""280292"", ""maxConnections"": ""7076"", ""maxHeaderCount"": ""908"", ""maxHttpHeaderSize"": ""50604"", ""maxHttpRequestHeaderSize"": ""26837"", ""maxHttpResponseHeaderSize"": ""3943"", ""maxKeepAliveRequests"": ""2830"", ""maxParameterCount"": ""425"", ""maxSwallowSize"": ""18719504"", ""maxThreads"": ""7"", ""minSpareThreads"": ""107"", ""processorCache"": ""345"", ""tcpNoDelay"": ""TRUE"", ""threadPriority"": ""1"", ""threadsMaxIdleTime"": ""152591"", ""throughput__2"": ""2351.04"", ""useAsyncIO"": ""TRUE"", ""useVirtualThreads"": ""FALSE""}"
tomcat,tpe,3303,plain,false,186,2430.07,24.38,2430.07,10.050634384155273,"[8, 50, 10, False]",0.0,10.050548791885376,0.0,"{""acceptCount"": ""831"", ""allowBackslash"": ""FALSE"", ""compression"": ""on"", ""compressionMinSize"": ""6662"", ""connectionTimeout"": ""105075"", ""connectionUploadTimeout"": ""9011"", ""disableUploadTimeout"": ""FALSE"", ""executorTerminationTimeoutMillis"": ""344047"", ""keepAliveTimeout"": ""295399"", ""maxConnections"": ""5176"", ""maxHeaderCount"": ""281"", ""maxHttpHeaderSize"": ""51318"", ""maxHttpRequestHeaderSize"": ""38621"", ""maxHttpResponseHeaderSize"": ""15091"", ""maxKeepAliveRequests"": ""2063"", ""maxParameterCount"": ""2564"", ""maxSwallowSize"": ""17608528"", ""maxThreads"": ""156"", ""minSpareThreads"": ""248"", ""processorCache"": ""186"", ""tcpNoDelay"": ""FALSE"", ""threadPriority"": ""5"", ""threadsMaxIdleTime"": ""561233"", ""throughput__2"": ""2430.07"", ""useAsyncIO"": ""FALSE"", ""useVirtualThreads"": ""FALSE""}"
tomcat,tpe,3303,plain,false,187,1973.75,35.71,1973.75,10.063544034957886,"[8, 50, 10, False]",0.0,10.063457727432251,0.0,"{""acceptCount"": ""207"", ""allowBackslash"": ""TRUE"", ""compression"": ""off"", ""compressionMinSize"": ""9718"", ""connectionTimeout"": ""445407"", ""connectionUploadTimeout"": ""293568"", ""disableUploadTimeout"": ""FALSE"", ""executorTerminationTimeoutMillis"": ""489316"", ""keepAliveTimeout"": ""204972"", ""maxConnections"": ""4218"", ""maxHeaderCount"": ""224"", ""maxHttpHeaderSize"": ""46961"", ""maxHttpRequestHeaderSize"": ""2064"", ""maxHttpResponseHeaderSize"": ""29358"", ""maxKeepAliveRequests"": ""1614"", ""maxParameterCount"": ""24379"", ""maxSwallowSize"": ""7093657"", ""maxThreads"": ""125"", ""minSpareThreads"": ""21"", ""processorCache"": ""0"", ""tcpNoDelay"": ""TRUE"", ""threadPriority"": ""5"", ""threadsMaxIdleTime"": ""314076"", ""throughput__2"": ""1973.75"", ""useAsyncIO"": ""TRUE"", ""useVirtualThreads"": ""FALSE""}"
tomcat,tpe,3303,plain,false,188,2110.29,25.9,2110.29,10.062653541564941,"[8, 50, 10, False]",0.0,10.062565326690674,0.0,"{""acceptCount"": ""652"", ""allowBackslash"": ""TRUE"", ""compression"": ""on"", ""compressionMinSize"": ""7317"", ""connectionTimeout"": ""356974"", ""connectionUploadTimeout"": ""428905"", ""disableUploadTimeout"": ""TRUE"", ""executorTerminationTimeoutMillis"": ""52971"", ""keepAliveTimeout"": ""300488"", ""maxConnections"": ""13801"", ""maxHeaderCount"": ""695"", ""maxHttpHeaderSize"": ""18149"", ""maxHttpRequestHeaderSize"": ""17402"", ""maxHttpResponseHeaderSize"": ""31852"", ""maxKeepAliveRequests"": ""4788"", ""maxParameterCount"": ""35712"", ""maxSwallowSize"": ""15799929"", ""maxThreads"": ""201"", ""minSpareThreads"": ""999"", ""processorCache"": ""8"", ""tcpNoDelay"": ""TRUE"", ""threadPriority"": ""5"", ""threadsMaxIdleTime"": ""34198"", ""throughput__2"": ""2110.29"", ""useAsyncIO"": ""FALSE"", ""useVirtualThreads"": ""FALSE""}"
tomcat,tpe,3303,plain,false,189,2218.49,23.48,2218.49,10.052142143249512,"[8, 50, 10, False]",0.0,10.052056074142456,0.0,"{""acceptCount"": ""498"", ""allowBackslash"": ""FALSE"", ""compression"": ""force"", ""compressionMinSize"": ""4902"", ""connectionTimeout"": ""287464"", ""connectionUploadTimeout"": ""111308"", ""disableUploadTimeout"": ""FALSE"", ""executorTerminationTimeoutMillis"": ""186760"", ""keepAliveTimeout"": ""346698"", ""maxConnections"": ""2335"", ""maxHeaderCount"": ""182"", ""maxHttpHeaderSize"": ""8082"", ""maxHttpRequestHeaderSize"": ""40192"", ""maxHttpResponseHeaderSize"": ""23622"", ""maxKeepAliveRequests"": ""4814"", ""maxParameterCount"": ""59451"", ""maxSwallowSize"": ""1374212"", ""maxThreads"": ""26"", ""minSpareThreads"": ""237"", ""processorCache"": ""303"", ""tcpNoDelay"": ""TRUE"", ""threadPriority"": ""6"", ""threadsMaxIdleTime"": ""570305"", ""throughput__2"": ""2218.49"", ""useAsyncIO"": ""FALSE"", ""useVirtualThreads"": ""FALSE""}"
tomcat,tpe,3303,plain,false,190,2177.1,28.02,2177.1,10.052592277526855,"[8, 50, 10, False]",0.0,10.052045583724976,0.0,"{""acceptCount"": ""400"", ""allowBackslash"": ""TRUE"", ""compression"": ""off"", ""compressionMinSize"": ""17"", ""connectionTimeout"": ""417310"", ""connectionUploadTimeout"": ""154811"", ""disableUploadTimeout"": ""FALSE"", ""executorTerminationTimeoutMillis"": ""337988"", ""keepAliveTimeout"": ""517578"", ""maxConnections"": ""13659"", ""maxHeaderCount"": ""219"", ""maxHttpHeaderSize"": ""10849"", ""maxHttpRequestHeaderSize"": ""46757"", ""maxHttpResponseHeaderSize"": ""27942"", ""maxKeepAliveRequests"": ""4619"", ""maxParameterCount"": ""63157"", ""maxSwallowSize"": ""4655562"", ""maxThreads"": ""279"", ""minSpareThreads"": ""531"", ""processorCache"": ""65"", ""tcpNoDelay"": ""TRUE"", ""threadPriority"": ""4"", ""threadsMaxIdleTime"": ""443085"", ""throughput__2"": ""2177.1"", ""useAsyncIO"": ""FALSE"", ""useVirtualThreads"": ""FALSE""}"
tomcat,tpe,3303,plain,false,191,2234.22,26.77,2234.22,10.050656795501709,"[8, 50, 10, False]",0.0,10.050565481185913,0.0,"{""acceptCount"": ""607"", ""allowBackslash"": ""TRUE"", ""compression"": ""force"", ""compressionMinSize"": ""1658"", ""connectionTimeout"": ""268071"", ""connectionUploadTimeout"": ""149911"", ""disableUploadTimeout"": ""FALSE"", ""executorTerminationTimeoutMillis"": ""343095"", ""keepAliveTimeout"": ""342045"", ""maxConnections"": ""3416"", ""maxHeaderCount"": ""747"", ""maxHttpHeaderSize"": ""6292"", ""maxHttpRequestHeaderSize"": ""17425"", ""maxHttpResponseHeaderSize"": ""63881"", ""maxKeepAliveRequests"": ""3632"", ""maxParameterCount"": ""67395"", ""maxSwallowSize"": ""11716686"", ""maxThreads"": ""160"", ""minSpareThreads"": ""68"", ""processorCache"": ""278"", ""tcpNoDelay"": ""FALSE"", ""threadPriority"": ""8"", ""threadsMaxIdleTime"": ""80306"", ""throughput__2"": ""2234.22"", ""useAsyncIO"": ""FALSE"", ""useVirtualThreads"": ""FALSE""}"
tomcat,tpe,3303,plain,false,192,2455.4,24.25,2455.4,10.034050226211548,"[8, 50, 10, False]",0.0,10.03396463394165,0.0,"{""acceptCount"": ""531"", ""allowBackslash"": ""FALSE"", ""compression"": ""on"", ""compressionMinSize"": ""5181"", ""connectionTimeout"": ""397458"", ""connectionUploadTimeout"": ""32080"", ""disableUploadTimeout"": ""FALSE"", ""executorTerminationTimeoutMillis"": ""561500"", ""keepAliveTimeout"": ""91580"", ""maxConnections"": ""7065"", ""maxHeaderCount"": ""756"", ""maxHttpHeaderSize"": ""33947"", ""maxHttpRequestHeaderSize"": ""19055"", ""maxHttpResponseHeaderSize"": ""40147"", ""maxKeepAliveRequests"": ""200"", ""maxParameterCount"": ""7521"", ""maxSwallowSize"": ""5801863"", ""maxThreads"": ""118"", ""minSpareThreads"": ""735"", ""processorCache"": ""164"", ""tcpNoDelay"": ""TRUE"", ""threadPriority"": ""10"", ""threadsMaxIdleTime"": ""211411"", ""throughput__2"": ""2455.4"", ""useAsyncIO"": ""TRUE"", ""useVirtualThreads"": ""FALSE""}"
tomcat,tpe,3303,plain,false,193,2264.92,26.0,2264.92,10.039020299911499,"[8, 50, 10, False]",0.0,10.038937091827393,0.0,"{""acceptCount"": ""843"", ""allowBackslash"": ""TRUE"", ""compression"": ""on"", ""compressionMinSize"": ""4072"", ""connectionTimeout"": ""160206"", ""connectionUploadTimeout"": ""302037"", ""disableUploadTimeout"": ""FALSE"", ""executorTerminationTimeoutMillis"": ""280169"", ""keepAliveTimeout"": ""550480"", ""maxConnections"": ""7084"", ""maxHeaderCount"": ""737"", ""maxHttpHeaderSize"": ""8052"", ""maxHttpRequestHeaderSize"": ""40175"", ""maxHttpResponseHeaderSize"": ""647"", ""maxKeepAliveRequests"": ""4686"", ""maxParameterCount"": ""46806"", ""maxSwallowSize"": ""16274821"", ""maxThreads"": ""238"", ""minSpareThreads"": ""296"", ""processorCache"": ""42"", ""tcpNoDelay"": ""FALSE"", ""threadPriority"": ""7"", ""threadsMaxIdleTime"": ""562549"", ""throughput__2"": ""2264.92"", ""useAsyncIO"": ""FALSE"", ""useVirtualThreads"": ""FALSE""}"
tomcat,tpe,3303,plain,false,194,2270.81,22.47,2270.81,10.059926509857178,"[8, 50, 10, False]",0.0,10.05978274345398,0.0,"{""acceptCount"": ""110"", ""allowBackslash"": ""TRUE"", ""compression"": ""off"", ""compressionMinSize"": ""6645"", ""connectionTimeout"": ""437186"", ""connectionUploadTimeout"": ""235482"", ""disableUploadTimeout"": ""FALSE"", ""executorTerminationTimeoutMillis"": ""421075"", ""keepAliveTimeout"": ""463144"", ""maxConnections"": ""3079"", ""maxHeaderCount"": ""344"", ""maxHttpHeaderSize"": ""36115"", ""maxHttpRequestHeaderSize"": ""49593"", ""maxHttpResponseHeaderSize"": ""30542"", ""maxKeepAliveRequests"": ""2706"", ""maxParameterCount"": ""99479"", ""maxSwallowSize"": ""19119020"", ""maxThreads"": ""303"", ""minSpareThreads"": ""480"", ""processorCache"": ""11"", ""tcpNoDelay"": ""TRUE"", ""threadPriority"": ""9"", ""threadsMaxIdleTime"": ""418805"", ""throughput__2"": ""2270.81"", ""useAsyncIO"": ""TRUE"", ""useVirtualThreads"": ""TRUE""}"
tomcat,tpe,3303,plain,false,195,1937.88,25.59,1937.88,10.055142164230347,"[8, 50, 10, False]",0.0,10.055055141448975,0.0,"{""acceptCount"": ""745"", ""allowBackslash"": ""TRUE"", ""compression"": ""force"", ""compressionMinSize"": ""9360"", ""connectionTimeout"": ""381576"", ""connectionUploadTimeout"": ""368447"", ""disableUploadTimeout"": ""FALSE"", ""executorTerminationTimeoutMillis"": ""196595"", ""keepAliveTimeout"": ""92084"", ""maxConnections"": ""5025"", ""maxHeaderCount"": ""305"", ""maxHttpHeaderSize"": ""35001"", ""maxHttpRequestHeaderSize"": ""31677"", ""maxHttpResponseHeaderSize"": ""60855"", ""maxKeepAliveRequests"": ""27"", ""maxParameterCount"": ""75813"", ""maxSwallowSize"": ""17920000"", ""maxThreads"": ""3"", ""minSpareThreads"": ""706"", ""processorCache"": ""38"", ""tcpNoDelay"": ""TRUE"", ""threadPriority"": ""10"", ""threadsMaxIdleTime"": ""300712"", ""throughput__2"": ""1937.88"", ""useAsyncIO"": ""TRUE"", ""useVirtualThreads"": ""FALSE""}"
tomcat,tpe,3303,plain,false,196,2189.71,25.38,2189.71,10.058131694793701,"[8, 50, 10, False]",0.0,10.058045148849487,0.0,"{""acceptCount"": ""781"", ""allowBackslash"": ""FALSE"", ""compression"": ""force"", ""compressionMinSize"": ""1535"", ""connectionTimeout"": ""71108"", ""connectionUploadTimeout"": ""175287"", ""disableUploadTimeout"": ""FALSE"", ""executorTerminationTimeoutMillis"": ""131274"", ""keepAliveTimeout"": ""396380"", ""maxConnections"": ""8318"", ""maxHeaderCount"": ""368"", ""maxHttpHeaderSize"": ""55068"", ""maxHttpRequestHeaderSize"": ""55196"", ""maxHttpResponseHeaderSize"": ""1330"", ""maxKeepAliveRequests"": ""1437"", ""maxParameterCount"": ""9356"", ""maxSwallowSize"": ""9969661"", ""maxThreads"": ""42"", ""minSpareThreads"": ""725"", ""processorCache"": ""324"", ""tcpNoDelay"": ""FALSE"", ""threadPriority"": ""7"", ""threadsMaxIdleTime"": ""241594"", ""throughput__2"": ""2189.71"", ""useAsyncIO"": ""FALSE"", ""useVirtualThreads"": ""FALSE""}"
tomcat,tpe,3303,plain,false,197,2221.87,24.8,2221.87,10.045118570327759,"[8, 50, 10, False]",0.0,10.045033931732178,0.0,"{""acceptCount"": ""285"", ""allowBackslash"": ""FALSE"", ""compression"": ""off"", ""compressionMinSize"": ""7898"", ""connectionTimeout"": ""555435"", ""connectionUploadTimeout"": ""338272"", ""disableUploadTimeout"": ""FALSE"", ""executorTerminationTimeoutMillis"": ""182458"", ""keepAliveTimeout"": ""77456"", ""maxConnections"": ""11643"", ""maxHeaderCount"": ""382"", ""maxHttpHeaderSize"": ""54932"", ""maxHttpRequestHeaderSize"": ""21915"", ""maxHttpResponseHeaderSize"": ""26671"", ""maxKeepAliveRequests"": ""423"", ""maxParameterCount"": ""87496"", ""maxSwallowSize"": ""2381828"", ""maxThreads"": ""156"", ""minSpareThreads"": ""459"", ""processorCache"": ""53"", ""tcpNoDelay"": ""TRUE"", ""threadPriority"": ""9"", ""threadsMaxIdleTime"": ""533840"", ""throughput__2"": ""2221.87"", ""useAsyncIO"": ""FALSE"", ""useVirtualThreads"": ""FALSE""}"
tomcat,tpe,3303,plain,false,198,2448.97,26.73,2448.97,10.031092166900635,"[8, 50, 10, False]",0.0,10.031010150909424,0.0,"{""acceptCount"": ""515"", ""allowBackslash"": ""FALSE"", ""compression"": ""on"", ""compressionMinSize"": ""6198"", ""connectionTimeout"": ""398472"", ""connectionUploadTimeout"": ""257163"", ""disableUploadTimeout"": ""FALSE"", ""executorTerminationTimeoutMillis"": ""268238"", ""keepAliveTimeout"": ""498114"", ""maxConnections"": ""1985"", ""maxHeaderCount"": ""25"", ""maxHttpHeaderSize"": ""45134"", ""maxHttpRequestHeaderSize"": ""32386"", ""maxHttpResponseHeaderSize"": ""60288"", ""maxKeepAliveRequests"": ""1006"", ""maxParameterCount"": ""88707"", ""maxSwallowSize"": ""6688553"", ""maxThreads"": ""206"", ""minSpareThreads"": ""610"", ""processorCache"": ""165"", ""tcpNoDelay"": ""TRUE"", ""threadPriority"": ""2"", ""threadsMaxIdleTime"": ""173472"", ""throughput__2"": ""2448.97"", ""useAsyncIO"": ""TRUE"", ""useVirtualThreads"": ""FALSE""}"
tomcat,tpe,3303,plain,false,199,2406.21,26.0,2406.21,10.035988807678223,"[8, 50, 10, False]",0.0,10.035901308059692,0.0,"{""acceptCount"": ""358"", ""allowBackslash"": ""FALSE"", ""compression"": ""on"", ""compressionMinSize"": ""7127"", ""connectionTimeout"": ""498157"", ""connectionUploadTimeout"": ""71835"", ""disableUploadTimeout"": ""FALSE"", ""executorTerminationTimeoutMillis"": ""393883"", ""keepAliveTimeout"": ""315884"", ""maxConnections"": ""10423"", ""maxHeaderCount"": ""526"", ""maxHttpHeaderSize"": ""18387"", ""maxHttpRequestHeaderSize"": ""13400"", ""maxHttpResponseHeaderSize"": ""16846"", ""maxKeepAliveRequests"": ""1506"", ""maxParameterCount"": ""40485"", ""maxSwallowSize"": ""18937072"", ""maxThreads"": ""313"", ""minSpareThreads"": ""796"", ""processorCache"": ""113"", ""tcpNoDelay"": ""TRUE"", ""threadPriority"": ""10"", ""threadsMaxIdleTime"": ""376221"", ""throughput__2"": ""2406.21"", ""useAsyncIO"": ""TRUE"", ""useVirtualThreads"": ""FALSE""}"
tomcat,tpe,3303,plain,false,200,2314.46,26.44,2314.46,10.056018829345703,"[8, 50, 10, False]",0.0,10.055920124053955,0.0,"{""acceptCount"": ""17"", ""allowBackslash"": ""FALSE"", ""compression"": ""on"", ""compressionMinSize"": ""5428"", ""connectionTimeout"": ""340066"", ""connectionUploadTimeout"": ""21773"", ""disableUploadTimeout"": ""FALSE"", ""executorTerminationTimeoutMillis"": ""291907"", ""keepAliveTimeout"": ""181121"", ""maxConnections"": ""8234"", ""maxHeaderCount"": ""971"", ""maxHttpHeaderSize"": ""22135"", ""maxHttpRequestHeaderSize"": ""10974"", ""maxHttpResponseHeaderSize"": ""59232"", ""maxKeepAliveRequests"": ""101"", ""maxParameterCount"": ""2235"", ""maxSwallowSize"": ""14032933"", ""maxThreads"": ""1"", ""minSpareThreads"": ""972"", ""processorCache"": ""185"", ""tcpNoDelay"": ""TRUE"", ""threadPriority"": ""6"", ""threadsMaxIdleTime"": ""502596"", ""throughput__2"": ""2314.46"", ""useAsyncIO"": ""TRUE"", ""useVirtualThreads"": ""TRUE""}"
tomcat,tpe,3304,plain,false,1,2200.26,23.27,2200.26,10.041613578796387,"[8, 50, 10, False]",0.0,10.040763139724731,0.0,"{""acceptCount"": ""779"", ""allowBackslash"": ""FALSE"", ""compression"": ""on"", ""compressionMinSize"": ""1913"", ""connectionTimeout"": ""190180"", ""connectionUploadTimeout"": ""363401"", ""disableUploadTimeout"": ""TRUE"", ""executorTerminationTimeoutMillis"": ""52505"", ""keepAliveTimeout"": ""501841"", ""maxConnections"": ""6294"", ""maxHeaderCount"": ""630"", ""maxHttpHeaderSize"": ""8305"", ""maxHttpRequestHeaderSize"": ""36856"", ""maxHttpResponseHeaderSize"": ""13851"", ""maxKeepAliveRequests"": ""2591"", ""maxParameterCount"": ""44386"", ""maxSwallowSize"": ""6635511"", ""maxThreads"": ""266"", ""minSpareThreads"": ""410"", ""processorCache"": ""252"", ""tcpNoDelay"": ""TRUE"", ""threadPriority"": ""3"", ""threadsMaxIdleTime"": ""599802"", ""throughput__2"": ""2200.26"", ""useAsyncIO"": ""TRUE"", ""useVirtualThreads"": ""TRUE""}"
tomcat,tpe,3304,plain,false,2,2148.04,23.41,2148.04,10.050041913986206,"[8, 50, 10, False]",0.0,10.04996132850647,0.0,"{""acceptCount"": ""133"", ""allowBackslash"": ""FALSE"", ""compression"": ""off"", ""compressionMinSize"": ""6012"", ""connectionTimeout"": ""53367"", ""connectionUploadTimeout"": ""49267"", ""disableUploadTimeout"": ""TRUE"", ""executorTerminationTimeoutMillis"": ""150570"", ""keepAliveTimeout"": ""126587"", ""maxConnections"": ""11308"", ""maxHeaderCount"": ""643"", ""maxHttpHeaderSize"": ""6466"", ""maxHttpRequestHeaderSize"": ""17062"", ""maxHttpResponseHeaderSize"": ""63463"", ""maxKeepAliveRequests"": ""2481"", ""maxParameterCount"": ""75771"", ""maxSwallowSize"": ""7814675"", ""maxThreads"": ""130"", ""minSpareThreads"": ""703"", ""processorCache"": ""151"", ""tcpNoDelay"": ""TRUE"", ""threadPriority"": ""8"", ""threadsMaxIdleTime"": ""547360"", ""throughput__2"": ""2148.04"", ""useAsyncIO"": ""FALSE"", ""useVirtualThreads"": ""TRUE""}"
tomcat,tpe,3304,plain,false,3,2309.49,27.09,2309.49,10.040839433670044,"[8, 50, 10, False]",0.0,10.040749073028564,0.0,"{""acceptCount"": ""810"", ""allowBackslash"": ""FALSE"", ""compression"": ""on"", ""compressionMinSize"": ""2270"", ""connectionTimeout"": ""520478"", ""connectionUploadTimeout"": ""528167"", ""disableUploadTimeout"": ""FALSE"", ""executorTerminationTimeoutMillis"": ""307411"", ""keepAliveTimeout"": ""306783"", ""maxConnections"": ""6185"", ""maxHeaderCount"": ""841"", ""maxHttpHeaderSize"": ""3193"", ""maxHttpRequestHeaderSize"": ""34454"", ""maxHttpResponseHeaderSize"": ""53964"", ""maxKeepAliveRequests"": ""4330"", ""maxParameterCount"": ""62606"", ""maxSwallowSize"": ""281393"", ""maxThreads"": ""292"", ""minSpareThreads"": ""608"", ""processorCache"": ""238"", ""tcpNoDelay"": ""TRUE"", ""threadPriority"": ""3"", ""threadsMaxIdleTime"": ""369734"", ""throughput__2"": ""2309.49"", ""useAsyncIO"": ""FALSE"", ""useVirtualThreads"": ""FALSE""}"
tomcat,tpe,3304,plain,false,4,2320.28,24.88,2320.28,10.023648977279663,"[8, 50, 10, False]",0.0,10.023559331893921,0.0,"{""acceptCount"": ""771"", ""allowBackslash"": ""TRUE"", ""compression"": ""off"", ""compressionMinSize"": ""3501"", ""connectionTimeout"": ""323960"", ""connectionUploadTimeout"": ""178814"", ""disableUploadTimeout"": ""TRUE"", ""executorTerminationTimeoutMillis"": ""109900"", ""keepAliveTimeout"": ""448298"", ""maxConnections"": ""13418"", ""maxHeaderCount"": ""143"", ""maxHttpHeaderSize"": ""1946"", ""maxHttpRequestHeaderSize"": ""22589"", ""maxHttpResponseHeaderSize"": ""9283"", ""maxKeepAliveRequests"": ""3638"", ""maxParameterCount"": ""6182"", ""maxSwallowSize"": ""19584111"", ""maxThreads"": ""29"", ""minSpareThreads"": ""532"", ""processorCache"": ""141"", ""tcpNoDelay"": ""TRUE"", ""threadPriority"": ""10"", ""threadsMaxIdleTime"": ""163794"", ""throughput__2"": ""2320.28"", ""useAsyncIO"": ""TRUE"", ""useVirtualThreads"": ""FALSE""}"
tomcat,tpe,3304,plain,false,5,2343.05,27.17,2343.05,10.03284502029419,"[8, 50, 10, False]",0.0,10.03276538848877,0.0,"{""acceptCount"": ""515"", ""allowBackslash"": ""FALSE"", ""compression"": ""on"", ""compressionMinSize"": ""4066"", ""connectionTimeout"": ""15215"", ""connectionUploadTimeout"": ""382605"", ""disableUploadTimeout"": ""TRUE"", ""executorTerminationTimeoutMillis"": ""19590"", ""keepAliveTimeout"": ""459659"", ""maxConnections"": ""5954"", ""maxHeaderCount"": ""120"", ""maxHttpHeaderSize"": ""38376"", ""maxHttpRequestHeaderSize"": ""44162"", ""maxHttpResponseHeaderSize"": ""9643"", ""maxKeepAliveRequests"": ""2941"", ""maxParameterCount"": ""67663"", ""maxSwallowSize"": ""7200448"", ""maxThreads"": ""253"", ""minSpareThreads"": ""425"", ""processorCache"": ""358"", ""tcpNoDelay"": ""TRUE"", ""threadPriority"": ""8"", ""threadsMaxIdleTime"": ""97616"", ""throughput__2"": ""2343.05"", ""useAsyncIO"": ""FALSE"", ""useVirtualThreads"": ""FALSE""}"
tomcat,tpe,3304,plain,false,6,2077.77,29.53,2077.77,10.057118892669678,"[8, 50, 10, False]",0.0,10.057031154632568,0.0,"{""acceptCount"": ""609"", ""allowBackslash"": ""FALSE"", ""compression"": ""force"", ""compressionMinSize"": ""6903"", ""connectionTimeout"": ""479797"", ""connectionUploadTimeout"": ""328682"", ""disableUploadTimeout"": ""FALSE"", ""executorTerminationTimeoutMillis"": ""151070"", ""keepAliveTimeout"": ""151771"", ""maxConnections"": ""16441"", ""maxHeaderCount"": ""671"", ""maxHttpHeaderSize"": ""42447"", ""maxHttpRequestHeaderSize"": ""7399"", ""maxHttpResponseHeaderSize"": ""55627"", ""maxKeepAliveRequests"": ""1708"", ""maxParameterCount"": ""92877"", ""maxSwallowSize"": ""18173973"", ""maxThreads"": ""283"", ""minSpareThreads"": ""19"", ""processorCache"": ""82"", ""tcpNoDelay"": ""TRUE"", ""threadPriority"": ""3"", ""threadsMaxIdleTime"": ""583237"", ""throughput__2"": ""2077.77"", ""useAsyncIO"": ""FALSE"", ""useVirtualThreads"": ""FALSE""}"
tomcat,tpe,3304,plain,false,7,2479.7,24.21,2479.7,10.054176330566406,"[8, 50, 10, False]",0.0,10.05409288406372,0.0,"{""acceptCount"": ""506"", ""allowBackslash"": ""FALSE"", ""compression"": ""off"", ""compressionMinSize"": ""440"", ""connectionTimeout"": ""13021"", ""connectionUploadTimeout"": ""185483"", ""disableUploadTimeout"": ""TRUE"", ""executorTerminationTimeoutMillis"": ""458188"", ""keepAliveTimeout"": ""405704"", ""maxConnections"": ""17267"", ""maxHeaderCount"": ""348"", ""maxHttpHeaderSize"": ""44684"", ""maxHttpRequestHeaderSize"": ""64821"", ""maxHttpResponseHeaderSize"": ""2481"", ""maxKeepAliveRequests"": ""4395"", ""maxParameterCount"": ""71088"", ""maxSwallowSize"": ""11065122"", ""maxThreads"": ""172"", ""minSpareThreads"": ""64"", ""processorCache"": ""317"", ""tcpNoDelay"": ""TRUE"", ""threadPriority"": ""4"", ""threadsMaxIdleTime"": ""300498"", ""throughput__2"": ""2479.7"", ""useAsyncIO"": ""FALSE"", ""useVirtualThreads"": ""FALSE""}"
tomcat,tpe,3304,plain,false,8,2405.47,23.58,2405.47,10.02327585220337,"[8, 50, 10, False]",0.0,10.023191690444946,0.0,"{""acceptCount"": ""681"", ""allowBackslash"": ""FALSE"", ""compression"": ""force"", ""compressionMinSize"": ""5013"", ""connectionTimeout"": ""314862"", ""connectionUploadTimeout"": ""382051"", ""disableUploadTimeout"": ""TRUE"", ""executorTerminationTimeoutMillis"": ""365860"", ""keepAliveTimeout"": ""259603"", ""maxConnections"": ""4030"", ""maxHeaderCount"": ""953"", ""maxHttpHeaderSize"": ""35087"", ""maxHttpRequestHeaderSize"": ""16461"", ""maxHttpResponseHeaderSize"": ""47023"", ""maxKeepAliveRequests"": ""568"", ""maxParameterCount"": ""23880"", ""maxSwallowSize"": ""10433258"", ""maxThreads"": ""39"", ""minSpareThreads"": ""986"", ""processorCache"": ""137"", ""tcpNoDelay"": ""TRUE"", ""threadPriority"": ""9"", ""threadsMaxIdleTime"": ""142870"", ""throughput__2"": ""2405.47"", ""useAsyncIO"": ""FALSE"", ""useVirtualThreads"": ""FALSE""}"
tomcat,tpe,3304,plain,false,9,2221.13,22.97,2221.13,10.01902723312378,"[8, 50, 10, False]",0.0,10.018931150436401,0.0,"{""acceptCount"": ""435"", ""allowBackslash"": ""TRUE"", ""compression"": ""off"", ""compressionMinSize"": ""6344"", ""connectionTimeout"": ""178366"", ""connectionUploadTimeout"": ""44900"", ""disableUploadTimeout"": ""TRUE"", ""executorTerminationTimeoutMillis"": ""369570"", ""keepAliveTimeout"": ""223416"", ""maxConnections"": ""1974"", ""maxHeaderCount"": ""537"", ""maxHttpHeaderSize"": ""13868"", ""maxHttpRequestHeaderSize"": ""16030"", ""maxHttpResponseHeaderSize"": ""34954"", ""maxKeepAliveRequests"": ""3090"", ""maxParameterCount"": ""94720"", ""maxSwallowSize"": ""13904705"", ""maxThreads"": ""147"", ""minSpareThreads"": ""210"", ""processorCache"": ""371"", ""tcpNoDelay"": ""TRUE"", ""threadPriority"": ""10"", ""threadsMaxIdleTime"": ""115155"", ""throughput__2"": ""2221.13"", ""useAsyncIO"": ""TRUE"", ""useVirtualThreads"": ""TRUE""}"
tomcat,tpe,3304,plain,false,10,2349.28,27.71,2349.28,10.035546779632568,"[8, 50, 10, False]",0.0,10.035456895828247,0.0,"{""acceptCount"": ""667"", ""allowBackslash"": ""TRUE"", ""compression"": ""on"", ""compressionMinSize"": ""9091"", ""connectionTimeout"": ""312677"", ""connectionUploadTimeout"": ""341705"", ""disableUploadTimeout"": ""FALSE"", ""executorTerminationTimeoutMillis"": ""251902"", ""keepAliveTimeout"": ""125899"", ""maxConnections"": ""9012"", ""maxHeaderCount"": ""180"", ""maxHttpHeaderSize"": ""40505"", ""maxHttpRequestHeaderSize"": ""61666"", ""maxHttpResponseHeaderSize"": ""37787"", ""maxKeepAliveRequests"": ""1939"", ""maxParameterCount"": ""80222"", ""maxSwallowSize"": ""5159725"", ""maxThreads"": ""295"", ""minSpareThreads"": ""423"", ""processorCache"": ""362"", ""tcpNoDelay"": ""FALSE"", ""threadPriority"": ""5"", ""threadsMaxIdleTime"": ""420057"", ""throughput__2"": ""2349.28"", ""useAsyncIO"": ""FALSE"", ""useVirtualThreads"": ""FALSE""}"
tomcat,tpe,3304,plain,false,11,2203.59,27.87,2203.59,10.03269076347351,"[8, 50, 10, False]",0.0,10.032599210739136,0.0,"{""acceptCount"": ""814"", ""allowBackslash"": ""FALSE"", ""compression"": ""on"", ""compressionMinSize"": ""8473"", ""connectionTimeout"": ""457325"", ""connectionUploadTimeout"": ""428942"", ""disableUploadTimeout"": ""TRUE"", ""executorTerminationTimeoutMillis"": ""81339"", ""keepAliveTimeout"": ""34839"", ""maxConnections"": ""3503"", ""maxHeaderCount"": ""412"", ""maxHttpHeaderSize"": ""58387"", ""maxHttpRequestHeaderSize"": ""17971"", ""maxHttpResponseHeaderSize"": ""43634"", ""maxKeepAliveRequests"": ""202"", ""maxParameterCount"": ""7919"", ""maxSwallowSize"": ""5274643"", ""maxThreads"": ""103"", ""minSpareThreads"": ""143"", ""processorCache"": ""226"", ""tcpNoDelay"": ""TRUE"", ""threadPriority"": ""3"", ""threadsMaxIdleTime"": ""469180"", ""throughput__2"": ""2203.59"", ""useAsyncIO"": ""FALSE"", ""useVirtualThreads"": ""FALSE""}"
tomcat,tpe,3304,plain,false,12,2177.43,22.74,2177.43,10.030301809310913,"[8, 50, 10, False]",0.0,10.030208826065063,0.0,"{""acceptCount"": ""547"", ""allowBackslash"": ""TRUE"", ""compression"": ""on"", ""compressionMinSize"": ""2844"", ""connectionTimeout"": ""27389"", ""connectionUploadTimeout"": ""294029"", ""disableUploadTimeout"": ""FALSE"", ""executorTerminationTimeoutMillis"": ""482248"", ""keepAliveTimeout"": ""329993"", ""maxConnections"": ""15348"", ""maxHeaderCount"": ""895"", ""maxHttpHeaderSize"": ""26362"", ""maxHttpRequestHeaderSize"": ""13272"", ""maxHttpResponseHeaderSize"": ""20704"", ""maxKeepAliveRequests"": ""4966"", ""maxParameterCount"": ""81919"", ""maxSwallowSize"": ""1775588"", ""maxThreads"": ""69"", ""minSpareThreads"": ""138"", ""processorCache"": ""224"", ""tcpNoDelay"": ""FALSE"", ""threadPriority"": ""7"", ""threadsMaxIdleTime"": ""212992"", ""throughput__2"": ""2177.43"", ""useAsyncIO"": ""TRUE"", ""useVirtualThreads"": ""TRUE""}"
tomcat,tpe,3304,plain,false,13,2168.11,23.12,2168.11,10.02356767654419,"[8, 50, 10, False]",0.0,10.023475885391235,0.0,"{""acceptCount"": ""368"", ""allowBackslash"": ""TRUE"", ""compression"": ""on"", ""compressionMinSize"": ""3034"", ""connectionTimeout"": ""541331"", ""connectionUploadTimeout"": ""56150"", ""disableUploadTimeout"": ""FALSE"", ""executorTerminationTimeoutMillis"": ""579020"", ""keepAliveTimeout"": ""104714"", ""maxConnections"": ""8569"", ""maxHeaderCount"": ""356"", ""maxHttpHeaderSize"": ""15455"", ""maxHttpRequestHeaderSize"": ""5040"", ""maxHttpResponseHeaderSize"": ""16535"", ""maxKeepAliveRequests"": ""4731"", ""maxParameterCount"": ""89500"", ""maxSwallowSize"": ""11243680"", ""maxThreads"": ""329"", ""minSpareThreads"": ""52"", ""processorCache"": ""214"", ""tcpNoDelay"": ""TRUE"", ""threadPriority"": ""9"", ""threadsMaxIdleTime"": ""405311"", ""throughput__2"": ""2168.11"", ""useAsyncIO"": ""FALSE"", ""useVirtualThreads"": ""TRUE""}"
tomcat,tpe,3304,plain,false,14,2381.19,24.91,2381.19,10.028951406478882,"[8, 50, 10, False]",0.0,10.028866291046143,0.0,"{""acceptCount"": ""637"", ""allowBackslash"": ""FALSE"", ""compression"": ""force"", ""compressionMinSize"": ""10083"", ""connectionTimeout"": ""31979"", ""connectionUploadTimeout"": ""482830"", ""disableUploadTimeout"": ""FALSE"", ""executorTerminationTimeoutMillis"": ""508857"", ""keepAliveTimeout"": ""457816"", ""maxConnections"": ""7538"", ""maxHeaderCount"": ""336"", ""maxHttpHeaderSize"": ""43675"", ""maxHttpRequestHeaderSize"": ""60350"", ""maxHttpResponseHeaderSize"": ""53040"", ""maxKeepAliveRequests"": ""1208"", ""maxParameterCount"": ""30839"", ""maxSwallowSize"": ""502019"", ""maxThreads"": ""340"", ""minSpareThreads"": ""180"", ""processorCache"": ""49"", ""tcpNoDelay"": ""FALSE"", ""threadPriority"": ""5"", ""threadsMaxIdleTime"": ""554544"", ""throughput__2"": ""2381.19"", ""useAsyncIO"": ""TRUE"", ""useVirtualThreads"": ""FALSE""}"
tomcat,tpe,3304,plain,false,15,2189.65,22.84,2189.65,10.028934478759766,"[8, 50, 10, False]",0.0,10.028835535049438,0.0,"{""acceptCount"": ""214"", ""allowBackslash"": ""TRUE"", ""compression"": ""off"", ""compressionMinSize"": ""7618"", ""connectionTimeout"": ""144994"", ""connectionUploadTimeout"": ""343468"", ""disableUploadTimeout"": ""TRUE"", ""executorTerminationTimeoutMillis"": ""206522"", ""keepAliveTimeout"": ""40340"", ""maxConnections"": ""17751"", ""maxHeaderCount"": ""80"", ""maxHttpHeaderSize"": ""12366"", ""maxHttpRequestHeaderSize"": ""53386"", ""maxHttpResponseHeaderSize"": ""64220"", ""maxKeepAliveRequests"": ""3584"", ""maxParameterCount"": ""15678"", ""maxSwallowSize"": ""4375981"", ""maxThreads"": ""52"", ""minSpareThreads"": ""184"", ""processorCache"": ""330"", ""tcpNoDelay"": ""FALSE"", ""threadPriority"": ""8"", ""threadsMaxIdleTime"": ""18897"", ""throughput__2"": ""2189.65"", ""useAsyncIO"": ""TRUE"", ""useVirtualThreads"": ""TRUE""}"
tomcat,tpe,3304,plain,false,16,2250.88,28.5,2250.88,10.040683269500732,"[8, 50, 10, False]",0.0,10.04059100151062,0.0,"{""acceptCount"": ""329"", ""allowBackslash"": ""TRUE"", ""compression"": ""off"", ""compressionMinSize"": ""9117"", ""connectionTimeout"": ""28026"", ""connectionUploadTimeout"": ""360877"", ""disableUploadTimeout"": ""FALSE"", ""executorTerminationTimeoutMillis"": ""267282"", ""keepAliveTimeout"": ""293008"", ""maxConnections"": ""3025"", ""maxHeaderCount"": ""287"", ""maxHttpHeaderSize"": ""34297"", ""maxHttpRequestHeaderSize"": ""24178"", ""maxHttpResponseHeaderSize"": ""64200"", ""maxKeepAliveRequests"": ""3048"", ""maxParameterCount"": ""9795"", ""maxSwallowSize"": ""502296"", ""maxThreads"": ""256"", ""minSpareThreads"": ""540"", ""processorCache"": ""253"", ""tcpNoDelay"": ""FALSE"", ""threadPriority"": ""5"", ""threadsMaxIdleTime"": ""306718"", ""throughput__2"": ""2250.88"", ""useAsyncIO"": ""FALSE"", ""useVirtualThreads"": ""FALSE""}"
tomcat,tpe,3304,plain,false,17,2139.94,23.25,2139.94,10.034865617752075,"[8, 50, 10, False]",0.0,10.034778833389282,0.0,"{""acceptCount"": ""441"", ""allowBackslash"": ""TRUE"", ""compression"": ""force"", ""compressionMinSize"": ""3985"", ""connectionTimeout"": ""204606"", ""connectionUploadTimeout"": ""471499"", ""disableUploadTimeout"": ""FALSE"", ""executorTerminationTimeoutMillis"": ""195785"", ""keepAliveTimeout"": ""506041"", ""maxConnections"": ""19402"", ""maxHeaderCount"": ""219"", ""maxHttpHeaderSize"": ""34426"", ""maxHttpRequestHeaderSize"": ""36175"", ""maxHttpResponseHeaderSize"": ""16770"", ""maxKeepAliveRequests"": ""4376"", ""maxParameterCount"": ""36916"", ""maxSwallowSize"": ""6645941"", ""maxThreads"": ""238"", ""minSpareThreads"": ""953"", ""processorCache"": ""385"", ""tcpNoDelay"": ""TRUE"", ""threadPriority"": ""8"", ""threadsMaxIdleTime"": ""344584"", ""throughput__2"": ""2139.94"", ""useAsyncIO"": ""FALSE"", ""useVirtualThreads"": ""TRUE""}"
tomcat,tpe,3304,plain,false,18,2265.95,22.06,2265.95,10.02354907989502,"[8, 50, 10, False]",0.0,10.023451328277588,0.0,"{""acceptCount"": ""373"", ""allowBackslash"": ""FALSE"", ""compression"": ""on"", ""compressionMinSize"": ""5638"", ""connectionTimeout"": ""316581"", ""connectionUploadTimeout"": ""226226"", ""disableUploadTimeout"": ""FALSE"", ""executorTerminationTimeoutMillis"": ""420859"", ""keepAliveTimeout"": ""149941"", ""maxConnections"": ""13136"", ""maxHeaderCount"": ""911"", ""maxHttpHeaderSize"": ""32399"", ""maxHttpRequestHeaderSize"": ""60143"", ""maxHttpResponseHeaderSize"": ""63278"", ""maxKeepAliveRequests"": ""4282"", ""maxParameterCount"": ""58767"", ""maxSwallowSize"": ""13968011"", ""maxThreads"": ""7"", ""minSpareThreads"": ""528"", ""processorCache"": ""362"", ""tcpNoDelay"": ""FALSE"", ""threadPriority"": ""9"", ""threadsMaxIdleTime"": ""505858"", ""throughput__2"": ""2265.95"", ""useAsyncIO"": ""TRUE"", ""useVirtualThreads"": ""FALSE""}"
tomcat,tpe,3304,plain,false,19,2191.79,22.85,2191.79,10.034330606460571,"[8, 50, 10, False]",0.0,10.034228563308716,0.0,"{""acceptCount"": ""416"", ""allowBackslash"": ""FALSE"", ""compression"": ""force"", ""compressionMinSize"": ""9087"", ""connectionTimeout"": ""506882"", ""connectionUploadTimeout"": ""261711"", ""disableUploadTimeout"": ""TRUE"", ""executorTerminationTimeoutMillis"": ""591294"", ""keepAliveTimeout"": ""518667"", ""maxConnections"": ""13366"", ""maxHeaderCount"": ""246"", ""maxHttpHeaderSize"": ""63639"", ""maxHttpRequestHeaderSize"": ""16595"", ""maxHttpResponseHeaderSize"": ""2954"", ""maxKeepAliveRequests"": ""4332"", ""maxParameterCount"": ""33196"", ""maxSwallowSize"": ""8355324"", ""maxThreads"": ""208"", ""minSpareThreads"": ""109"", ""processorCache"": ""275"", ""tcpNoDelay"": ""FALSE"", ""threadPriority"": ""7"", ""threadsMaxIdleTime"": ""54962"", ""throughput__2"": ""2191.79"", ""useAsyncIO"": ""FALSE"", ""useVirtualThreads"": ""TRUE""}"
tomcat,tpe,3304,plain,false,20,2273.88,26.93,2273.88,10.037525177001953,"[8, 50, 10, False]",0.0,10.037437915802002,0.0,"{""acceptCount"": ""478"", ""allowBackslash"": ""FALSE"", ""compression"": ""force"", ""compressionMinSize"": ""2933"", ""connectionTimeout"": ""599507"", ""connectionUploadTimeout"": ""406897"", ""disableUploadTimeout"": ""TRUE"", ""executorTerminationTimeoutMillis"": ""311972"", ""keepAliveTimeout"": ""141299"", ""maxConnections"": ""15677"", ""maxHeaderCount"": ""180"", ""maxHttpHeaderSize"": ""21233"", ""maxHttpRequestHeaderSize"": ""53901"", ""maxHttpResponseHeaderSize"": ""20986"", ""maxKeepAliveRequests"": ""4086"", ""maxParameterCount"": ""93251"", ""maxSwallowSize"": ""8951046"", ""maxThreads"": ""384"", ""minSpareThreads"": ""108"", ""processorCache"": ""308"", ""tcpNoDelay"": ""FALSE"", ""threadPriority"": ""6"", ""threadsMaxIdleTime"": ""541440"", ""throughput__2"": ""2273.88"", ""useAsyncIO"": ""TRUE"", ""useVirtualThreads"": ""FALSE""}"
tomcat,tpe,3304,plain,false,21,2181.58,26.32,2181.58,10.037818431854248,"[8, 50, 10, False]",0.0,10.037725448608398,0.0,"{""acceptCount"": ""573"", ""allowBackslash"": ""TRUE"", ""compression"": ""on"", ""compressionMinSize"": ""2937"", ""connectionTimeout"": ""549388"", ""connectionUploadTimeout"": ""99892"", ""disableUploadTimeout"": ""TRUE"", ""executorTerminationTimeoutMillis"": ""408691"", ""keepAliveTimeout"": ""132935"", ""maxConnections"": ""7045"", ""maxHeaderCount"": ""914"", ""maxHttpHeaderSize"": ""59562"", ""maxHttpRequestHeaderSize"": ""62188"", ""maxHttpResponseHeaderSize"": ""39545"", ""maxKeepAliveRequests"": ""3337"", ""maxParameterCount"": ""18381"", ""maxSwallowSize"": ""3996216"", ""maxThreads"": ""291"", ""minSpareThreads"": ""792"", ""processorCache"": ""209"", ""tcpNoDelay"": ""FALSE"", ""threadPriority"": ""4"", ""threadsMaxIdleTime"": ""450128"", ""throughput__2"": ""2181.58"", ""useAsyncIO"": ""FALSE"", ""useVirtualThreads"": ""FALSE""}"
tomcat,tpe,3304,plain,false,22,2345.24,26.05,2345.24,10.03516411781311,"[8, 50, 10, False]",0.0,10.035074472427368,0.0,"{""acceptCount"": ""882"", ""allowBackslash"": ""TRUE"", ""compression"": ""on"", ""compressionMinSize"": ""5772"", ""connectionTimeout"": ""484192"", ""connectionUploadTimeout"": ""406626"", ""disableUploadTimeout"": ""FALSE"", ""executorTerminationTimeoutMillis"": ""217510"", ""keepAliveTimeout"": ""89396"", ""maxConnections"": ""12531"", ""maxHeaderCount"": ""110"", ""maxHttpHeaderSize"": ""48105"", ""maxHttpRequestHeaderSize"": ""53913"", ""maxHttpResponseHeaderSize"": ""45470"", ""maxKeepAliveRequests"": ""1260"", ""maxParameterCount"": ""72355"", ""maxSwallowSize"": ""4710755"", ""maxThreads"": ""184"", ""minSpareThreads"": ""418"", ""processorCache"": ""149"", ""tcpNoDelay"": ""FALSE"", ""threadPriority"": ""4"", ""threadsMaxIdleTime"": ""462529"", ""throughput__2"": ""2345.24"", ""useAsyncIO"": ""FALSE"", ""useVirtualThreads"": ""FALSE""}"
tomcat,tpe,3304,plain,false,23,2091.71,28.93,2091.71,10.032421588897705,"[8, 50, 10, False]",0.0,10.03230619430542,0.0,"{""acceptCount"": ""883"", ""allowBackslash"": ""FALSE"", ""compression"": ""off"", ""compressionMinSize"": ""6243"", ""connectionTimeout"": ""247313"", ""connectionUploadTimeout"": ""588899"", ""disableUploadTimeout"": ""TRUE"", ""executorTerminationTimeoutMillis"": ""374759"", ""keepAliveTimeout"": ""191968"", ""maxConnections"": ""1275"", ""maxHeaderCount"": ""546"", ""maxHttpHeaderSize"": ""37471"", ""maxHttpRequestHeaderSize"": ""61956"", ""maxHttpResponseHeaderSize"": ""54962"", ""maxKeepAliveRequests"": ""99"", ""maxParameterCount"": ""82133"", ""maxSwallowSize"": ""7759969"", ""maxThreads"": ""325"", ""minSpareThreads"": ""987"", ""processorCache"": ""1"", ""tcpNoDelay"": ""TRUE"", ""threadPriority"": ""6"", ""threadsMaxIdleTime"": ""294713"", ""throughput__2"": ""2091.71"", ""useAsyncIO"": ""FALSE"", ""useVirtualThreads"": ""FALSE""}"
tomcat,tpe,3304,plain,false,24,2096.96,32.02,2096.96,10.048736572265625,"[8, 50, 10, False]",0.0,10.048647403717041,0.0,"{""acceptCount"": ""274"", ""allowBackslash"": ""FALSE"", ""compression"": ""on"", ""compressionMinSize"": ""7358"", ""connectionTimeout"": ""124772"", ""connectionUploadTimeout"": ""348031"", ""disableUploadTimeout"": ""FALSE"", ""executorTerminationTimeoutMillis"": ""249915"", ""keepAliveTimeout"": ""521607"", ""maxConnections"": ""4410"", ""maxHeaderCount"": ""718"", ""maxHttpHeaderSize"": ""24279"", ""maxHttpRequestHeaderSize"": ""7696"", ""maxHttpResponseHeaderSize"": ""52301"", ""maxKeepAliveRequests"": ""3942"", ""maxParameterCount"": ""56576"", ""maxSwallowSize"": ""407286"", ""maxThreads"": ""261"", ""minSpareThreads"": ""246"", ""processorCache"": ""5"", ""tcpNoDelay"": ""FALSE"", ""threadPriority"": ""2"", ""threadsMaxIdleTime"": ""581895"", ""throughput__2"": ""2096.96"", ""useAsyncIO"": ""TRUE"", ""useVirtualThreads"": ""FALSE""}"
tomcat,tpe,3304,plain,false,25,2052.66,27.75,2052.66,10.040590524673462,"[8, 50, 10, False]",0.0,10.040498971939087,0.0,"{""acceptCount"": ""461"", ""allowBackslash"": ""TRUE"", ""compression"": ""on"", ""compressionMinSize"": ""4193"", ""connectionTimeout"": ""200227"", ""connectionUploadTimeout"": ""284532"", ""disableUploadTimeout"": ""FALSE"", ""executorTerminationTimeoutMillis"": ""213265"", ""keepAliveTimeout"": ""16012"", ""maxConnections"": ""15532"", ""maxHeaderCount"": ""7"", ""maxHttpHeaderSize"": ""61697"", ""maxHttpRequestHeaderSize"": ""44428"", ""maxHttpResponseHeaderSize"": ""55914"", ""maxKeepAliveRequests"": ""2556"", ""maxParameterCount"": ""90349"", ""maxSwallowSize"": ""19144778"", ""maxThreads"": ""201"", ""minSpareThreads"": ""548"", ""processorCache"": ""228"", ""tcpNoDelay"": ""FALSE"", ""threadPriority"": ""2"", ""threadsMaxIdleTime"": ""275566"", ""throughput__2"": ""2052.66"", ""useAsyncIO"": ""FALSE"", ""useVirtualThreads"": ""FALSE""}"
tomcat,tpe,3304,plain,false,26,2065.25,24.27,2065.25,10.032795906066895,"[8, 50, 10, False]",0.0,10.032705068588257,0.0,"{""acceptCount"": ""343"", ""allowBackslash"": ""FALSE"", ""compression"": ""off"", ""compressionMinSize"": ""4131"", ""connectionTimeout"": ""247211"", ""connectionUploadTimeout"": ""289316"", ""disableUploadTimeout"": ""FALSE"", ""executorTerminationTimeoutMillis"": ""259726"", ""keepAliveTimeout"": ""469346"", ""maxConnections"": ""10075"", ""maxHeaderCount"": ""156"", ""maxHttpHeaderSize"": ""30672"", ""maxHttpRequestHeaderSize"": ""54736"", ""maxHttpResponseHeaderSize"": ""27929"", ""maxKeepAliveRequests"": ""207"", ""maxParameterCount"": ""53349"", ""maxSwallowSize"": ""15396495"", ""maxThreads"": ""324"", ""minSpareThreads"": ""132"", ""processorCache"": ""13"", ""tcpNoDelay"": ""FALSE"", ""threadPriority"": ""9"", ""threadsMaxIdleTime"": ""406281"", ""throughput__2"": ""2065.25"", ""useAsyncIO"": ""TRUE"", ""useVirtualThreads"": ""TRUE""}"
tomcat,tpe,3304,plain,false,27,2175.6,22.95,2175.6,10.031418323516846,"[8, 50, 10, False]",0.0,10.031323909759521,0.0,"{""acceptCount"": ""102"", ""allowBackslash"": ""FALSE"", ""compression"": ""on"", ""compressionMinSize"": ""3824"", ""connectionTimeout"": ""83890"", ""connectionUploadTimeout"": ""307439"", ""disableUploadTimeout"": ""TRUE"", ""executorTerminationTimeoutMillis"": ""63492"", ""keepAliveTimeout"": ""485954"", ""maxConnections"": ""9804"", ""maxHeaderCount"": ""169"", ""maxHttpHeaderSize"": ""40547"", ""maxHttpRequestHeaderSize"": ""26566"", ""maxHttpResponseHeaderSize"": ""55563"", ""maxKeepAliveRequests"": ""4393"", ""maxParameterCount"": ""61444"", ""maxSwallowSize"": ""12665297"", ""maxThreads"": ""10"", ""minSpareThreads"": ""676"", ""processorCache"": ""400"", ""tcpNoDelay"": ""TRUE"", ""threadPriority"": ""7"", ""threadsMaxIdleTime"": ""6928"", ""throughput__2"": ""2175.6"", ""useAsyncIO"": ""FALSE"", ""useVirtualThreads"": ""FALSE""}"
tomcat,tpe,3304,plain,false,28,2236.15,31.53,2236.15,10.033897638320923,"[8, 50, 10, False]",0.0,10.033806324005127,0.0,"{""acceptCount"": ""666"", ""allowBackslash"": ""TRUE"", ""compression"": ""on"", ""compressionMinSize"": ""8367"", ""connectionTimeout"": ""331076"", ""connectionUploadTimeout"": ""97980"", ""disableUploadTimeout"": ""FALSE"", ""executorTerminationTimeoutMillis"": ""440"", ""keepAliveTimeout"": ""83342"", ""maxConnections"": ""5432"", ""maxHeaderCount"": ""162"", ""maxHttpHeaderSize"": ""43603"", ""maxHttpRequestHeaderSize"": ""51649"", ""maxHttpResponseHeaderSize"": ""51993"", ""maxKeepAliveRequests"": ""1122"", ""maxParameterCount"": ""37526"", ""maxSwallowSize"": ""4534729"", ""maxThreads"": ""381"", ""minSpareThreads"": ""745"", ""processorCache"": ""287"", ""tcpNoDelay"": ""TRUE"", ""threadPriority"": ""7"", ""threadsMaxIdleTime"": ""587528"", ""throughput__2"": ""2236.15"", ""useAsyncIO"": ""FALSE"", ""useVirtualThreads"": ""FALSE""}"
tomcat,tpe,3304,plain,false,29,2236.22,24.47,2236.22,10.044305324554443,"[8, 50, 10, False]",0.0,10.044189453125,0.0,"{""acceptCount"": ""148"", ""allowBackslash"": ""FALSE"", ""compression"": ""off"", ""compressionMinSize"": ""577"", ""connectionTimeout"": ""67641"", ""connectionUploadTimeout"": ""152878"", ""disableUploadTimeout"": ""FALSE"", ""executorTerminationTimeoutMillis"": ""283999"", ""keepAliveTimeout"": ""303738"", ""maxConnections"": ""13836"", ""maxHeaderCount"": ""143"", ""maxHttpHeaderSize"": ""8468"", ""maxHttpRequestHeaderSize"": ""47481"", ""maxHttpResponseHeaderSize"": ""9593"", ""maxKeepAliveRequests"": ""4256"", ""maxParameterCount"": ""80806"", ""maxSwallowSize"": ""1930699"", ""maxThreads"": ""24"", ""minSpareThreads"": ""222"", ""processorCache"": ""250"", ""tcpNoDelay"": ""TRUE"", ""threadPriority"": ""4"", ""threadsMaxIdleTime"": ""355184"", ""throughput__2"": ""2236.22"", ""useAsyncIO"": ""FALSE"", ""useVirtualThreads"": ""FALSE""}"
tomcat,tpe,3304,plain,false,30,2077.27,25.88,2077.27,10.03945803642273,"[8, 50, 10, False]",0.0,10.039358854293823,0.0,"{""acceptCount"": ""591"", ""allowBackslash"": ""FALSE"", ""compression"": ""on"", ""compressionMinSize"": ""8256"", ""connectionTimeout"": ""307487"", ""connectionUploadTimeout"": ""124524"", ""disableUploadTimeout"": ""FALSE"", ""executorTerminationTimeoutMillis"": ""301738"", ""keepAliveTimeout"": ""238258"", ""maxConnections"": ""3157"", ""maxHeaderCount"": ""411"", ""maxHttpHeaderSize"": ""18041"", ""maxHttpRequestHeaderSize"": ""59538"", ""maxHttpResponseHeaderSize"": ""6566"", ""maxKeepAliveRequests"": ""2630"", ""maxParameterCount"": ""16442"", ""maxSwallowSize"": ""16803118"", ""maxThreads"": ""14"", ""minSpareThreads"": ""897"", ""processorCache"": ""7"", ""tcpNoDelay"": ""TRUE"", ""threadPriority"": ""9"", ""threadsMaxIdleTime"": ""27814"", ""throughput__2"": ""2077.27"", ""useAsyncIO"": ""FALSE"", ""useVirtualThreads"": ""FALSE""}"
tomcat,tpe,3304,plain,false,31,2153.19,25.96,2153.19,10.032305479049683,"[8, 50, 10, False]",0.0,10.03218388557434,0.0,"{""acceptCount"": ""897"", ""allowBackslash"": ""FALSE"", ""compression"": ""off"", ""compressionMinSize"": ""9599"", ""connectionTimeout"": ""126584"", ""connectionUploadTimeout"": ""445496"", ""disableUploadTimeout"": ""FALSE"", ""executorTerminationTimeoutMillis"": ""466803"", ""keepAliveTimeout"": ""168805"", ""maxConnections"": ""14446"", ""maxHeaderCount"": ""279"", ""maxHttpHeaderSize"": ""25567"", ""maxHttpRequestHeaderSize"": ""32752"", ""maxHttpResponseHeaderSize"": ""31234"", ""maxKeepAliveRequests"": ""766"", ""maxParameterCount"": ""17592"", ""maxSwallowSize"": ""8190472"", ""maxThreads"": ""345"", ""minSpareThreads"": ""250"", ""processorCache"": ""204"", ""tcpNoDelay"": ""FALSE"", ""threadPriority"": ""1"", ""threadsMaxIdleTime"": ""311261"", ""throughput__2"": ""2153.19"", ""useAsyncIO"": ""TRUE"", ""useVirtualThreads"": ""FALSE""}"
tomcat,tpe,3304,plain,false,32,2262.5,29.51,2262.5,10.030825853347778,"[8, 50, 10, False]",0.0,10.030730962753296,0.0,"{""acceptCount"": ""652"", ""allowBackslash"": ""TRUE"", ""compression"": ""on"", ""compressionMinSize"": ""5830"", ""connectionTimeout"": ""107322"", ""connectionUploadTimeout"": ""279009"", ""disableUploadTimeout"": ""TRUE"", ""executorTerminationTimeoutMillis"": ""37662"", ""keepAliveTimeout"": ""540126"", ""maxConnections"": ""15584"", ""maxHeaderCount"": ""106"", ""maxHttpHeaderSize"": ""44927"", ""maxHttpRequestHeaderSize"": ""64621"", ""maxHttpResponseHeaderSize"": ""16685"", ""maxKeepAliveRequests"": ""362"", ""maxParameterCount"": ""20791"", ""maxSwallowSize"": ""19580458"", ""maxThreads"": ""38"", ""minSpareThreads"": ""362"", ""processorCache"": ""130"", ""tcpNoDelay"": ""TRUE"", ""threadPriority"": ""10"", ""threadsMaxIdleTime"": ""250914"", ""throughput__2"": ""2262.5"", ""useAsyncIO"": ""TRUE"", ""useVirtualThreads"": ""FALSE""}"
tomcat,tpe,3304,plain,false,33,2065.07,26.63,2065.07,10.036083936691284,"[8, 50, 10, False]",0.0,10.035938262939453,0.0,"{""acceptCount"": ""729"", ""allowBackslash"": ""FALSE"", ""compression"": ""on"", ""compressionMinSize"": ""6957"", ""connectionTimeout"": ""344320"", ""connectionUploadTimeout"": ""544999"", ""disableUploadTimeout"": ""FALSE"", ""executorTerminationTimeoutMillis"": ""294049"", ""keepAliveTimeout"": ""266790"", ""maxConnections"": ""15438"", ""maxHeaderCount"": ""33"", ""maxHttpHeaderSize"": ""35954"", ""maxHttpRequestHeaderSize"": ""53326"", ""maxHttpResponseHeaderSize"": ""11756"", ""maxKeepAliveRequests"": ""563"", ""maxParameterCount"": ""96020"", ""maxSwallowSize"": ""5792094"", ""maxThreads"": ""379"", ""minSpareThreads"": ""668"", ""processorCache"": ""374"", ""tcpNoDelay"": ""FALSE"", ""threadPriority"": ""4"", ""threadsMaxIdleTime"": ""407827"", ""throughput__2"": ""2065.07"", ""useAsyncIO"": ""FALSE"", ""useVirtualThreads"": ""TRUE""}"
tomcat,tpe,3304,plain,false,34,2162.13,28.61,2162.13,10.055068492889404,"[8, 50, 10, False]",0.0,10.054945945739746,0.0,"{""acceptCount"": ""496"", ""allowBackslash"": ""TRUE"", ""compression"": ""off"", ""compressionMinSize"": ""982"", ""connectionTimeout"": ""568790"", ""connectionUploadTimeout"": ""198282"", ""disableUploadTimeout"": ""TRUE"", ""executorTerminationTimeoutMillis"": ""415067"", ""keepAliveTimeout"": ""305601"", ""maxConnections"": ""8129"", ""maxHeaderCount"": ""55"", ""maxHttpHeaderSize"": ""18246"", ""maxHttpRequestHeaderSize"": ""37185"", ""maxHttpResponseHeaderSize"": ""57269"", ""maxKeepAliveRequests"": ""3136"", ""maxParameterCount"": ""3175"", ""maxSwallowSize"": ""15031945"", ""maxThreads"": ""323"", ""minSpareThreads"": ""596"", ""processorCache"": ""170"", ""tcpNoDelay"": ""TRUE"", ""threadPriority"": ""4"", ""threadsMaxIdleTime"": ""367372"", ""throughput__2"": ""2162.13"", ""useAsyncIO"": ""TRUE"", ""useVirtualThreads"": ""FALSE""}"
tomcat,tpe,3304,plain,false,35,2101.35,26.06,2101.35,10.041305541992188,"[8, 50, 10, False]",0.0,10.041210651397705,0.0,"{""acceptCount"": ""974"", ""allowBackslash"": ""TRUE"", ""compression"": ""on"", ""compressionMinSize"": ""647"", ""connectionTimeout"": ""318122"", ""connectionUploadTimeout"": ""422735"", ""disableUploadTimeout"": ""FALSE"", ""executorTerminationTimeoutMillis"": ""43309"", ""keepAliveTimeout"": ""364264"", ""maxConnections"": ""17780"", ""maxHeaderCount"": ""900"", ""maxHttpHeaderSize"": ""27692"", ""maxHttpRequestHeaderSize"": ""55848"", ""maxHttpResponseHeaderSize"": ""1370"", ""maxKeepAliveRequests"": ""237"", ""maxParameterCount"": ""91995"", ""maxSwallowSize"": ""1293568"", ""maxThreads"": ""313"", ""minSpareThreads"": ""734"", ""processorCache"": ""343"", ""tcpNoDelay"": ""FALSE"", ""threadPriority"": ""3"", ""threadsMaxIdleTime"": ""199356"", ""throughput__2"": ""2101.35"", ""useAsyncIO"": ""FALSE"", ""useVirtualThreads"": ""FALSE""}"
tomcat,tpe,3304,plain,false,36,1985.96,26.4,1985.96,10.03633165359497,"[8, 50, 10, False]",0.0,10.036240577697754,0.0,"{""acceptCount"": ""316"", ""allowBackslash"": ""FALSE"", ""compression"": ""force"", ""compressionMinSize"": ""6227"", ""connectionTimeout"": ""252065"", ""connectionUploadTimeout"": ""573917"", ""disableUploadTimeout"": ""TRUE"", ""executorTerminationTimeoutMillis"": ""557889"", ""keepAliveTimeout"": ""130997"", ""maxConnections"": ""8874"", ""maxHeaderCount"": ""321"", ""maxHttpHeaderSize"": ""51652"", ""maxHttpRequestHeaderSize"": ""23107"", ""maxHttpResponseHeaderSize"": ""38781"", ""maxKeepAliveRequests"": ""2054"", ""maxParameterCount"": ""14236"", ""maxSwallowSize"": ""12083979"", ""maxThreads"": ""120"", ""minSpareThreads"": ""919"", ""processorCache"": ""396"", ""tcpNoDelay"": ""FALSE"", ""threadPriority"": ""9"", ""threadsMaxIdleTime"": ""427799"", ""throughput__2"": ""1985.96"", ""useAsyncIO"": ""FALSE"", ""useVirtualThreads"": ""FALSE""}"
tomcat,tpe,3304,plain,false,37,2137.01,27.67,2137.01,10.02842116355896,"[8, 50, 10, False]",0.0,10.02829885482788,0.0,"{""acceptCount"": ""946"", ""allowBackslash"": ""TRUE"", ""compression"": ""on"", ""compressionMinSize"": ""2664"", ""connectionTimeout"": ""504476"", ""connectionUploadTimeout"": ""421295"", ""disableUploadTimeout"": ""FALSE"", ""executorTerminationTimeoutMillis"": ""400406"", ""keepAliveTimeout"": ""496900"", ""maxConnections"": ""13507"", ""maxHeaderCount"": ""388"", ""maxHttpHeaderSize"": ""41369"", ""maxHttpRequestHeaderSize"": ""35081"", ""maxHttpResponseHeaderSize"": ""60361"", ""maxKeepAliveRequests"": ""174"", ""maxParameterCount"": ""89738"", ""maxSwallowSize"": ""2919678"", ""maxThreads"": ""75"", ""minSpareThreads"": ""219"", ""processorCache"": ""118"", ""tcpNoDelay"": ""FALSE"", ""threadPriority"": ""7"", ""threadsMaxIdleTime"": ""406913"", ""throughput__2"": ""2137.01"", ""useAsyncIO"": ""TRUE"", ""useVirtualThreads"": ""FALSE""}"
tomcat,tpe,3304,plain,false,38,2339.27,24.76,2339.27,10.03744387626648,"[8, 50, 10, False]",0.0,10.037331104278564,0.0,"{""acceptCount"": ""33"", ""allowBackslash"": ""FALSE"", ""compression"": ""on"", ""compressionMinSize"": ""1845"", ""connectionTimeout"": ""95487"", ""connectionUploadTimeout"": ""455482"", ""disableUploadTimeout"": ""TRUE"", ""executorTerminationTimeoutMillis"": ""126010"", ""keepAliveTimeout"": ""336632"", ""maxConnections"": ""16399"", ""maxHeaderCount"": ""752"", ""maxHttpHeaderSize"": ""35916"", ""maxHttpRequestHeaderSize"": ""24812"", ""maxHttpResponseHeaderSize"": ""9427"", ""maxKeepAliveRequests"": ""201"", ""maxParameterCount"": ""70682"", ""maxSwallowSize"": ""486528"", ""maxThreads"": ""370"", ""minSpareThreads"": ""133"", ""processorCache"": ""379"", ""tcpNoDelay"": ""TRUE"", ""threadPriority"": ""1"", ""threadsMaxIdleTime"": ""87590"", ""throughput__2"": ""2339.27"", ""useAsyncIO"": ""FALSE"", ""useVirtualThreads"": ""FALSE""}"
tomcat,tpe,3304,plain,false,39,2088.84,27.47,2088.84,10.039189577102661,"[8, 50, 10, False]",0.0,10.039095401763916,0.0,"{""acceptCount"": ""107"", ""allowBackslash"": ""TRUE"", ""compression"": ""off"", ""compressionMinSize"": ""747"", ""connectionTimeout"": ""241582"", ""connectionUploadTimeout"": ""196560"", ""disableUploadTimeout"": ""FALSE"", ""executorTerminationTimeoutMillis"": ""217382"", ""keepAliveTimeout"": ""532681"", ""maxConnections"": ""9388"", ""maxHeaderCount"": ""920"", ""maxHttpHeaderSize"": ""30700"", ""maxHttpRequestHeaderSize"": ""17567"", ""maxHttpResponseHeaderSize"": ""33871"", ""maxKeepAliveRequests"": ""1766"", ""maxParameterCount"": ""20021"", ""maxSwallowSize"": ""18715966"", ""maxThreads"": ""28"", ""minSpareThreads"": ""8"", ""processorCache"": ""82"", ""tcpNoDelay"": ""TRUE"", ""threadPriority"": ""9"", ""threadsMaxIdleTime"": ""147776"", ""throughput__2"": ""2088.84"", ""useAsyncIO"": ""TRUE"", ""useVirtualThreads"": ""FALSE""}"
tomcat,tpe,3304,plain,false,40,1362.75,36.75,1362.75,10.033782482147217,"[8, 50, 10, False]",0.0,10.033689737319946,0.0,"{""acceptCount"": ""960"", ""allowBackslash"": ""FALSE"", ""compression"": ""off"", ""compressionMinSize"": ""8454"", ""connectionTimeout"": ""307323"", ""connectionUploadTimeout"": ""239170"", ""disableUploadTimeout"": ""TRUE"", ""executorTerminationTimeoutMillis"": ""507571"", ""keepAliveTimeout"": ""21669"", ""maxConnections"": ""16548"", ""maxHeaderCount"": ""973"", ""maxHttpHeaderSize"": ""32843"", ""maxHttpRequestHeaderSize"": ""20303"", ""maxHttpResponseHeaderSize"": ""52542"", ""maxKeepAliveRequests"": ""245"", ""maxParameterCount"": ""40824"", ""maxSwallowSize"": ""12514405"", ""maxThreads"": ""1"", ""minSpareThreads"": ""224"", ""processorCache"": ""313"", ""tcpNoDelay"": ""TRUE"", ""threadPriority"": ""9"", ""threadsMaxIdleTime"": ""175455"", ""throughput__2"": ""1362.75"", ""useAsyncIO"": ""FALSE"", ""useVirtualThreads"": ""FALSE""}"
tomcat,tpe,3304,plain,false,41,2122.93,22.94,2122.93,10.031073331832886,"[8, 50, 10, False]",0.0,10.030978679656982,0.0,"{""acceptCount"": ""720"", ""allowBackslash"": ""TRUE"", ""compression"": ""off"", ""compressionMinSize"": ""2016"", ""connectionTimeout"": ""108220"", ""connectionUploadTimeout"": ""202039"", ""disableUploadTimeout"": ""TRUE"", ""executorTerminationTimeoutMillis"": ""450740"", ""keepAliveTimeout"": ""478007"", ""maxConnections"": ""12987"", ""maxHeaderCount"": ""812"", ""maxHttpHeaderSize"": ""49836"", ""maxHttpRequestHeaderSize"": ""35853"", ""maxHttpResponseHeaderSize"": ""5676"", ""maxKeepAliveRequests"": ""1700"", ""maxParameterCount"": ""84141"", ""maxSwallowSize"": ""9524299"", ""maxThreads"": ""5"", ""minSpareThreads"": ""846"", ""processorCache"": ""296"", ""tcpNoDelay"": ""TRUE"", ""threadPriority"": ""3"", ""threadsMaxIdleTime"": ""448516"", ""throughput__2"": ""2122.93"", ""useAsyncIO"": ""FALSE"", ""useVirtualThreads"": ""FALSE""}"
tomcat,tpe,3304,plain,false,42,2133.88,27.19,2133.88,10.027833223342896,"[8, 50, 10, False]",0.0,10.027734518051147,0.0,"{""acceptCount"": ""641"", ""allowBackslash"": ""FALSE"", ""compression"": ""on"", ""compressionMinSize"": ""630"", ""connectionTimeout"": ""251031"", ""connectionUploadTimeout"": ""425426"", ""disableUploadTimeout"": ""FALSE"", ""executorTerminationTimeoutMillis"": ""109111"", ""keepAliveTimeout"": ""590059"", ""maxConnections"": ""627"", ""maxHeaderCount"": ""802"", ""maxHttpHeaderSize"": ""801"", ""maxHttpRequestHeaderSize"": ""1693"", ""maxHttpResponseHeaderSize"": ""27057"", ""maxKeepAliveRequests"": ""2953"", ""maxParameterCount"": ""51951"", ""maxSwallowSize"": ""10132278"", ""maxThreads"": ""371"", ""minSpareThreads"": ""900"", ""processorCache"": ""3"", ""tcpNoDelay"": ""TRUE"", ""threadPriority"": ""3"", ""threadsMaxIdleTime"": ""205017"", ""throughput__2"": ""2133.88"", ""useAsyncIO"": ""FALSE"", ""useVirtualThreads"": ""FALSE""}"
tomcat,tpe,3304,plain,false,43,2234.23,64.85,2234.23,10.056697607040405,"[8, 50, 10, False]",0.0,10.056610345840454,0.0,"{""acceptCount"": ""5"", ""allowBackslash"": ""FALSE"", ""compression"": ""force"", ""compressionMinSize"": ""602"", ""connectionTimeout"": ""152102"", ""connectionUploadTimeout"": ""295479"", ""disableUploadTimeout"": ""TRUE"", ""executorTerminationTimeoutMillis"": ""543616"", ""keepAliveTimeout"": ""36922"", ""maxConnections"": ""13954"", ""maxHeaderCount"": ""940"", ""maxHttpHeaderSize"": ""44495"", ""maxHttpRequestHeaderSize"": ""20511"", ""maxHttpResponseHeaderSize"": ""11435"", ""maxKeepAliveRequests"": ""2892"", ""maxParameterCount"": ""20724"", ""maxSwallowSize"": ""14495957"", ""maxThreads"": ""34"", ""minSpareThreads"": ""845"", ""processorCache"": ""2"", ""tcpNoDelay"": ""TRUE"", ""threadPriority"": ""6"", ""threadsMaxIdleTime"": ""477267"", ""throughput__2"": ""2234.23"", ""useAsyncIO"": ""TRUE"", ""useVirtualThreads"": ""FALSE""}"
tomcat,tpe,3304,plain,false,44,2223.76,24.28,2223.76,10.052731037139893,"[8, 50, 10, False]",0.0,10.052639484405518,0.0,"{""acceptCount"": ""701"", ""allowBackslash"": ""FALSE"", ""compression"": ""off"", ""compressionMinSize"": ""2142"", ""connectionTimeout"": ""220978"", ""connectionUploadTimeout"": ""75319"", ""disableUploadTimeout"": ""TRUE"", ""executorTerminationTimeoutMillis"": ""154007"", ""keepAliveTimeout"": ""223189"", ""maxConnections"": ""16283"", ""maxHeaderCount"": ""51"", ""maxHttpHeaderSize"": ""44510"", ""maxHttpRequestHeaderSize"": ""47826"", ""maxHttpResponseHeaderSize"": ""27934"", ""maxKeepAliveRequests"": ""4865"", ""maxParameterCount"": ""63592"", ""maxSwallowSize"": ""11408639"", ""maxThreads"": ""20"", ""minSpareThreads"": ""285"", ""processorCache"": ""214"", ""tcpNoDelay"": ""TRUE"", ""threadPriority"": ""6"", ""threadsMaxIdleTime"": ""556298"", ""throughput__2"": ""2223.76"", ""useAsyncIO"": ""FALSE"", ""useVirtualThreads"": ""FALSE""}"
tomcat,tpe,3304,plain,false,45,2107.53,25.97,2107.53,10.047602891921997,"[8, 50, 10, False]",0.0,10.047481775283813,0.0,"{""acceptCount"": ""539"", ""allowBackslash"": ""TRUE"", ""compression"": ""on"", ""compressionMinSize"": ""7850"", ""connectionTimeout"": ""108162"", ""connectionUploadTimeout"": ""12869"", ""disableUploadTimeout"": ""FALSE"", ""executorTerminationTimeoutMillis"": ""440955"", ""keepAliveTimeout"": ""385039"", ""maxConnections"": ""17747"", ""maxHeaderCount"": ""617"", ""maxHttpHeaderSize"": ""22294"", ""maxHttpRequestHeaderSize"": ""38762"", ""maxHttpResponseHeaderSize"": ""40291"", ""maxKeepAliveRequests"": ""3334"", ""maxParameterCount"": ""89759"", ""maxSwallowSize"": ""5149777"", ""maxThreads"": ""159"", ""minSpareThreads"": ""608"", ""processorCache"": ""298"", ""tcpNoDelay"": ""FALSE"", ""threadPriority"": ""7"", ""threadsMaxIdleTime"": ""503159"", ""throughput__2"": ""2107.53"", ""useAsyncIO"": ""FALSE"", ""useVirtualThreads"": ""FALSE""}"
tomcat,tpe,3304,plain,false,46,2293.76,27.18,2293.76,10.03598141670227,"[8, 50, 10, False]",0.0,10.035869598388672,0.0,"{""acceptCount"": ""435"", ""allowBackslash"": ""FALSE"", ""compression"": ""on"", ""compressionMinSize"": ""7946"", ""connectionTimeout"": ""389500"", ""connectionUploadTimeout"": ""403129"", ""disableUploadTimeout"": ""TRUE"", ""executorTerminationTimeoutMillis"": ""343044"", ""keepAliveTimeout"": ""447387"", ""maxConnections"": ""2137"", ""maxHeaderCount"": ""919"", ""maxHttpHeaderSize"": ""9447"", ""maxHttpRequestHeaderSize"": ""46319"", ""maxHttpResponseHeaderSize"": ""33168"", ""maxKeepAliveRequests"": ""2266"", ""maxParameterCount"": ""39307"", ""maxSwallowSize"": ""9453965"", ""maxThreads"": ""156"", ""minSpareThreads"": ""839"", ""processorCache"": ""264"", ""tcpNoDelay"": ""TRUE"", ""threadPriority"": ""2"", ""threadsMaxIdleTime"": ""224615"", ""throughput__2"": ""2293.76"", ""useAsyncIO"": ""FALSE"", ""useVirtualThreads"": ""FALSE""}"
tomcat,tpe,3304,plain,false,47,2234.73,26.62,2234.73,10.02877140045166,"[8, 50, 10, False]",0.0,10.028656005859375,0.0,"{""acceptCount"": ""568"", ""allowBackslash"": ""FALSE"", ""compression"": ""on"", ""compressionMinSize"": ""9282"", ""connectionTimeout"": ""554821"", ""connectionUploadTimeout"": ""422533"", ""disableUploadTimeout"": ""TRUE"", ""executorTerminationTimeoutMillis"": ""205095"", ""keepAliveTimeout"": ""544508"", ""maxConnections"": ""5426"", ""maxHeaderCount"": ""920"", ""maxHttpHeaderSize"": ""24659"", ""maxHttpRequestHeaderSize"": ""37547"", ""maxHttpResponseHeaderSize"": ""63270"", ""maxKeepAliveRequests"": ""1774"", ""maxParameterCount"": ""67815"", ""maxSwallowSize"": ""268082"", ""maxThreads"": ""374"", ""minSpareThreads"": ""478"", ""processorCache"": ""220"", ""tcpNoDelay"": ""TRUE"", ""threadPriority"": ""5"", ""threadsMaxIdleTime"": ""119707"", ""throughput__2"": ""2234.73"", ""useAsyncIO"": ""FALSE"", ""useVirtualThreads"": ""FALSE""}"
tomcat,tpe,3304,plain,false,48,2143.87,27.23,2143.87,10.044612169265747,"[8, 50, 10, False]",0.0,10.044523477554321,0.0,"{""acceptCount"": ""693"", ""allowBackslash"": ""FALSE"", ""compression"": ""on"", ""compressionMinSize"": ""8344"", ""connectionTimeout"": ""2923"", ""connectionUploadTimeout"": ""260086"", ""disableUploadTimeout"": ""TRUE"", ""executorTerminationTimeoutMillis"": ""555692"", ""keepAliveTimeout"": ""331639"", ""maxConnections"": ""12467"", ""maxHeaderCount"": ""284"", ""maxHttpHeaderSize"": ""13507"", ""maxHttpRequestHeaderSize"": ""57700"", ""maxHttpResponseHeaderSize"": ""28263"", ""maxKeepAliveRequests"": ""2182"", ""maxParameterCount"": ""13987"", ""maxSwallowSize"": ""17634504"", ""maxThreads"": ""291"", ""minSpareThreads"": ""561"", ""processorCache"": ""210"", ""tcpNoDelay"": ""TRUE"", ""threadPriority"": ""4"", ""threadsMaxIdleTime"": ""392295"", ""throughput__2"": ""2143.87"", ""useAsyncIO"": ""FALSE"", ""useVirtualThreads"": ""FALSE""}"
tomcat,tpe,3304,plain,false,49,1995.73,25.9,1995.73,10.048397779464722,"[8, 50, 10, False]",0.0,10.048226594924927,0.0,"{""acceptCount"": ""950"", ""allowBackslash"": ""TRUE"", ""compression"": ""on"", ""compressionMinSize"": ""3349"", ""connectionTimeout"": ""493772"", ""connectionUploadTimeout"": ""517387"", ""disableUploadTimeout"": ""TRUE"", ""executorTerminationTimeoutMillis"": ""127480"", ""keepAliveTimeout"": ""240632"", ""maxConnections"": ""9696"", ""maxHeaderCount"": ""121"", ""maxHttpHeaderSize"": ""32470"", ""maxHttpRequestHeaderSize"": ""59944"", ""maxHttpResponseHeaderSize"": ""31537"", ""maxKeepAliveRequests"": ""541"", ""maxParameterCount"": ""96813"", ""maxSwallowSize"": ""5341467"", ""maxThreads"": ""45"", ""minSpareThreads"": ""49"", ""processorCache"": ""41"", ""tcpNoDelay"": ""FALSE"", ""threadPriority"": ""3"", ""threadsMaxIdleTime"": ""499035"", ""throughput__2"": ""1995.73"", ""useAsyncIO"": ""FALSE"", ""useVirtualThreads"": ""TRUE""}"
tomcat,tpe,3304,plain,false,50,2197.81,23.64,2197.81,10.034901142120361,"[8, 50, 10, False]",0.0,10.034800052642822,0.0,"{""acceptCount"": ""743"", ""allowBackslash"": ""FALSE"", ""compression"": ""on"", ""compressionMinSize"": ""3407"", ""connectionTimeout"": ""184117"", ""connectionUploadTimeout"": ""569265"", ""disableUploadTimeout"": ""TRUE"", ""executorTerminationTimeoutMillis"": ""92342"", ""keepAliveTimeout"": ""582210"", ""maxConnections"": ""5468"", ""maxHeaderCount"": ""608"", ""maxHttpHeaderSize"": ""64499"", ""maxHttpRequestHeaderSize"": ""62467"", ""maxHttpResponseHeaderSize"": ""1374"", ""maxKeepAliveRequests"": ""4462"", ""maxParameterCount"": ""12761"", ""maxSwallowSize"": ""4209376"", ""maxThreads"": ""333"", ""minSpareThreads"": ""235"", ""processorCache"": ""164"", ""tcpNoDelay"": ""TRUE"", ""threadPriority"": ""7"", ""threadsMaxIdleTime"": ""545448"", ""throughput__2"": ""2197.81"", ""useAsyncIO"": ""FALSE"", ""useVirtualThreads"": ""FALSE""}"
tomcat,tpe,3304,plain,false,51,2286.8,24.12,2286.8,10.034288883209229,"[8, 50, 10, False]",0.0,10.034189939498901,0.0,"{""acceptCount"": ""446"", ""allowBackslash"": ""FALSE"", ""compression"": ""on"", ""compressionMinSize"": ""6052"", ""connectionTimeout"": ""56714"", ""connectionUploadTimeout"": ""580418"", ""disableUploadTimeout"": ""FALSE"", ""executorTerminationTimeoutMillis"": ""485022"", ""keepAliveTimeout"": ""381790"", ""maxConnections"": ""5405"", ""maxHeaderCount"": ""757"", ""maxHttpHeaderSize"": ""17749"", ""maxHttpRequestHeaderSize"": ""50615"", ""maxHttpResponseHeaderSize"": ""57248"", ""maxKeepAliveRequests"": ""2784"", ""maxParameterCount"": ""77516"", ""maxSwallowSize"": ""5615413"", ""maxThreads"": ""147"", ""minSpareThreads"": ""396"", ""processorCache"": ""57"", ""tcpNoDelay"": ""TRUE"", ""threadPriority"": ""3"", ""threadsMaxIdleTime"": ""566451"", ""throughput__2"": ""2286.8"", ""useAsyncIO"": ""FALSE"", ""useVirtualThreads"": ""FALSE""}"
tomcat,tpe,3304,plain,false,52,2327.83,26.54,2327.83,10.061601877212524,"[8, 50, 10, False]",0.0,10.061511993408203,0.0,"{""acceptCount"": ""97"", ""allowBackslash"": ""FALSE"", ""compression"": ""on"", ""compressionMinSize"": ""7515"", ""connectionTimeout"": ""391358"", ""connectionUploadTimeout"": ""452211"", ""disableUploadTimeout"": ""FALSE"", ""executorTerminationTimeoutMillis"": ""447347"", ""keepAliveTimeout"": ""444780"", ""maxConnections"": ""13793"", ""maxHeaderCount"": ""6"", ""maxHttpHeaderSize"": ""8682"", ""maxHttpRequestHeaderSize"": ""40011"", ""maxHttpResponseHeaderSize"": ""63322"", ""maxKeepAliveRequests"": ""2647"", ""maxParameterCount"": ""58192"", ""maxSwallowSize"": ""3862231"", ""maxThreads"": ""32"", ""minSpareThreads"": ""660"", ""processorCache"": ""139"", ""tcpNoDelay"": ""TRUE"", ""threadPriority"": ""5"", ""threadsMaxIdleTime"": ""381449"", ""throughput__2"": ""2327.83"", ""useAsyncIO"": ""FALSE"", ""useVirtualThreads"": ""FALSE""}"
tomcat,tpe,3304,plain,false,53,2118.03,29.16,2118.03,10.053700685501099,"[8, 50, 10, False]",0.0,10.05358362197876,0.0,"{""acceptCount"": ""833"", ""allowBackslash"": ""FALSE"", ""compression"": ""force"", ""compressionMinSize"": ""3074"", ""connectionTimeout"": ""517427"", ""connectionUploadTimeout"": ""14399"", ""disableUploadTimeout"": ""TRUE"", ""executorTerminationTimeoutMillis"": ""544690"", ""keepAliveTimeout"": ""550735"", ""maxConnections"": ""13873"", ""maxHeaderCount"": ""813"", ""maxHttpHeaderSize"": ""49266"", ""maxHttpRequestHeaderSize"": ""13517"", ""maxHttpResponseHeaderSize"": ""44299"", ""maxKeepAliveRequests"": ""960"", ""maxParameterCount"": ""52502"", ""maxSwallowSize"": ""12581584"", ""maxThreads"": ""258"", ""minSpareThreads"": ""748"", ""processorCache"": ""1"", ""tcpNoDelay"": ""TRUE"", ""threadPriority"": ""10"", ""threadsMaxIdleTime"": ""454650"", ""throughput__2"": ""2118.03"", ""useAsyncIO"": ""FALSE"", ""useVirtualThreads"": ""FALSE""}"
tomcat,tpe,3304,plain,false,54,2229.38,27.47,2229.38,10.035802364349365,"[8, 50, 10, False]",0.0,10.035713911056519,0.0,"{""acceptCount"": ""964"", ""allowBackslash"": ""TRUE"", ""compression"": ""off"", ""compressionMinSize"": ""5052"", ""connectionTimeout"": ""46453"", ""connectionUploadTimeout"": ""392649"", ""disableUploadTimeout"": ""TRUE"", ""executorTerminationTimeoutMillis"": ""203326"", ""keepAliveTimeout"": ""436690"", ""maxConnections"": ""17434"", ""maxHeaderCount"": ""475"", ""maxHttpHeaderSize"": ""14198"", ""maxHttpRequestHeaderSize"": ""11121"", ""maxHttpResponseHeaderSize"": ""31051"", ""maxKeepAliveRequests"": ""3793"", ""maxParameterCount"": ""63660"", ""maxSwallowSize"": ""9270608"", ""maxThreads"": ""50"", ""minSpareThreads"": ""494"", ""processorCache"": ""188"", ""tcpNoDelay"": ""TRUE"", ""threadPriority"": ""6"", ""threadsMaxIdleTime"": ""32211"", ""throughput__2"": ""2229.38"", ""useAsyncIO"": ""TRUE"", ""useVirtualThreads"": ""FALSE""}"
tomcat,tpe,3304,plain,false,55,2219.77,22.98,2219.77,10.027935266494751,"[8, 50, 10, False]",0.0,10.02784514427185,0.0,"{""acceptCount"": ""909"", ""allowBackslash"": ""TRUE"", ""compression"": ""on"", ""compressionMinSize"": ""9968"", ""connectionTimeout"": ""82133"", ""connectionUploadTimeout"": ""574799"", ""disableUploadTimeout"": ""FALSE"", ""executorTerminationTimeoutMillis"": ""30112"", ""keepAliveTimeout"": ""296529"", ""maxConnections"": ""18465"", ""maxHeaderCount"": ""824"", ""maxHttpHeaderSize"": ""63053"", ""maxHttpRequestHeaderSize"": ""48260"", ""maxHttpResponseHeaderSize"": ""62033"", ""maxKeepAliveRequests"": ""950"", ""maxParameterCount"": ""939"", ""maxSwallowSize"": ""10737585"", ""maxThreads"": ""201"", ""minSpareThreads"": ""70"", ""processorCache"": ""184"", ""tcpNoDelay"": ""FALSE"", ""threadPriority"": ""6"", ""threadsMaxIdleTime"": ""217112"", ""throughput__2"": ""2219.77"", ""useAsyncIO"": ""FALSE"", ""useVirtualThreads"": ""TRUE""}"
tomcat,tpe,3304,plain,false,56,2120.79,23.83,2120.79,10.041085958480835,"[8, 50, 10, False]",0.0,10.040996074676514,0.0,"{""acceptCount"": ""119"", ""allowBackslash"": ""FALSE"", ""compression"": ""force"", ""compressionMinSize"": ""9082"", ""connectionTimeout"": ""476583"", ""connectionUploadTimeout"": ""412842"", ""disableUploadTimeout"": ""FALSE"", ""executorTerminationTimeoutMillis"": ""529252"", ""keepAliveTimeout"": ""40834"", ""maxConnections"": ""6714"", ""maxHeaderCount"": ""216"", ""maxHttpHeaderSize"": ""12303"", ""maxHttpRequestHeaderSize"": ""63857"", ""maxHttpResponseHeaderSize"": ""52136"", ""maxKeepAliveRequests"": ""4505"", ""maxParameterCount"": ""37891"", ""maxSwallowSize"": ""8018719"", ""maxThreads"": ""7"", ""minSpareThreads"": ""290"", ""processorCache"": ""159"", ""tcpNoDelay"": ""TRUE"", ""threadPriority"": ""7"", ""threadsMaxIdleTime"": ""516995"", ""throughput__2"": ""2120.79"", ""useAsyncIO"": ""FALSE"", ""useVirtualThreads"": ""TRUE""}"
tomcat,tpe,3304,plain,false,57,2305.02,59.65,2305.02,10.059401988983154,"[8, 50, 10, False]",0.0,10.059284210205078,0.0,"{""acceptCount"": ""5"", ""allowBackslash"": ""FALSE"", ""compression"": ""on"", ""compressionMinSize"": ""379"", ""connectionTimeout"": ""469162"", ""connectionUploadTimeout"": ""56036"", ""disableUploadTimeout"": ""TRUE"", ""executorTerminationTimeoutMillis"": ""168856"", ""keepAliveTimeout"": ""408159"", ""maxConnections"": ""16674"", ""maxHeaderCount"": ""225"", ""maxHttpHeaderSize"": ""56412"", ""maxHttpRequestHeaderSize"": ""16915"", ""maxHttpResponseHeaderSize"": ""19526"", ""maxKeepAliveRequests"": ""444"", ""maxParameterCount"": ""92935"", ""maxSwallowSize"": ""2423570"", ""maxThreads"": ""373"", ""minSpareThreads"": ""732"", ""processorCache"": ""363"", ""tcpNoDelay"": ""FALSE"", ""threadPriority"": ""2"", ""threadsMaxIdleTime"": ""2097"", ""throughput__2"": ""2305.02"", ""useAsyncIO"": ""FALSE"", ""useVirtualThreads"": ""FALSE""}"
tomcat,tpe,3304,plain,false,58,2211.39,25.02,2211.39,10.039736032485962,"[8, 50, 10, False]",0.0,10.039644479751587,0.0,"{""acceptCount"": ""913"", ""allowBackslash"": ""FALSE"", ""compression"": ""force"", ""compressionMinSize"": ""3099"", ""connectionTimeout"": ""514142"", ""connectionUploadTimeout"": ""555686"", ""disableUploadTimeout"": ""FALSE"", ""executorTerminationTimeoutMillis"": ""290331"", ""keepAliveTimeout"": ""176077"", ""maxConnections"": ""17620"", ""maxHeaderCount"": ""917"", ""maxHttpHeaderSize"": ""39862"", ""maxHttpRequestHeaderSize"": ""24997"", ""maxHttpResponseHeaderSize"": ""35462"", ""maxKeepAliveRequests"": ""3195"", ""maxParameterCount"": ""55682"", ""maxSwallowSize"": ""3912522"", ""maxThreads"": ""360"", ""minSpareThreads"": ""556"", ""processorCache"": ""289"", ""tcpNoDelay"": ""TRUE"", ""threadPriority"": ""5"", ""threadsMaxIdleTime"": ""147065"", ""throughput__2"": ""2211.39"", ""useAsyncIO"": ""TRUE"", ""useVirtualThreads"": ""FALSE""}"
tomcat,tpe,3304,plain,false,59,2393.47,26.4,2393.47,10.037688255310059,"[8, 50, 10, False]",0.0,10.037590980529785,0.0,"{""acceptCount"": ""734"", ""allowBackslash"": ""FALSE"", ""compression"": ""on"", ""compressionMinSize"": ""9039"", ""connectionTimeout"": ""390870"", ""connectionUploadTimeout"": ""266949"", ""disableUploadTimeout"": ""FALSE"", ""executorTerminationTimeoutMillis"": ""80924"", ""keepAliveTimeout"": ""45953"", ""maxConnections"": ""437"", ""maxHeaderCount"": ""301"", ""maxHttpHeaderSize"": ""17780"", ""maxHttpRequestHeaderSize"": ""58321"", ""maxHttpResponseHeaderSize"": ""33784"", ""maxKeepAliveRequests"": ""1149"", ""maxParameterCount"": ""63131"", ""maxSwallowSize"": ""5154500"", ""maxThreads"": ""223"", ""minSpareThreads"": ""849"", ""processorCache"": ""294"", ""tcpNoDelay"": ""FALSE"", ""threadPriority"": ""8"", ""threadsMaxIdleTime"": ""164248"", ""throughput__2"": ""2393.47"", ""useAsyncIO"": ""FALSE"", ""useVirtualThreads"": ""FALSE""}"
tomcat,tpe,3304,plain,false,60,2288.2,27.05,2288.2,10.028972387313843,"[8, 50, 10, False]",0.0,10.028876781463623,0.0,"{""acceptCount"": ""904"", ""allowBackslash"": ""TRUE"", ""compression"": ""on"", ""compressionMinSize"": ""3374"", ""connectionTimeout"": ""136499"", ""connectionUploadTimeout"": ""588948"", ""disableUploadTimeout"": ""FALSE"", ""executorTerminationTimeoutMillis"": ""549596"", ""keepAliveTimeout"": ""84363"", ""maxConnections"": ""2281"", ""maxHeaderCount"": ""86"", ""maxHttpHeaderSize"": ""62285"", ""maxHttpRequestHeaderSize"": ""52830"", ""maxHttpResponseHeaderSize"": ""12266"", ""maxKeepAliveRequests"": ""3426"", ""maxParameterCount"": ""52309"", ""maxSwallowSize"": ""3230718"", ""maxThreads"": ""338"", ""minSpareThreads"": ""246"", ""processorCache"": ""290"", ""tcpNoDelay"": ""FALSE"", ""threadPriority"": ""8"", ""threadsMaxIdleTime"": ""287431"", ""throughput__2"": ""2288.2"", ""useAsyncIO"": ""FALSE"", ""useVirtualThreads"": ""FALSE""}"
tomcat,tpe,3304,plain,false,61,2205.47,29.63,2205.47,10.035420417785645,"[8, 50, 10, False]",0.0,10.03532862663269,0.0,"{""acceptCount"": ""519"", ""allowBackslash"": ""TRUE"", ""compression"": ""on"", ""compressionMinSize"": ""7819"", ""connectionTimeout"": ""409032"", ""connectionUploadTimeout"": ""461879"", ""disableUploadTimeout"": ""FALSE"", ""executorTerminationTimeoutMillis"": ""139401"", ""keepAliveTimeout"": ""336970"", ""maxConnections"": ""5404"", ""maxHeaderCount"": ""210"", ""maxHttpHeaderSize"": ""8082"", ""maxHttpRequestHeaderSize"": ""32692"", ""maxHttpResponseHeaderSize"": ""60433"", ""maxKeepAliveRequests"": ""888"", ""maxParameterCount"": ""76184"", ""maxSwallowSize"": ""7492088"", ""maxThreads"": ""349"", ""minSpareThreads"": ""118"", ""processorCache"": ""134"", ""tcpNoDelay"": ""FALSE"", ""threadPriority"": ""6"", ""threadsMaxIdleTime"": ""164956"", ""throughput__2"": ""2205.47"", ""useAsyncIO"": ""FALSE"", ""useVirtualThreads"": ""FALSE""}"
tomcat,tpe,3304,plain,false,62,2206.32,26.11,2206.32,10.061128854751587,"[8, 50, 10, False]",0.0,10.06103801727295,0.0,"{""acceptCount"": ""876"", ""allowBackslash"": ""TRUE"", ""compression"": ""off"", ""compressionMinSize"": ""2331"", ""connectionTimeout"": ""462941"", ""connectionUploadTimeout"": ""45203"", ""disableUploadTimeout"": ""FALSE"", ""executorTerminationTimeoutMillis"": ""74399"", ""keepAliveTimeout"": ""146615"", ""maxConnections"": ""9100"", ""maxHeaderCount"": ""253"", ""maxHttpHeaderSize"": ""58162"", ""maxHttpRequestHeaderSize"": ""47271"", ""maxHttpResponseHeaderSize"": ""25173"", ""maxKeepAliveRequests"": ""779"", ""maxParameterCount"": ""26516"", ""maxSwallowSize"": ""2497778"", ""maxThreads"": ""279"", ""minSpareThreads"": ""583"", ""processorCache"": ""54"", ""tcpNoDelay"": ""FALSE"", ""threadPriority"": ""7"", ""threadsMaxIdleTime"": ""467757"", ""throughput__2"": ""2206.32"", ""useAsyncIO"": ""FALSE"", ""useVirtualThreads"": ""FALSE""}"
tomcat,tpe,3304,plain,false,63,1718.3,29.98,1718.3,10.045511960983276,"[8, 50, 10, False]",0.0,10.04539155960083,0.0,"{""acceptCount"": ""858"", ""allowBackslash"": ""FALSE"", ""compression"": ""force"", ""compressionMinSize"": ""592"", ""connectionTimeout"": ""209793"", ""connectionUploadTimeout"": ""454508"", ""disableUploadTimeout"": ""FALSE"", ""executorTerminationTimeoutMillis"": ""273323"", ""keepAliveTimeout"": ""45123"", ""maxConnections"": ""5807"", ""maxHeaderCount"": ""148"", ""maxHttpHeaderSize"": ""9056"", ""maxHttpRequestHeaderSize"": ""31461"", ""maxHttpResponseHeaderSize"": ""55523"", ""maxKeepAliveRequests"": ""8"", ""maxParameterCount"": ""1013"", ""maxSwallowSize"": ""8299552"", ""maxThreads"": ""390"", ""minSpareThreads"": ""753"", ""processorCache"": ""291"", ""tcpNoDelay"": ""FALSE"", ""threadPriority"": ""9"", ""threadsMaxIdleTime"": ""119699"", ""throughput__2"": ""1718.3"", ""useAsyncIO"": ""FALSE"", ""useVirtualThreads"": ""FALSE""}"
tomcat,tpe,3304,plain,false,64,2279.5,25.1,2279.5,10.035093069076538,"[8, 50, 10, False]",0.0,10.035003423690796,0.0,"{""acceptCount"": ""830"", ""allowBackslash"": ""FALSE"", ""compression"": ""on"", ""compressionMinSize"": ""5393"", ""connectionTimeout"": ""340169"", ""connectionUploadTimeout"": ""360330"", ""disableUploadTimeout"": ""TRUE"", ""executorTerminationTimeoutMillis"": ""506603"", ""keepAliveTimeout"": ""304024"", ""maxConnections"": ""3158"", ""maxHeaderCount"": ""814"", ""maxHttpHeaderSize"": ""2123"", ""maxHttpRequestHeaderSize"": ""25009"", ""maxHttpResponseHeaderSize"": ""55644"", ""maxKeepAliveRequests"": ""3979"", ""maxParameterCount"": ""49256"", ""maxSwallowSize"": ""3566652"", ""maxThreads"": ""32"", ""minSpareThreads"": ""476"", ""processorCache"": ""320"", ""tcpNoDelay"": ""TRUE"", ""threadPriority"": ""1"", ""threadsMaxIdleTime"": ""287896"", ""throughput__2"": ""2279.5"", ""useAsyncIO"": ""FALSE"", ""useVirtualThreads"": ""FALSE""}"
tomcat,tpe,3304,plain,false,65,2235.11,31.93,2235.11,10.030163764953613,"[8, 50, 10, False]",0.0,10.030064582824707,0.0,"{""acceptCount"": ""455"", ""allowBackslash"": ""FALSE"", ""compression"": ""on"", ""compressionMinSize"": ""505"", ""connectionTimeout"": ""502028"", ""connectionUploadTimeout"": ""21504"", ""disableUploadTimeout"": ""TRUE"", ""executorTerminationTimeoutMillis"": ""38231"", ""keepAliveTimeout"": ""446320"", ""maxConnections"": ""3034"", ""maxHeaderCount"": ""313"", ""maxHttpHeaderSize"": ""24788"", ""maxHttpRequestHeaderSize"": ""41061"", ""maxHttpResponseHeaderSize"": ""3055"", ""maxKeepAliveRequests"": ""1791"", ""maxParameterCount"": ""42526"", ""maxSwallowSize"": ""4644243"", ""maxThreads"": ""389"", ""minSpareThreads"": ""904"", ""processorCache"": ""227"", ""tcpNoDelay"": ""FALSE"", ""threadPriority"": ""1"", ""threadsMaxIdleTime"": ""56864"", ""throughput__2"": ""2235.11"", ""useAsyncIO"": ""FALSE"", ""useVirtualThreads"": ""FALSE""}"
tomcat,tpe,3304,plain,false,66,2126.05,23.83,2126.05,10.030743837356567,"[8, 50, 10, False]",0.0,10.030635595321655,0.0,"{""acceptCount"": ""657"", ""allowBackslash"": ""FALSE"", ""compression"": ""force"", ""compressionMinSize"": ""7140"", ""connectionTimeout"": ""413300"", ""connectionUploadTimeout"": ""137797"", ""disableUploadTimeout"": ""FALSE"", ""executorTerminationTimeoutMillis"": ""296492"", ""keepAliveTimeout"": ""1752"", ""maxConnections"": ""3977"", ""maxHeaderCount"": ""594"", ""maxHttpHeaderSize"": ""24498"", ""maxHttpRequestHeaderSize"": ""20031"", ""maxHttpResponseHeaderSize"": ""44315"", ""maxKeepAliveRequests"": ""1141"", ""maxParameterCount"": ""45300"", ""maxSwallowSize"": ""2727295"", ""maxThreads"": ""44"", ""minSpareThreads"": ""977"", ""processorCache"": ""333"", ""tcpNoDelay"": ""FALSE"", ""threadPriority"": ""8"", ""threadsMaxIdleTime"": ""131405"", ""throughput__2"": ""2126.05"", ""useAsyncIO"": ""FALSE"", ""useVirtualThreads"": ""TRUE""}"
tomcat,tpe,3304,plain,false,67,2125.52,27.22,2125.52,10.055136680603027,"[8, 50, 10, False]",0.0,10.055044174194336,0.0,"{""acceptCount"": ""470"", ""allowBackslash"": ""FALSE"", ""compression"": ""on"", ""compressionMinSize"": ""7628"", ""connectionTimeout"": ""485571"", ""connectionUploadTimeout"": ""39471"", ""disableUploadTimeout"": ""FALSE"", ""executorTerminationTimeoutMillis"": ""263622"", ""keepAliveTimeout"": ""330378"", ""maxConnections"": ""2995"", ""maxHeaderCount"": ""775"", ""maxHttpHeaderSize"": ""59715"", ""maxHttpRequestHeaderSize"": ""65201"", ""maxHttpResponseHeaderSize"": ""55242"", ""maxKeepAliveRequests"": ""2068"", ""maxParameterCount"": ""60281"", ""maxSwallowSize"": ""20884226"", ""maxThreads"": ""306"", ""minSpareThreads"": ""887"", ""processorCache"": ""292"", ""tcpNoDelay"": ""FALSE"", ""threadPriority"": ""7"", ""threadsMaxIdleTime"": ""107394"", ""throughput__2"": ""2125.52"", ""useAsyncIO"": ""FALSE"", ""useVirtualThreads"": ""FALSE""}"
tomcat,tpe,3304,plain,false,68,2081.45,24.82,2081.45,10.049782991409302,"[8, 50, 10, False]",0.0,10.049691677093506,0.0,"{""acceptCount"": ""987"", ""allowBackslash"": ""FALSE"", ""compression"": ""off"", ""compressionMinSize"": ""5367"", ""connectionTimeout"": ""37960"", ""connectionUploadTimeout"": ""344500"", ""disableUploadTimeout"": ""TRUE"", ""executorTerminationTimeoutMillis"": ""539538"", ""keepAliveTimeout"": ""271807"", ""maxConnections"": ""12180"", ""maxHeaderCount"": ""427"", ""maxHttpHeaderSize"": ""5270"", ""maxHttpRequestHeaderSize"": ""51774"", ""maxHttpResponseHeaderSize"": ""7297"", ""maxKeepAliveRequests"": ""3722"", ""maxParameterCount"": ""87811"", ""maxSwallowSize"": ""4845877"", ""maxThreads"": ""187"", ""minSpareThreads"": ""456"", ""processorCache"": ""270"", ""tcpNoDelay"": ""TRUE"", ""threadPriority"": ""3"", ""threadsMaxIdleTime"": ""175806"", ""throughput__2"": ""2081.45"", ""useAsyncIO"": ""FALSE"", ""useVirtualThreads"": ""TRUE""}"
tomcat,tpe,3304,plain,false,69,2047.99,24.41,2047.99,10.042007207870483,"[8, 50, 10, False]",0.0,10.041905164718628,0.0,"{""acceptCount"": ""781"", ""allowBackslash"": ""TRUE"", ""compression"": ""force"", ""compressionMinSize"": ""5447"", ""connectionTimeout"": ""182753"", ""connectionUploadTimeout"": ""271389"", ""disableUploadTimeout"": ""TRUE"", ""executorTerminationTimeoutMillis"": ""527345"", ""keepAliveTimeout"": ""154563"", ""maxConnections"": ""4435"", ""maxHeaderCount"": ""809"", ""maxHttpHeaderSize"": ""42196"", ""maxHttpRequestHeaderSize"": ""28660"", ""maxHttpResponseHeaderSize"": ""34908"", ""maxKeepAliveRequests"": ""592"", ""maxParameterCount"": ""10411"", ""maxSwallowSize"": ""19263418"", ""maxThreads"": ""21"", ""minSpareThreads"": ""973"", ""processorCache"": ""10"", ""tcpNoDelay"": ""TRUE"", ""threadPriority"": ""7"", ""threadsMaxIdleTime"": ""247950"", ""throughput__2"": ""2047.99"", ""useAsyncIO"": ""FALSE"", ""useVirtualThreads"": ""TRUE""}"
tomcat,tpe,3304,plain,false,70,1582.56,31.92,1582.56,10.035122632980347,"[8, 50, 10, False]",0.0,10.034996747970581,0.0,"{""acceptCount"": ""614"", ""allowBackslash"": ""FALSE"", ""compression"": ""off"", ""compressionMinSize"": ""7133"", ""connectionTimeout"": ""575102"", ""connectionUploadTimeout"": ""468963"", ""disableUploadTimeout"": ""FALSE"", ""executorTerminationTimeoutMillis"": ""138986"", ""keepAliveTimeout"": ""158273"", ""maxConnections"": ""1772"", ""maxHeaderCount"": ""962"", ""maxHttpHeaderSize"": ""28147"", ""maxHttpRequestHeaderSize"": ""57002"", ""maxHttpResponseHeaderSize"": ""33322"", ""maxKeepAliveRequests"": ""5"", ""maxParameterCount"": ""74143"", ""maxSwallowSize"": ""4763484"", ""maxThreads"": ""239"", ""minSpareThreads"": ""506"", ""processorCache"": ""253"", ""tcpNoDelay"": ""FALSE"", ""threadPriority"": ""6"", ""threadsMaxIdleTime"": ""234371"", ""throughput__2"": ""1582.56"", ""useAsyncIO"": ""FALSE"", ""useVirtualThreads"": ""FALSE""}"
tomcat,tpe,3304,plain,false,71,2168.87,29.28,2168.87,10.04729962348938,"[8, 50, 10, False]",0.0,10.047220230102539,0.0,"{""acceptCount"": ""300"", ""allowBackslash"": ""FALSE"", ""compression"": ""on"", ""compressionMinSize"": ""5222"", ""connectionTimeout"": ""153553"", ""connectionUploadTimeout"": ""485518"", ""disableUploadTimeout"": ""TRUE"", ""executorTerminationTimeoutMillis"": ""107638"", ""keepAliveTimeout"": ""933"", ""maxConnections"": ""13977"", ""maxHeaderCount"": ""584"", ""maxHttpHeaderSize"": ""52690"", ""maxHttpRequestHeaderSize"": ""3390"", ""maxHttpResponseHeaderSize"": ""2587"", ""maxKeepAliveRequests"": ""2054"", ""maxParameterCount"": ""68645"", ""maxSwallowSize"": ""3521732"", ""maxThreads"": ""384"", ""minSpareThreads"": ""9"", ""processorCache"": ""332"", ""tcpNoDelay"": ""TRUE"", ""threadPriority"": ""5"", ""threadsMaxIdleTime"": ""463642"", ""throughput__2"": ""2168.87"", ""useAsyncIO"": ""FALSE"", ""useVirtualThreads"": ""FALSE""}"
tomcat,tpe,3304,plain,false,72,2106.84,27.3,2106.84,10.062902688980103,"[8, 50, 10, False]",0.0,10.06281590461731,0.0,"{""acceptCount"": ""638"", ""allowBackslash"": ""FALSE"", ""compression"": ""on"", ""compressionMinSize"": ""150"", ""connectionTimeout"": ""284099"", ""connectionUploadTimeout"": ""131716"", ""disableUploadTimeout"": ""FALSE"", ""executorTerminationTimeoutMillis"": ""13394"", ""keepAliveTimeout"": ""93795"", ""maxConnections"": ""4581"", ""maxHeaderCount"": ""383"", ""maxHttpHeaderSize"": ""8571"", ""maxHttpRequestHeaderSize"": ""31380"", ""maxHttpResponseHeaderSize"": ""24513"", ""maxKeepAliveRequests"": ""2278"", ""maxParameterCount"": ""96796"", ""maxSwallowSize"": ""9043229"", ""maxThreads"": ""278"", ""minSpareThreads"": ""509"", ""processorCache"": ""50"", ""tcpNoDelay"": ""FALSE"", ""threadPriority"": ""8"", ""threadsMaxIdleTime"": ""409371"", ""throughput__2"": ""2106.84"", ""useAsyncIO"": ""FALSE"", ""useVirtualThreads"": ""FALSE""}"
tomcat,tpe,3304,plain,false,73,2170.5,26.17,2170.5,10.051977396011353,"[8, 50, 10, False]",0.0,10.051839113235474,0.0,"{""acceptCount"": ""59"", ""allowBackslash"": ""TRUE"", ""compression"": ""on"", ""compressionMinSize"": ""4691"", ""connectionTimeout"": ""197361"", ""connectionUploadTimeout"": ""599042"", ""disableUploadTimeout"": ""FALSE"", ""executorTerminationTimeoutMillis"": ""68073"", ""keepAliveTimeout"": ""92394"", ""maxConnections"": ""4780"", ""maxHeaderCount"": ""642"", ""maxHttpHeaderSize"": ""63869"", ""maxHttpRequestHeaderSize"": ""60481"", ""maxHttpResponseHeaderSize"": ""4774"", ""maxKeepAliveRequests"": ""627"", ""maxParameterCount"": ""42396"", ""maxSwallowSize"": ""7068866"", ""maxThreads"": ""246"", ""minSpareThreads"": ""297"", ""processorCache"": ""218"", ""tcpNoDelay"": ""FALSE"", ""threadPriority"": ""7"", ""threadsMaxIdleTime"": ""481105"", ""throughput__2"": ""2170.5"", ""useAsyncIO"": ""FALSE"", ""useVirtualThreads"": ""FALSE""}"
tomcat,tpe,3304,plain,false,74,2333.5,24.69,2333.5,10.042407035827637,"[8, 50, 10, False]",0.0,10.042317390441895,0.0,"{""acceptCount"": ""860"", ""allowBackslash"": ""FALSE"", ""compression"": ""on"", ""compressionMinSize"": ""9067"", ""connectionTimeout"": ""145911"", ""connectionUploadTimeout"": ""162191"", ""disableUploadTimeout"": ""TRUE"", ""executorTerminationTimeoutMillis"": ""74695"", ""keepAliveTimeout"": ""151961"", ""maxConnections"": ""6332"", ""maxHeaderCount"": ""600"", ""maxHttpHeaderSize"": ""50817"", ""maxHttpRequestHeaderSize"": ""47892"", ""maxHttpResponseHeaderSize"": ""14353"", ""maxKeepAliveRequests"": ""1191"", ""maxParameterCount"": ""34899"", ""maxSwallowSize"": ""4316207"", ""maxThreads"": ""166"", ""minSpareThreads"": ""802"", ""processorCache"": ""48"", ""tcpNoDelay"": ""FALSE"", ""threadPriority"": ""9"", ""threadsMaxIdleTime"": ""317928"", ""throughput__2"": ""2333.5"", ""useAsyncIO"": ""FALSE"", ""useVirtualThreads"": ""FALSE""}"
tomcat,tpe,3304,plain,false,75,2217.8,22.64,2217.8,10.026721477508545,"[8, 50, 10, False]",0.0,10.02663254737854,0.0,"{""acceptCount"": ""996"", ""allowBackslash"": ""FALSE"", ""compression"": ""on"", ""compressionMinSize"": ""7705"", ""connectionTimeout"": ""3160"", ""connectionUploadTimeout"": ""162577"", ""disableUploadTimeout"": ""TRUE"", ""executorTerminationTimeoutMillis"": ""93726"", ""keepAliveTimeout"": ""375437"", ""maxConnections"": ""3604"", ""maxHeaderCount"": ""648"", ""maxHttpHeaderSize"": ""51819"", ""maxHttpRequestHeaderSize"": ""62896"", ""maxHttpResponseHeaderSize"": ""27694"", ""maxKeepAliveRequests"": ""4503"", ""maxParameterCount"": ""3700"", ""maxSwallowSize"": ""18348705"", ""maxThreads"": ""392"", ""minSpareThreads"": ""831"", ""processorCache"": ""12"", ""tcpNoDelay"": ""FALSE"", ""threadPriority"": ""9"", ""threadsMaxIdleTime"": ""595172"", ""throughput__2"": ""2217.8"", ""useAsyncIO"": ""FALSE"", ""useVirtualThreads"": ""TRUE""}"
tomcat,tpe,3304,plain,false,76,2196.12,24.89,2196.12,10.050136804580688,"[8, 50, 10, False]",0.0,10.05004596710205,0.0,"{""acceptCount"": ""40"", ""allowBackslash"": ""FALSE"", ""compression"": ""off"", ""compressionMinSize"": ""3234"", ""connectionTimeout"": ""363108"", ""connectionUploadTimeout"": ""70089"", ""disableUploadTimeout"": ""TRUE"", ""executorTerminationTimeoutMillis"": ""530990"", ""keepAliveTimeout"": ""561563"", ""maxConnections"": ""1566"", ""maxHeaderCount"": ""582"", ""maxHttpHeaderSize"": ""61331"", ""maxHttpRequestHeaderSize"": ""56578"", ""maxHttpResponseHeaderSize"": ""10224"", ""maxKeepAliveRequests"": ""4158"", ""maxParameterCount"": ""985"", ""maxSwallowSize"": ""512115"", ""maxThreads"": ""353"", ""minSpareThreads"": ""608"", ""processorCache"": ""223"", ""tcpNoDelay"": ""TRUE"", ""threadPriority"": ""1"", ""threadsMaxIdleTime"": ""111475"", ""throughput__2"": ""2196.12"", ""useAsyncIO"": ""FALSE"", ""useVirtualThreads"": ""FALSE""}"
tomcat,tpe,3304,plain,false,77,2172.33,27.15,2172.33,10.06689453125,"[8, 50, 10, False]",0.0,10.06677508354187,0.0,"{""acceptCount"": ""35"", ""allowBackslash"": ""FALSE"", ""compression"": ""on"", ""compressionMinSize"": ""101"", ""connectionTimeout"": ""87119"", ""connectionUploadTimeout"": ""485062"", ""disableUploadTimeout"": ""TRUE"", ""executorTerminationTimeoutMillis"": ""475171"", ""keepAliveTimeout"": ""301125"", ""maxConnections"": ""3532"", ""maxHeaderCount"": ""678"", ""maxHttpHeaderSize"": ""18460"", ""maxHttpRequestHeaderSize"": ""45137"", ""maxHttpResponseHeaderSize"": ""3989"", ""maxKeepAliveRequests"": ""786"", ""maxParameterCount"": ""42888"", ""maxSwallowSize"": ""5691438"", ""maxThreads"": ""90"", ""minSpareThreads"": ""988"", ""processorCache"": ""300"", ""tcpNoDelay"": ""TRUE"", ""threadPriority"": ""5"", ""threadsMaxIdleTime"": ""49971"", ""throughput__2"": ""2172.33"", ""useAsyncIO"": ""FALSE"", ""useVirtualThreads"": ""FALSE""}"
tomcat,tpe,3304,plain,false,78,2202.22,25.44,2202.22,10.043606996536255,"[8, 50, 10, False]",0.0,10.043516874313354,0.0,"{""acceptCount"": ""353"", ""allowBackslash"": ""FALSE"", ""compression"": ""on"", ""compressionMinSize"": ""7584"", ""connectionTimeout"": ""56333"", ""connectionUploadTimeout"": ""128909"", ""disableUploadTimeout"": ""FALSE"", ""executorTerminationTimeoutMillis"": ""192961"", ""keepAliveTimeout"": ""421018"", ""maxConnections"": ""5057"", ""maxHeaderCount"": ""307"", ""maxHttpHeaderSize"": ""13821"", ""maxHttpRequestHeaderSize"": ""11027"", ""maxHttpResponseHeaderSize"": ""55389"", ""maxKeepAliveRequests"": ""2304"", ""maxParameterCount"": ""85599"", ""maxSwallowSize"": ""1450931"", ""maxThreads"": ""193"", ""minSpareThreads"": ""224"", ""processorCache"": ""174"", ""tcpNoDelay"": ""TRUE"", ""threadPriority"": ""1"", ""threadsMaxIdleTime"": ""306840"", ""throughput__2"": ""2202.22"", ""useAsyncIO"": ""FALSE"", ""useVirtualThreads"": ""FALSE""}"
tomcat,tpe,3304,plain,false,79,2263.47,25.36,2263.47,10.043475866317749,"[8, 50, 10, False]",0.0,10.043384075164795,0.0,"{""acceptCount"": ""919"", ""allowBackslash"": ""FALSE"", ""compression"": ""on"", ""compressionMinSize"": ""8156"", ""connectionTimeout"": ""504065"", ""connectionUploadTimeout"": ""113267"", ""disableUploadTimeout"": ""TRUE"", ""executorTerminationTimeoutMillis"": ""328356"", ""keepAliveTimeout"": ""233634"", ""maxConnections"": ""12701"", ""maxHeaderCount"": ""823"", ""maxHttpHeaderSize"": ""48448"", ""maxHttpRequestHeaderSize"": ""31993"", ""maxHttpResponseHeaderSize"": ""8441"", ""maxKeepAliveRequests"": ""434"", ""maxParameterCount"": ""63241"", ""maxSwallowSize"": ""9446397"", ""maxThreads"": ""272"", ""minSpareThreads"": ""247"", ""processorCache"": ""42"", ""tcpNoDelay"": ""FALSE"", ""threadPriority"": ""5"", ""threadsMaxIdleTime"": ""30463"", ""throughput__2"": ""2263.47"", ""useAsyncIO"": ""FALSE"", ""useVirtualThreads"": ""FALSE""}"
tomcat,tpe,3304,plain,false,80,2405.13,25.18,2405.13,10.03102993965149,"[8, 50, 10, False]",0.0,10.030936241149902,0.0,"{""acceptCount"": ""443"", ""allowBackslash"": ""FALSE"", ""compression"": ""on"", ""compressionMinSize"": ""940"", ""connectionTimeout"": ""37001"", ""connectionUploadTimeout"": ""465198"", ""disableUploadTimeout"": ""TRUE"", ""executorTerminationTimeoutMillis"": ""32022"", ""keepAliveTimeout"": ""317405"", ""maxConnections"": ""474"", ""maxHeaderCount"": ""132"", ""maxHttpHeaderSize"": ""33747"", ""maxHttpRequestHeaderSize"": ""34135"", ""maxHttpResponseHeaderSize"": ""43513"", ""maxKeepAliveRequests"": ""4078"", ""maxParameterCount"": ""99043"", ""maxSwallowSize"": ""1332059"", ""maxThreads"": ""225"", ""minSpareThreads"": ""107"", ""processorCache"": ""272"", ""tcpNoDelay"": ""TRUE"", ""threadPriority"": ""9"", ""threadsMaxIdleTime"": ""458703"", ""throughput__2"": ""2405.13"", ""useAsyncIO"": ""FALSE"", ""useVirtualThreads"": ""FALSE""}"
tomcat,tpe,3304,plain,false,81,2275.73,28.34,2275.73,10.027152299880981,"[8, 50, 10, False]",0.0,10.027066469192505,0.0,"{""acceptCount"": ""887"", ""allowBackslash"": ""TRUE"", ""compression"": ""on"", ""compressionMinSize"": ""4138"", ""connectionTimeout"": ""111745"", ""connectionUploadTimeout"": ""459300"", ""disableUploadTimeout"": ""FALSE"", ""executorTerminationTimeoutMillis"": ""360931"", ""keepAliveTimeout"": ""21803"", ""maxConnections"": ""16303"", ""maxHeaderCount"": ""162"", ""maxHttpHeaderSize"": ""5932"", ""maxHttpRequestHeaderSize"": ""52438"", ""maxHttpResponseHeaderSize"": ""45071"", ""maxKeepAliveRequests"": ""3865"", ""maxParameterCount"": ""9411"", ""maxSwallowSize"": ""3789023"", ""maxThreads"": ""51"", ""minSpareThreads"": ""298"", ""processorCache"": ""276"", ""tcpNoDelay"": ""FALSE"", ""threadPriority"": ""3"", ""threadsMaxIdleTime"": ""566935"", ""throughput__2"": ""2275.73"", ""useAsyncIO"": ""FALSE"", ""useVirtualThreads"": ""FALSE""}"
tomcat,tpe,3304,plain,false,82,2115.32,23.72,2115.32,10.03803825378418,"[8, 50, 10, False]",0.0,10.037954092025757,0.0,"{""acceptCount"": ""656"", ""allowBackslash"": ""FALSE"", ""compression"": ""on"", ""compressionMinSize"": ""5970"", ""connectionTimeout"": ""224597"", ""connectionUploadTimeout"": ""270481"", ""disableUploadTimeout"": ""TRUE"", ""executorTerminationTimeoutMillis"": ""231369"", ""keepAliveTimeout"": ""480110"", ""maxConnections"": ""17970"", ""maxHeaderCount"": ""548"", ""maxHttpHeaderSize"": ""55801"", ""maxHttpRequestHeaderSize"": ""13924"", ""maxHttpResponseHeaderSize"": ""60951"", ""maxKeepAliveRequests"": ""2058"", ""maxParameterCount"": ""31769"", ""maxSwallowSize"": ""5779793"", ""maxThreads"": ""14"", ""minSpareThreads"": ""851"", ""processorCache"": ""95"", ""tcpNoDelay"": ""FALSE"", ""threadPriority"": ""9"", ""threadsMaxIdleTime"": ""228175"", ""throughput__2"": ""2115.32"", ""useAsyncIO"": ""TRUE"", ""useVirtualThreads"": ""FALSE""}"
tomcat,tpe,3304,plain,false,83,2229.79,24.35,2229.79,10.044530391693115,"[8, 50, 10, False]",0.0,10.044438600540161,0.0,"{""acceptCount"": ""202"", ""allowBackslash"": ""FALSE"", ""compression"": ""on"", ""compressionMinSize"": ""9032"", ""connectionTimeout"": ""391992"", ""connectionUploadTimeout"": ""521593"", ""disableUploadTimeout"": ""TRUE"", ""executorTerminationTimeoutMillis"": ""517674"", ""keepAliveTimeout"": ""52327"", ""maxConnections"": ""3185"", ""maxHeaderCount"": ""874"", ""maxHttpHeaderSize"": ""50487"", ""maxHttpRequestHeaderSize"": ""37828"", ""maxHttpResponseHeaderSize"": ""44523"", ""maxKeepAliveRequests"": ""704"", ""maxParameterCount"": ""32731"", ""maxSwallowSize"": ""7735116"", ""maxThreads"": ""22"", ""minSpareThreads"": ""982"", ""processorCache"": ""298"", ""tcpNoDelay"": ""TRUE"", ""threadPriority"": ""4"", ""threadsMaxIdleTime"": ""206281"", ""throughput__2"": ""2229.79"", ""useAsyncIO"": ""FALSE"", ""useVirtualThreads"": ""FALSE""}"
tomcat,tpe,3304,plain,false,84,2121.78,26.26,2121.78,10.034204959869385,"[8, 50, 10, False]",0.0,10.034119367599487,0.0,"{""acceptCount"": ""928"", ""allowBackslash"": ""TRUE"", ""compression"": ""on"", ""compressionMinSize"": ""9486"", ""connectionTimeout"": ""303152"", ""connectionUploadTimeout"": ""245272"", ""disableUploadTimeout"": ""TRUE"", ""executorTerminationTimeoutMillis"": ""501869"", ""keepAliveTimeout"": ""185884"", ""maxConnections"": ""9770"", ""maxHeaderCount"": ""466"", ""maxHttpHeaderSize"": ""21614"", ""maxHttpRequestHeaderSize"": ""22381"", ""maxHttpResponseHeaderSize"": ""58255"", ""maxKeepAliveRequests"": ""808"", ""maxParameterCount"": ""49683"", ""maxSwallowSize"": ""5320120"", ""maxThreads"": ""39"", ""minSpareThreads"": ""902"", ""processorCache"": ""143"", ""tcpNoDelay"": ""TRUE"", ""threadPriority"": ""9"", ""threadsMaxIdleTime"": ""10416"", ""throughput__2"": ""2121.78"", ""useAsyncIO"": ""FALSE"", ""useVirtualThreads"": ""FALSE""}"
tomcat,tpe,3304,plain,false,85,2263.06,25.52,2263.06,10.029438257217407,"[8, 50, 10, False]",0.0,10.02934455871582,0.0,"{""acceptCount"": ""761"", ""allowBackslash"": ""FALSE"", ""compression"": ""on"", ""compressionMinSize"": ""2792"", ""connectionTimeout"": ""456119"", ""connectionUploadTimeout"": ""465890"", ""disableUploadTimeout"": ""FALSE"", ""executorTerminationTimeoutMillis"": ""554547"", ""keepAliveTimeout"": ""537514"", ""maxConnections"": ""14018"", ""maxHeaderCount"": ""496"", ""maxHttpHeaderSize"": ""46456"", ""maxHttpRequestHeaderSize"": ""14436"", ""maxHttpResponseHeaderSize"": ""52875"", ""maxKeepAliveRequests"": ""1753"", ""maxParameterCount"": ""27146"", ""maxSwallowSize"": ""19170444"", ""maxThreads"": ""66"", ""minSpareThreads"": ""822"", ""processorCache"": ""249"", ""tcpNoDelay"": ""TRUE"", ""threadPriority"": ""3"", ""threadsMaxIdleTime"": ""148719"", ""throughput__2"": ""2263.06"", ""useAsyncIO"": ""FALSE"", ""useVirtualThreads"": ""FALSE""}"
tomcat,tpe,3304,plain,false,86,2276.56,24.89,2276.56,10.038350820541382,"[8, 50, 10, False]",0.0,10.038259983062744,0.0,"{""acceptCount"": ""385"", ""allowBackslash"": ""FALSE"", ""compression"": ""off"", ""compressionMinSize"": ""8566"", ""connectionTimeout"": ""184451"", ""connectionUploadTimeout"": ""316229"", ""disableUploadTimeout"": ""FALSE"", ""executorTerminationTimeoutMillis"": ""487959"", ""keepAliveTimeout"": ""524402"", ""maxConnections"": ""7627"", ""maxHeaderCount"": ""468"", ""maxHttpHeaderSize"": ""558"", ""maxHttpRequestHeaderSize"": ""53790"", ""maxHttpResponseHeaderSize"": ""63961"", ""maxKeepAliveRequests"": ""2332"", ""maxParameterCount"": ""69696"", ""maxSwallowSize"": ""1093206"", ""maxThreads"": ""338"", ""minSpareThreads"": ""408"", ""processorCache"": ""316"", ""tcpNoDelay"": ""FALSE"", ""threadPriority"": ""10"", ""threadsMaxIdleTime"": ""551783"", ""throughput__2"": ""2276.56"", ""useAsyncIO"": ""TRUE"", ""useVirtualThreads"": ""FALSE""}"
tomcat,tpe,3304,plain,false,87,1983.32,25.53,1983.32,10.028927087783813,"[8, 50, 10, False]",0.0,10.02880048751831,0.0,"{""acceptCount"": ""192"", ""allowBackslash"": ""FALSE"", ""compression"": ""on"", ""compressionMinSize"": ""7741"", ""connectionTimeout"": ""488416"", ""connectionUploadTimeout"": ""451634"", ""disableUploadTimeout"": ""TRUE"", ""executorTerminationTimeoutMillis"": ""230080"", ""keepAliveTimeout"": ""505113"", ""maxConnections"": ""1932"", ""maxHeaderCount"": ""968"", ""maxHttpHeaderSize"": ""23619"", ""maxHttpRequestHeaderSize"": ""62028"", ""maxHttpResponseHeaderSize"": ""55573"", ""maxKeepAliveRequests"": ""3530"", ""maxParameterCount"": ""35740"", ""maxSwallowSize"": ""18605311"", ""maxThreads"": ""138"", ""minSpareThreads"": ""559"", ""processorCache"": ""368"", ""tcpNoDelay"": ""TRUE"", ""threadPriority"": ""1"", ""threadsMaxIdleTime"": ""123723"", ""throughput__2"": ""1983.32"", ""useAsyncIO"": ""FALSE"", ""useVirtualThreads"": ""TRUE""}"
tomcat,tpe,3304,plain,false,88,2162.0,32.53,2162.0,10.053908348083496,"[8, 50, 10, False]",0.0,10.05381989479065,0.0,"{""acceptCount"": ""879"", ""allowBackslash"": ""TRUE"", ""compression"": ""force"", ""compressionMinSize"": ""4468"", ""connectionTimeout"": ""65325"", ""connectionUploadTimeout"": ""487689"", ""disableUploadTimeout"": ""FALSE"", ""executorTerminationTimeoutMillis"": ""530013"", ""keepAliveTimeout"": ""84204"", ""maxConnections"": ""3852"", ""maxHeaderCount"": ""215"", ""maxHttpHeaderSize"": ""49483"", ""maxHttpRequestHeaderSize"": ""41117"", ""maxHttpResponseHeaderSize"": ""5285"", ""maxKeepAliveRequests"": ""4915"", ""maxParameterCount"": ""74864"", ""maxSwallowSize"": ""16192281"", ""maxThreads"": ""225"", ""minSpareThreads"": ""41"", ""processorCache"": ""385"", ""tcpNoDelay"": ""FALSE"", ""threadPriority"": ""9"", ""threadsMaxIdleTime"": ""264800"", ""throughput__2"": ""2162.0"", ""useAsyncIO"": ""FALSE"", ""useVirtualThreads"": ""FALSE""}"
tomcat,tpe,3304,plain,false,89,2007.3,25.9,2007.3,10.054291248321533,"[8, 50, 10, False]",0.0,10.054200410842896,0.0,"{""acceptCount"": ""551"", ""allowBackslash"": ""FALSE"", ""compression"": ""on"", ""compressionMinSize"": ""6663"", ""connectionTimeout"": ""18494"", ""connectionUploadTimeout"": ""54511"", ""disableUploadTimeout"": ""TRUE"", ""executorTerminationTimeoutMillis"": ""289161"", ""keepAliveTimeout"": ""45524"", ""maxConnections"": ""12331"", ""maxHeaderCount"": ""170"", ""maxHttpHeaderSize"": ""35845"", ""maxHttpRequestHeaderSize"": ""46062"", ""maxHttpResponseHeaderSize"": ""6665"", ""maxKeepAliveRequests"": ""427"", ""maxParameterCount"": ""54860"", ""maxSwallowSize"": ""3675107"", ""maxThreads"": ""388"", ""minSpareThreads"": ""808"", ""processorCache"": ""125"", ""tcpNoDelay"": ""FALSE"", ""threadPriority"": ""9"", ""threadsMaxIdleTime"": ""321138"", ""throughput__2"": ""2007.3"", ""useAsyncIO"": ""FALSE"", ""useVirtualThreads"": ""TRUE""}"
tomcat,tpe,3304,plain,false,90,2358.52,25.87,2358.52,10.0394446849823,"[8, 50, 10, False]",0.0,10.039355039596558,0.0,"{""acceptCount"": ""258"", ""allowBackslash"": ""FALSE"", ""compression"": ""on"", ""compressionMinSize"": ""4337"", ""connectionTimeout"": ""84315"", ""connectionUploadTimeout"": ""193930"", ""disableUploadTimeout"": ""TRUE"", ""executorTerminationTimeoutMillis"": ""247979"", ""keepAliveTimeout"": ""543564"", ""maxConnections"": ""11842"", ""maxHeaderCount"": ""531"", ""maxHttpHeaderSize"": ""56856"", ""maxHttpRequestHeaderSize"": ""49238"", ""maxHttpResponseHeaderSize"": ""11992"", ""maxKeepAliveRequests"": ""2059"", ""maxParameterCount"": ""39820"", ""maxSwallowSize"": ""8340175"", ""maxThreads"": ""220"", ""minSpareThreads"": ""928"", ""processorCache"": ""5"", ""tcpNoDelay"": ""FALSE"", ""threadPriority"": ""6"", ""threadsMaxIdleTime"": ""535386"", ""throughput__2"": ""2358.52"", ""useAsyncIO"": ""FALSE"", ""useVirtualThreads"": ""FALSE""}"
tomcat,tpe,3304,plain,false,91,2337.29,38.88,2337.29,10.04369854927063,"[8, 50, 10, False]",0.0,10.04359245300293,0.0,"{""acceptCount"": ""5"", ""allowBackslash"": ""FALSE"", ""compression"": ""force"", ""compressionMinSize"": ""9715"", ""connectionTimeout"": ""137181"", ""connectionUploadTimeout"": ""97368"", ""disableUploadTimeout"": ""TRUE"", ""executorTerminationTimeoutMillis"": ""63849"", ""keepAliveTimeout"": ""398620"", ""maxConnections"": ""10395"", ""maxHeaderCount"": ""776"", ""maxHttpHeaderSize"": ""56665"", ""maxHttpRequestHeaderSize"": ""57681"", ""maxHttpResponseHeaderSize"": ""51741"", ""maxKeepAliveRequests"": ""441"", ""maxParameterCount"": ""66412"", ""maxSwallowSize"": ""16815126"", ""maxThreads"": ""262"", ""minSpareThreads"": ""241"", ""processorCache"": ""137"", ""tcpNoDelay"": ""FALSE"", ""threadPriority"": ""3"", ""threadsMaxIdleTime"": ""486535"", ""throughput__2"": ""2337.29"", ""useAsyncIO"": ""FALSE"", ""useVirtualThreads"": ""FALSE""}"
tomcat,tpe,3304,plain,false,92,2216.98,25.56,2216.98,10.03442120552063,"[8, 50, 10, False]",0.0,10.034337282180786,0.0,"{""acceptCount"": ""329"", ""allowBackslash"": ""FALSE"", ""compression"": ""on"", ""compressionMinSize"": ""6863"", ""connectionTimeout"": ""183787"", ""connectionUploadTimeout"": ""373981"", ""disableUploadTimeout"": ""TRUE"", ""executorTerminationTimeoutMillis"": ""78022"", ""keepAliveTimeout"": ""573365"", ""maxConnections"": ""12094"", ""maxHeaderCount"": ""850"", ""maxHttpHeaderSize"": ""30553"", ""maxHttpRequestHeaderSize"": ""581"", ""maxHttpResponseHeaderSize"": ""10152"", ""maxKeepAliveRequests"": ""3495"", ""maxParameterCount"": ""26614"", ""maxSwallowSize"": ""7267213"", ""maxThreads"": ""384"", ""minSpareThreads"": ""795"", ""processorCache"": ""90"", ""tcpNoDelay"": ""FALSE"", ""threadPriority"": ""1"", ""threadsMaxIdleTime"": ""526871"", ""throughput__2"": ""2216.98"", ""useAsyncIO"": ""FALSE"", ""useVirtualThreads"": ""FALSE""}"
tomcat,tpe,3304,plain,false,93,2163.63,25.41,2163.63,10.05112099647522,"[8, 50, 10, False]",0.0,10.051028966903687,0.0,"{""acceptCount"": ""887"", ""allowBackslash"": ""FALSE"", ""compression"": ""force"", ""compressionMinSize"": ""9813"", ""connectionTimeout"": ""78881"", ""connectionUploadTimeout"": ""376494"", ""disableUploadTimeout"": ""FALSE"", ""executorTerminationTimeoutMillis"": ""16119"", ""keepAliveTimeout"": ""580645"", ""maxConnections"": ""1350"", ""maxHeaderCount"": ""393"", ""maxHttpHeaderSize"": ""10726"", ""maxHttpRequestHeaderSize"": ""15364"", ""maxHttpResponseHeaderSize"": ""5705"", ""maxKeepAliveRequests"": ""4066"", ""maxParameterCount"": ""50449"", ""maxSwallowSize"": ""14390273"", ""maxThreads"": ""22"", ""minSpareThreads"": ""991"", ""processorCache"": ""399"", ""tcpNoDelay"": ""FALSE"", ""threadPriority"": ""10"", ""threadsMaxIdleTime"": ""353959"", ""throughput__2"": ""2163.63"", ""useAsyncIO"": ""FALSE"", ""useVirtualThreads"": ""FALSE""}"
tomcat,tpe,3304,plain,false,94,2094.3,26.19,2094.3,10.06110954284668,"[8, 50, 10, False]",0.0,10.060984373092651,0.0,"{""acceptCount"": ""663"", ""allowBackslash"": ""FALSE"", ""compression"": ""on"", ""compressionMinSize"": ""1195"", ""connectionTimeout"": ""149063"", ""connectionUploadTimeout"": ""397721"", ""disableUploadTimeout"": ""FALSE"", ""executorTerminationTimeoutMillis"": ""384418"", ""keepAliveTimeout"": ""595624"", ""maxConnections"": ""14136"", ""maxHeaderCount"": ""691"", ""maxHttpHeaderSize"": ""43456"", ""maxHttpRequestHeaderSize"": ""63485"", ""maxHttpResponseHeaderSize"": ""38656"", ""maxKeepAliveRequests"": ""3639"", ""maxParameterCount"": ""41877"", ""maxSwallowSize"": ""11861375"", ""maxThreads"": ""310"", ""minSpareThreads"": ""201"", ""processorCache"": ""200"", ""tcpNoDelay"": ""TRUE"", ""threadPriority"": ""6"", ""threadsMaxIdleTime"": ""321926"", ""throughput__2"": ""2094.3"", ""useAsyncIO"": ""FALSE"", ""useVirtualThreads"": ""FALSE""}"
tomcat,tpe,3304,plain,false,95,2355.0,27.01,2355.0,10.03546142578125,"[8, 50, 10, False]",0.0,10.035374164581299,0.0,"{""acceptCount"": ""407"", ""allowBackslash"": ""FALSE"", ""compression"": ""off"", ""compressionMinSize"": ""8585"", ""connectionTimeout"": ""143197"", ""connectionUploadTimeout"": ""83784"", ""disableUploadTimeout"": ""TRUE"", ""executorTerminationTimeoutMillis"": ""449519"", ""keepAliveTimeout"": ""412542"", ""maxConnections"": ""2693"", ""maxHeaderCount"": ""955"", ""maxHttpHeaderSize"": ""15865"", ""maxHttpRequestHeaderSize"": ""36593"", ""maxHttpResponseHeaderSize"": ""55800"", ""maxKeepAliveRequests"": ""2625"", ""maxParameterCount"": ""49609"", ""maxSwallowSize"": ""8054759"", ""maxThreads"": ""167"", ""minSpareThreads"": ""422"", ""processorCache"": ""194"", ""tcpNoDelay"": ""FALSE"", ""threadPriority"": ""3"", ""threadsMaxIdleTime"": ""570669"", ""throughput__2"": ""2355.0"", ""useAsyncIO"": ""FALSE"", ""useVirtualThreads"": ""FALSE""}"
tomcat,tpe,3304,plain,false,96,2354.27,24.39,2354.27,10.029308080673218,"[8, 50, 10, False]",0.0,10.02922010421753,0.0,"{""acceptCount"": ""23"", ""allowBackslash"": ""FALSE"", ""compression"": ""force"", ""compressionMinSize"": ""7342"", ""connectionTimeout"": ""83712"", ""connectionUploadTimeout"": ""328334"", ""disableUploadTimeout"": ""TRUE"", ""executorTerminationTimeoutMillis"": ""34599"", ""keepAliveTimeout"": ""302489"", ""maxConnections"": ""5191"", ""maxHeaderCount"": ""963"", ""maxHttpHeaderSize"": ""53384"", ""maxHttpRequestHeaderSize"": ""43598"", ""maxHttpResponseHeaderSize"": ""20428"", ""maxKeepAliveRequests"": ""1223"", ""maxParameterCount"": ""22337"", ""maxSwallowSize"": ""12937663"", ""maxThreads"": ""168"", ""minSpareThreads"": ""224"", ""processorCache"": ""330"", ""tcpNoDelay"": ""FALSE"", ""threadPriority"": ""2"", ""threadsMaxIdleTime"": ""47078"", ""throughput__2"": ""2354.27"", ""useAsyncIO"": ""TRUE"", ""useVirtualThreads"": ""FALSE""}"
tomcat,tpe,3304,plain,false,97,2181.88,25.58,2181.88,10.037625789642334,"[8, 50, 10, False]",0.0,10.03753399848938,0.0,"{""acceptCount"": ""802"", ""allowBackslash"": ""TRUE"", ""compression"": ""on"", ""compressionMinSize"": ""8957"", ""connectionTimeout"": ""386832"", ""connectionUploadTimeout"": ""158660"", ""disableUploadTimeout"": ""FALSE"", ""executorTerminationTimeoutMillis"": ""515536"", ""keepAliveTimeout"": ""28556"", ""maxConnections"": ""3943"", ""maxHeaderCount"": ""174"", ""maxHttpHeaderSize"": ""38348"", ""maxHttpRequestHeaderSize"": ""17162"", ""maxHttpResponseHeaderSize"": ""7146"", ""maxKeepAliveRequests"": ""2856"", ""maxParameterCount"": ""90851"", ""maxSwallowSize"": ""12320358"", ""maxThreads"": ""354"", ""minSpareThreads"": ""803"", ""processorCache"": ""170"", ""tcpNoDelay"": ""FALSE"", ""threadPriority"": ""7"", ""threadsMaxIdleTime"": ""561062"", ""throughput__2"": ""2181.88"", ""useAsyncIO"": ""TRUE"", ""useVirtualThreads"": ""FALSE""}"
tomcat,tpe,3304,plain,false,98,2226.16,32.76,2226.16,10.066258192062378,"[8, 50, 10, False]",0.0,10.06616473197937,0.0,"{""acceptCount"": ""22"", ""allowBackslash"": ""FALSE"", ""compression"": ""off"", ""compressionMinSize"": ""4862"", ""connectionTimeout"": ""217224"", ""connectionUploadTimeout"": ""140431"", ""disableUploadTimeout"": ""TRUE"", ""executorTerminationTimeoutMillis"": ""98144"", ""keepAliveTimeout"": ""210579"", ""maxConnections"": ""13778"", ""maxHeaderCount"": ""516"", ""maxHttpHeaderSize"": ""16364"", ""maxHttpRequestHeaderSize"": ""20429"", ""maxHttpResponseHeaderSize"": ""8505"", ""maxKeepAliveRequests"": ""3477"", ""maxParameterCount"": ""65389"", ""maxSwallowSize"": ""4440486"", ""maxThreads"": ""133"", ""minSpareThreads"": ""350"", ""processorCache"": ""173"", ""tcpNoDelay"": ""FALSE"", ""threadPriority"": ""1"", ""threadsMaxIdleTime"": ""42359"", ""throughput__2"": ""2226.16"", ""useAsyncIO"": ""TRUE"", ""useVirtualThreads"": ""FALSE""}"
tomcat,tpe,3304,plain,false,99,2200.48,25.29,2200.48,10.05885100364685,"[8, 50, 10, False]",0.0,10.058756113052368,0.0,"{""acceptCount"": ""253"", ""allowBackslash"": ""FALSE"", ""compression"": ""on"", ""compressionMinSize"": ""6272"", ""connectionTimeout"": ""26589"", ""connectionUploadTimeout"": ""203251"", ""disableUploadTimeout"": ""TRUE"", ""executorTerminationTimeoutMillis"": ""159773"", ""keepAliveTimeout"": ""520456"", ""maxConnections"": ""2273"", ""maxHeaderCount"": ""338"", ""maxHttpHeaderSize"": ""54078"", ""maxHttpRequestHeaderSize"": ""53131"", ""maxHttpResponseHeaderSize"": ""54975"", ""maxKeepAliveRequests"": ""1077"", ""maxParameterCount"": ""52704"", ""maxSwallowSize"": ""10325606"", ""maxThreads"": ""158"", ""minSpareThreads"": ""176"", ""processorCache"": ""253"", ""tcpNoDelay"": ""FALSE"", ""threadPriority"": ""8"", ""threadsMaxIdleTime"": ""258956"", ""throughput__2"": ""2200.48"", ""useAsyncIO"": ""FALSE"", ""useVirtualThreads"": ""FALSE""}"
tomcat,tpe,3304,plain,false,100,2217.01,24.81,2217.01,10.037059783935547,"[8, 50, 10, False]",0.0,10.03696608543396,0.0,"{""acceptCount"": ""144"", ""allowBackslash"": ""FALSE"", ""compression"": ""off"", ""compressionMinSize"": ""2294"", ""connectionTimeout"": ""71479"", ""connectionUploadTimeout"": ""294085"", ""disableUploadTimeout"": ""TRUE"", ""executorTerminationTimeoutMillis"": ""433081"", ""keepAliveTimeout"": ""402035"", ""maxConnections"": ""18710"", ""maxHeaderCount"": ""708"", ""maxHttpHeaderSize"": ""828"", ""maxHttpRequestHeaderSize"": ""51211"", ""maxHttpResponseHeaderSize"": ""64700"", ""maxKeepAliveRequests"": ""69"", ""maxParameterCount"": ""97799"", ""maxSwallowSize"": ""7678350"", ""maxThreads"": ""226"", ""minSpareThreads"": ""78"", ""processorCache"": ""81"", ""tcpNoDelay"": ""FALSE"", ""threadPriority"": ""5"", ""threadsMaxIdleTime"": ""406075"", ""throughput__2"": ""2217.01"", ""useAsyncIO"": ""FALSE"", ""useVirtualThreads"": ""FALSE""}"
tomcat,tpe,3304,plain,false,101,2091.31,24.14,2091.31,10.036577701568604,"[8, 50, 10, False]",0.0,10.036484003067017,0.0,"{""acceptCount"": ""691"", ""allowBackslash"": ""FALSE"", ""compression"": ""force"", ""compressionMinSize"": ""7343"", ""connectionTimeout"": ""58067"", ""connectionUploadTimeout"": ""521366"", ""disableUploadTimeout"": ""TRUE"", ""executorTerminationTimeoutMillis"": ""71673"", ""keepAliveTimeout"": ""316958"", ""maxConnections"": ""1612"", ""maxHeaderCount"": ""65"", ""maxHttpHeaderSize"": ""34899"", ""maxHttpRequestHeaderSize"": ""25334"", ""maxHttpResponseHeaderSize"": ""14389"", ""maxKeepAliveRequests"": ""3687"", ""maxParameterCount"": ""50805"", ""maxSwallowSize"": ""10855653"", ""maxThreads"": ""231"", ""minSpareThreads"": ""973"", ""processorCache"": ""314"", ""tcpNoDelay"": ""TRUE"", ""threadPriority"": ""10"", ""threadsMaxIdleTime"": ""124696"", ""throughput__2"": ""2091.31"", ""useAsyncIO"": ""FALSE"", ""useVirtualThreads"": ""TRUE""}"
tomcat,tpe,3304,plain,false,102,2230.17,28.5,2230.17,10.039268016815186,"[8, 50, 10, False]",0.0,10.039175271987915,0.0,"{""acceptCount"": ""594"", ""allowBackslash"": ""FALSE"", ""compression"": ""off"", ""compressionMinSize"": ""4137"", ""connectionTimeout"": ""266681"", ""connectionUploadTimeout"": ""274185"", ""disableUploadTimeout"": ""TRUE"", ""executorTerminationTimeoutMillis"": ""418850"", ""keepAliveTimeout"": ""186848"", ""maxConnections"": ""1033"", ""maxHeaderCount"": ""712"", ""maxHttpHeaderSize"": ""45843"", ""maxHttpRequestHeaderSize"": ""57282"", ""maxHttpResponseHeaderSize"": ""34403"", ""maxKeepAliveRequests"": ""2990"", ""maxParameterCount"": ""11520"", ""maxSwallowSize"": ""20495940"", ""maxThreads"": ""103"", ""minSpareThreads"": ""177"", ""processorCache"": ""387"", ""tcpNoDelay"": ""FALSE"", ""threadPriority"": ""1"", ""threadsMaxIdleTime"": ""163834"", ""throughput__2"": ""2230.17"", ""useAsyncIO"": ""TRUE"", ""useVirtualThreads"": ""FALSE""}"
tomcat,tpe,3304,plain,false,103,2292.22,23.75,2292.22,10.028499603271484,"[8, 50, 10, False]",0.0,10.028379678726196,0.0,"{""acceptCount"": ""419"", ""allowBackslash"": ""FALSE"", ""compression"": ""off"", ""compressionMinSize"": ""2177"", ""connectionTimeout"": ""259051"", ""connectionUploadTimeout"": ""290463"", ""disableUploadTimeout"": ""TRUE"", ""executorTerminationTimeoutMillis"": ""67812"", ""keepAliveTimeout"": ""34447"", ""maxConnections"": ""2194"", ""maxHeaderCount"": ""779"", ""maxHttpHeaderSize"": ""44418"", ""maxHttpRequestHeaderSize"": ""2724"", ""maxHttpResponseHeaderSize"": ""63576"", ""maxKeepAliveRequests"": ""1493"", ""maxParameterCount"": ""28138"", ""maxSwallowSize"": ""1251982"", ""maxThreads"": ""23"", ""minSpareThreads"": ""659"", ""processorCache"": ""178"", ""tcpNoDelay"": ""FALSE"", ""threadPriority"": ""2"", ""threadsMaxIdleTime"": ""456684"", ""throughput__2"": ""2292.22"", ""useAsyncIO"": ""FALSE"", ""useVirtualThreads"": ""FALSE""}"
tomcat,tpe,3304,plain,false,104,2101.77,24.37,2101.77,10.049384355545044,"[8, 50, 10, False]",0.0,10.049296617507935,0.0,"{""acceptCount"": ""579"", ""allowBackslash"": ""FALSE"", ""compression"": ""off"", ""compressionMinSize"": ""4890"", ""connectionTimeout"": ""76496"", ""connectionUploadTimeout"": ""406842"", ""disableUploadTimeout"": ""TRUE"", ""executorTerminationTimeoutMillis"": ""364275"", ""keepAliveTimeout"": ""247213"", ""maxConnections"": ""943"", ""maxHeaderCount"": ""385"", ""maxHttpHeaderSize"": ""61195"", ""maxHttpRequestHeaderSize"": ""20487"", ""maxHttpResponseHeaderSize"": ""63684"", ""maxKeepAliveRequests"": ""978"", ""maxParameterCount"": ""15354"", ""maxSwallowSize"": ""679286"", ""maxThreads"": ""331"", ""minSpareThreads"": ""702"", ""processorCache"": ""186"", ""tcpNoDelay"": ""FALSE"", ""threadPriority"": ""3"", ""threadsMaxIdleTime"": ""317050"", ""throughput__2"": ""2101.77"", ""useAsyncIO"": ""FALSE"", ""useVirtualThreads"": ""TRUE""}"
tomcat,tpe,3304,plain,false,105,2211.04,25.78,2211.04,10.072375535964966,"[8, 50, 10, False]",0.0,10.0722815990448,0.0,"{""acceptCount"": ""553"", ""allowBackslash"": ""FALSE"", ""compression"": ""force"", ""compressionMinSize"": ""804"", ""connectionTimeout"": ""589185"", ""connectionUploadTimeout"": ""273453"", ""disableUploadTimeout"": ""FALSE"", ""executorTerminationTimeoutMillis"": ""578945"", ""keepAliveTimeout"": ""7564"", ""maxConnections"": ""4392"", ""maxHeaderCount"": ""819"", ""maxHttpHeaderSize"": ""34509"", ""maxHttpRequestHeaderSize"": ""15145"", ""maxHttpResponseHeaderSize"": ""44637"", ""maxKeepAliveRequests"": ""3524"", ""maxParameterCount"": ""34752"", ""maxSwallowSize"": ""989985"", ""maxThreads"": ""152"", ""minSpareThreads"": ""448"", ""processorCache"": ""187"", ""tcpNoDelay"": ""TRUE"", ""threadPriority"": ""3"", ""threadsMaxIdleTime"": ""174899"", ""throughput__2"": ""2211.04"", ""useAsyncIO"": ""FALSE"", ""useVirtualThreads"": ""FALSE""}"
tomcat,tpe,3304,plain,false,106,2226.9,23.05,2226.9,10.060157299041748,"[8, 50, 10, False]",0.0,10.060067176818848,0.0,"{""acceptCount"": ""994"", ""allowBackslash"": ""FALSE"", ""compression"": ""off"", ""compressionMinSize"": ""9789"", ""connectionTimeout"": ""382055"", ""connectionUploadTimeout"": ""461938"", ""disableUploadTimeout"": ""TRUE"", ""executorTerminationTimeoutMillis"": ""86840"", ""keepAliveTimeout"": ""78703"", ""maxConnections"": ""2339"", ""maxHeaderCount"": ""861"", ""maxHttpHeaderSize"": ""57275"", ""maxHttpRequestHeaderSize"": ""27152"", ""maxHttpResponseHeaderSize"": ""47642"", ""maxKeepAliveRequests"": ""599"", ""maxParameterCount"": ""50734"", ""maxSwallowSize"": ""1781793"", ""maxThreads"": ""14"", ""minSpareThreads"": ""917"", ""processorCache"": ""76"", ""tcpNoDelay"": ""FALSE"", ""threadPriority"": ""3"", ""threadsMaxIdleTime"": ""69792"", ""throughput__2"": ""2226.9"", ""useAsyncIO"": ""FALSE"", ""useVirtualThreads"": ""FALSE""}"
tomcat,tpe,3304,plain,false,107,2168.54,25.2,2168.54,10.057216882705688,"[8, 50, 10, False]",0.0,10.057126760482788,0.0,"{""acceptCount"": ""926"", ""allowBackslash"": ""FALSE"", ""compression"": ""off"", ""compressionMinSize"": ""220"", ""connectionTimeout"": ""575509"", ""connectionUploadTimeout"": ""31518"", ""disableUploadTimeout"": ""TRUE"", ""executorTerminationTimeoutMillis"": ""525923"", ""keepAliveTimeout"": ""161860"", ""maxConnections"": ""1177"", ""maxHeaderCount"": ""947"", ""maxHttpHeaderSize"": ""42433"", ""maxHttpRequestHeaderSize"": ""36985"", ""maxHttpResponseHeaderSize"": ""27784"", ""maxKeepAliveRequests"": ""4105"", ""maxParameterCount"": ""68020"", ""maxSwallowSize"": ""4839127"", ""maxThreads"": ""281"", ""minSpareThreads"": ""494"", ""processorCache"": ""250"", ""tcpNoDelay"": ""FALSE"", ""threadPriority"": ""7"", ""threadsMaxIdleTime"": ""452706"", ""throughput__2"": ""2168.54"", ""useAsyncIO"": ""FALSE"", ""useVirtualThreads"": ""FALSE""}"
tomcat,tpe,3304,plain,false,108,2145.25,23.54,2145.25,10.0481436252594,"[8, 50, 10, False]",0.0,10.04805588722229,0.0,"{""acceptCount"": ""310"", ""allowBackslash"": ""FALSE"", ""compression"": ""off"", ""compressionMinSize"": ""2559"", ""connectionTimeout"": ""376380"", ""connectionUploadTimeout"": ""217418"", ""disableUploadTimeout"": ""TRUE"", ""executorTerminationTimeoutMillis"": ""476637"", ""keepAliveTimeout"": ""558716"", ""maxConnections"": ""6901"", ""maxHeaderCount"": ""849"", ""maxHttpHeaderSize"": ""23161"", ""maxHttpRequestHeaderSize"": ""54653"", ""maxHttpResponseHeaderSize"": ""33210"", ""maxKeepAliveRequests"": ""4590"", ""maxParameterCount"": ""72386"", ""maxSwallowSize"": ""11261978"", ""maxThreads"": ""290"", ""minSpareThreads"": ""728"", ""processorCache"": ""47"", ""tcpNoDelay"": ""FALSE"", ""threadPriority"": ""2"", ""threadsMaxIdleTime"": ""265299"", ""throughput__2"": ""2145.25"", ""useAsyncIO"": ""FALSE"", ""useVirtualThreads"": ""TRUE""}"
tomcat,tpe,3304,plain,false,109,2353.32,23.82,2353.32,10.028836488723755,"[8, 50, 10, False]",0.0,10.028745889663696,0.0,"{""acceptCount"": ""308"", ""allowBackslash"": ""FALSE"", ""compression"": ""on"", ""compressionMinSize"": ""2596"", ""connectionTimeout"": ""94066"", ""connectionUploadTimeout"": ""445784"", ""disableUploadTimeout"": ""TRUE"", ""executorTerminationTimeoutMillis"": ""248324"", ""keepAliveTimeout"": ""322277"", ""maxConnections"": ""11639"", ""maxHeaderCount"": ""514"", ""maxHttpHeaderSize"": ""19768"", ""maxHttpRequestHeaderSize"": ""36583"", ""maxHttpResponseHeaderSize"": ""559"", ""maxKeepAliveRequests"": ""393"", ""maxParameterCount"": ""80993"", ""maxSwallowSize"": ""4598642"", ""maxThreads"": ""371"", ""minSpareThreads"": ""188"", ""processorCache"": ""47"", ""tcpNoDelay"": ""TRUE"", ""threadPriority"": ""6"", ""threadsMaxIdleTime"": ""84098"", ""throughput__2"": ""2353.32"", ""useAsyncIO"": ""FALSE"", ""useVirtualThreads"": ""FALSE""}"
tomcat,tpe,3304,plain,false,110,2365.04,27.15,2365.04,10.039509057998657,"[8, 50, 10, False]",0.0,10.039422988891602,0.0,"{""acceptCount"": ""149"", ""allowBackslash"": ""FALSE"", ""compression"": ""on"", ""compressionMinSize"": ""1516"", ""connectionTimeout"": ""470571"", ""connectionUploadTimeout"": ""145180"", ""disableUploadTimeout"": ""TRUE"", ""executorTerminationTimeoutMillis"": ""32783"", ""keepAliveTimeout"": ""599665"", ""maxConnections"": ""5440"", ""maxHeaderCount"": ""606"", ""maxHttpHeaderSize"": ""64100"", ""maxHttpRequestHeaderSize"": ""57553"", ""maxHttpResponseHeaderSize"": ""16722"", ""maxKeepAliveRequests"": ""2181"", ""maxParameterCount"": ""94097"", ""maxSwallowSize"": ""17554308"", ""maxThreads"": ""201"", ""minSpareThreads"": ""597"", ""processorCache"": ""393"", ""tcpNoDelay"": ""FALSE"", ""threadPriority"": ""4"", ""threadsMaxIdleTime"": ""21486"", ""throughput__2"": ""2365.04"", ""useAsyncIO"": ""TRUE"", ""useVirtualThreads"": ""FALSE""}"
tomcat,tpe,3304,plain,false,111,2386.37,26.41,2386.37,10.069668531417847,"[8, 50, 10, False]",0.0,10.069578647613525,0.0,"{""acceptCount"": ""69"", ""allowBackslash"": ""FALSE"", ""compression"": ""off"", ""compressionMinSize"": ""7115"", ""connectionTimeout"": ""114495"", ""connectionUploadTimeout"": ""13915"", ""disableUploadTimeout"": ""TRUE"", ""executorTerminationTimeoutMillis"": ""82919"", ""keepAliveTimeout"": ""39273"", ""maxConnections"": ""919"", ""maxHeaderCount"": ""918"", ""maxHttpHeaderSize"": ""54692"", ""maxHttpRequestHeaderSize"": ""5470"", ""maxHttpResponseHeaderSize"": ""7297"", ""maxKeepAliveRequests"": ""2502"", ""maxParameterCount"": ""10777"", ""maxSwallowSize"": ""18867048"", ""maxThreads"": ""92"", ""minSpareThreads"": ""547"", ""processorCache"": ""90"", ""tcpNoDelay"": ""FALSE"", ""threadPriority"": ""5"", ""threadsMaxIdleTime"": ""448592"", ""throughput__2"": ""2386.37"", ""useAsyncIO"": ""FALSE"", ""useVirtualThreads"": ""FALSE""}"
tomcat,tpe,3304,plain,false,112,2211.75,24.93,2211.75,10.0521399974823,"[8, 50, 10, False]",0.0,10.052051067352295,0.0,"{""acceptCount"": ""271"", ""allowBackslash"": ""FALSE"", ""compression"": ""off"", ""compressionMinSize"": ""8128"", ""connectionTimeout"": ""452351"", ""connectionUploadTimeout"": ""154980"", ""disableUploadTimeout"": ""TRUE"", ""executorTerminationTimeoutMillis"": ""258674"", ""keepAliveTimeout"": ""323927"", ""maxConnections"": ""961"", ""maxHeaderCount"": ""182"", ""maxHttpHeaderSize"": ""29304"", ""maxHttpRequestHeaderSize"": ""12283"", ""maxHttpResponseHeaderSize"": ""40242"", ""maxKeepAliveRequests"": ""1608"", ""maxParameterCount"": ""48622"", ""maxSwallowSize"": ""9719948"", ""maxThreads"": ""96"", ""minSpareThreads"": ""940"", ""processorCache"": ""393"", ""tcpNoDelay"": ""FALSE"", ""threadPriority"": ""1"", ""threadsMaxIdleTime"": ""513363"", ""throughput__2"": ""2211.75"", ""useAsyncIO"": ""FALSE"", ""useVirtualThreads"": ""FALSE""}"
tomcat,tpe,3304,plain,false,113,2147.65,24.78,2147.65,10.04714035987854,"[8, 50, 10, False]",0.0,10.047049045562744,0.0,"{""acceptCount"": ""147"", ""allowBackslash"": ""TRUE"", ""compression"": ""on"", ""compressionMinSize"": ""3604"", ""connectionTimeout"": ""292042"", ""connectionUploadTimeout"": ""66334"", ""disableUploadTimeout"": ""TRUE"", ""executorTerminationTimeoutMillis"": ""144588"", ""keepAliveTimeout"": ""175225"", ""maxConnections"": ""13187"", ""maxHeaderCount"": ""368"", ""maxHttpHeaderSize"": ""59719"", ""maxHttpRequestHeaderSize"": ""40385"", ""maxHttpResponseHeaderSize"": ""29068"", ""maxKeepAliveRequests"": ""739"", ""maxParameterCount"": ""75965"", ""maxSwallowSize"": ""6589372"", ""maxThreads"": ""193"", ""minSpareThreads"": ""132"", ""processorCache"": ""311"", ""tcpNoDelay"": ""FALSE"", ""threadPriority"": ""6"", ""threadsMaxIdleTime"": ""82340"", ""throughput__2"": ""2147.65"", ""useAsyncIO"": ""TRUE"", ""useVirtualThreads"": ""FALSE""}"
tomcat,tpe,3304,plain,false,114,2198.1,28.14,2198.1,10.04362964630127,"[8, 50, 10, False]",0.0,10.043540954589844,0.0,"{""acceptCount"": ""178"", ""allowBackslash"": ""TRUE"", ""compression"": ""on"", ""compressionMinSize"": ""8572"", ""connectionTimeout"": ""405246"", ""connectionUploadTimeout"": ""429665"", ""disableUploadTimeout"": ""FALSE"", ""executorTerminationTimeoutMillis"": ""403321"", ""keepAliveTimeout"": ""218725"", ""maxConnections"": ""9702"", ""maxHeaderCount"": ""529"", ""maxHttpHeaderSize"": ""44134"", ""maxHttpRequestHeaderSize"": ""65386"", ""maxHttpResponseHeaderSize"": ""59750"", ""maxKeepAliveRequests"": ""866"", ""maxParameterCount"": ""9200"", ""maxSwallowSize"": ""11707749"", ""maxThreads"": ""187"", ""minSpareThreads"": ""938"", ""processorCache"": ""6"", ""tcpNoDelay"": ""FALSE"", ""threadPriority"": ""6"", ""threadsMaxIdleTime"": ""461086"", ""throughput__2"": ""2198.1"", ""useAsyncIO"": ""FALSE"", ""useVirtualThreads"": ""FALSE""}"
tomcat,tpe,3304,plain,false,115,2456.98,24.42,2456.98,10.04413366317749,"[8, 50, 10, False]",0.0,10.044041872024536,0.0,"{""acceptCount"": ""16"", ""allowBackslash"": ""TRUE"", ""compression"": ""off"", ""compressionMinSize"": ""3161"", ""connectionTimeout"": ""526684"", ""connectionUploadTimeout"": ""19193"", ""disableUploadTimeout"": ""TRUE"", ""executorTerminationTimeoutMillis"": ""86211"", ""keepAliveTimeout"": ""547849"", ""maxConnections"": ""9197"", ""maxHeaderCount"": ""286"", ""maxHttpHeaderSize"": ""46259"", ""maxHttpRequestHeaderSize"": ""63845"", ""maxHttpResponseHeaderSize"": ""14262"", ""maxKeepAliveRequests"": ""3110"", ""maxParameterCount"": ""4341"", ""maxSwallowSize"": ""12587708"", ""maxThreads"": ""11"", ""minSpareThreads"": ""172"", ""processorCache"": ""144"", ""tcpNoDelay"": ""FALSE"", ""threadPriority"": ""10"", ""threadsMaxIdleTime"": ""506750"", ""throughput__2"": ""2456.98"", ""useAsyncIO"": ""TRUE"", ""useVirtualThreads"": ""FALSE""}"
tomcat,tpe,3304,plain,false,116,2390.43,26.43,2390.43,10.046048879623413,"[8, 50, 10, False]",0.0,10.045958518981934,0.0,"{""acceptCount"": ""476"", ""allowBackslash"": ""FALSE"", ""compression"": ""on"", ""compressionMinSize"": ""9601"", ""connectionTimeout"": ""25090"", ""connectionUploadTimeout"": ""521861"", ""disableUploadTimeout"": ""TRUE"", ""executorTerminationTimeoutMillis"": ""508160"", ""keepAliveTimeout"": ""577130"", ""maxConnections"": ""5823"", ""maxHeaderCount"": ""206"", ""maxHttpHeaderSize"": ""34745"", ""maxHttpRequestHeaderSize"": ""63818"", ""maxHttpResponseHeaderSize"": ""22663"", ""maxKeepAliveRequests"": ""3441"", ""maxParameterCount"": ""91695"", ""maxSwallowSize"": ""300830"", ""maxThreads"": ""73"", ""minSpareThreads"": ""61"", ""processorCache"": ""382"", ""tcpNoDelay"": ""TRUE"", ""threadPriority"": ""9"", ""threadsMaxIdleTime"": ""390392"", ""throughput__2"": ""2390.43"", ""useAsyncIO"": ""FALSE"", ""useVirtualThreads"": ""FALSE""}"
tomcat,tpe,3304,plain,false,117,2425.11,26.42,2425.11,10.03619647026062,"[8, 50, 10, False]",0.0,10.03610873222351,0.0,"{""acceptCount"": ""79"", ""allowBackslash"": ""FALSE"", ""compression"": ""on"", ""compressionMinSize"": ""6009"", ""connectionTimeout"": ""319394"", ""connectionUploadTimeout"": ""401477"", ""disableUploadTimeout"": ""TRUE"", ""executorTerminationTimeoutMillis"": ""92074"", ""keepAliveTimeout"": ""287948"", ""maxConnections"": ""10364"", ""maxHeaderCount"": ""366"", ""maxHttpHeaderSize"": ""38820"", ""maxHttpRequestHeaderSize"": ""64995"", ""maxHttpResponseHeaderSize"": ""59581"", ""maxKeepAliveRequests"": ""2070"", ""maxParameterCount"": ""18345"", ""maxSwallowSize"": ""17748703"", ""maxThreads"": ""287"", ""minSpareThreads"": ""678"", ""processorCache"": ""92"", ""tcpNoDelay"": ""FALSE"", ""threadPriority"": ""2"", ""threadsMaxIdleTime"": ""52372"", ""throughput__2"": ""2425.11"", ""useAsyncIO"": ""TRUE"", ""useVirtualThreads"": ""FALSE""}"
tomcat,tpe,3304,plain,false,118,2309.87,26.23,2309.87,10.050301551818848,"[8, 50, 10, False]",0.0,10.050216674804688,0.0,"{""acceptCount"": ""685"", ""allowBackslash"": ""FALSE"", ""compression"": ""on"", ""compressionMinSize"": ""6583"", ""connectionTimeout"": ""79900"", ""connectionUploadTimeout"": ""254076"", ""disableUploadTimeout"": ""TRUE"", ""executorTerminationTimeoutMillis"": ""328884"", ""keepAliveTimeout"": ""598145"", ""maxConnections"": ""2759"", ""maxHeaderCount"": ""580"", ""maxHttpHeaderSize"": ""58785"", ""maxHttpRequestHeaderSize"": ""41515"", ""maxHttpResponseHeaderSize"": ""9238"", ""maxKeepAliveRequests"": ""74"", ""maxParameterCount"": ""57552"", ""maxSwallowSize"": ""19981571"", ""maxThreads"": ""104"", ""minSpareThreads"": ""581"", ""processorCache"": ""348"", ""tcpNoDelay"": ""FALSE"", ""threadPriority"": ""1"", ""threadsMaxIdleTime"": ""185468"", ""throughput__2"": ""2309.87"", ""useAsyncIO"": ""TRUE"", ""useVirtualThreads"": ""FALSE""}"
tomcat,tpe,3304,plain,false,119,2411.63,23.93,2411.63,10.062780141830444,"[8, 50, 10, False]",0.0,10.062687873840332,0.0,"{""acceptCount"": ""211"", ""allowBackslash"": ""FALSE"", ""compression"": ""off"", ""compressionMinSize"": ""1416"", ""connectionTimeout"": ""93031"", ""connectionUploadTimeout"": ""47132"", ""disableUploadTimeout"": ""TRUE"", ""executorTerminationTimeoutMillis"": ""272088"", ""keepAliveTimeout"": ""308147"", ""maxConnections"": ""395"", ""maxHeaderCount"": ""735"", ""maxHttpHeaderSize"": ""4275"", ""maxHttpRequestHeaderSize"": ""50272"", ""maxHttpResponseHeaderSize"": ""7975"", ""maxKeepAliveRequests"": ""1384"", ""maxParameterCount"": ""65373"", ""maxSwallowSize"": ""15429880"", ""maxThreads"": ""205"", ""minSpareThreads"": ""886"", ""processorCache"": ""76"", ""tcpNoDelay"": ""FALSE"", ""threadPriority"": ""7"", ""threadsMaxIdleTime"": ""589571"", ""throughput__2"": ""2411.63"", ""useAsyncIO"": ""FALSE"", ""useVirtualThreads"": ""FALSE""}"
tomcat,tpe,3304,plain,false,120,2185.58,24.57,2185.58,10.064372301101685,"[8, 50, 10, False]",0.0,10.064280271530151,0.0,"{""acceptCount"": ""44"", ""allowBackslash"": ""FALSE"", ""compression"": ""on"", ""compressionMinSize"": ""3823"", ""connectionTimeout"": ""363993"", ""connectionUploadTimeout"": ""504684"", ""disableUploadTimeout"": ""TRUE"", ""executorTerminationTimeoutMillis"": ""134671"", ""keepAliveTimeout"": ""272243"", ""maxConnections"": ""3894"", ""maxHeaderCount"": ""19"", ""maxHttpHeaderSize"": ""33920"", ""maxHttpRequestHeaderSize"": ""56530"", ""maxHttpResponseHeaderSize"": ""36045"", ""maxKeepAliveRequests"": ""2577"", ""maxParameterCount"": ""57498"", ""maxSwallowSize"": ""3222359"", ""maxThreads"": ""237"", ""minSpareThreads"": ""588"", ""processorCache"": ""169"", ""tcpNoDelay"": ""FALSE"", ""threadPriority"": ""2"", ""threadsMaxIdleTime"": ""145435"", ""throughput__2"": ""2185.58"", ""useAsyncIO"": ""TRUE"", ""useVirtualThreads"": ""FALSE""}"
tomcat,tpe,3304,plain,false,121,2110.43,26.54,2110.43,10.054176092147827,"[8, 50, 10, False]",0.0,10.054088354110718,0.0,"{""acceptCount"": ""56"", ""allowBackslash"": ""FALSE"", ""compression"": ""on"", ""compressionMinSize"": ""9507"", ""connectionTimeout"": ""257422"", ""connectionUploadTimeout"": ""552458"", ""disableUploadTimeout"": ""TRUE"", ""executorTerminationTimeoutMillis"": ""277094"", ""keepAliveTimeout"": ""493757"", ""maxConnections"": ""14190"", ""maxHeaderCount"": ""2"", ""maxHttpHeaderSize"": ""62361"", ""maxHttpRequestHeaderSize"": ""46956"", ""maxHttpResponseHeaderSize"": ""11323"", ""maxKeepAliveRequests"": ""3767"", ""maxParameterCount"": ""39329"", ""maxSwallowSize"": ""7064899"", ""maxThreads"": ""381"", ""minSpareThreads"": ""37"", ""processorCache"": ""331"", ""tcpNoDelay"": ""TRUE"", ""threadPriority"": ""6"", ""threadsMaxIdleTime"": ""132209"", ""throughput__2"": ""2110.43"", ""useAsyncIO"": ""FALSE"", ""useVirtualThreads"": ""FALSE""}"
tomcat,tpe,3304,plain,false,122,2166.34,25.15,2166.34,10.046456336975098,"[8, 50, 10, False]",0.0,10.046363115310669,0.0,"{""acceptCount"": ""386"", ""allowBackslash"": ""FALSE"", ""compression"": ""off"", ""compressionMinSize"": ""4135"", ""connectionTimeout"": ""318372"", ""connectionUploadTimeout"": ""367147"", ""disableUploadTimeout"": ""TRUE"", ""executorTerminationTimeoutMillis"": ""501318"", ""keepAliveTimeout"": ""378951"", ""maxConnections"": ""14724"", ""maxHeaderCount"": ""911"", ""maxHttpHeaderSize"": ""24285"", ""maxHttpRequestHeaderSize"": ""45057"", ""maxHttpResponseHeaderSize"": ""2455"", ""maxKeepAliveRequests"": ""2058"", ""maxParameterCount"": ""85340"", ""maxSwallowSize"": ""19847284"", ""maxThreads"": ""294"", ""minSpareThreads"": ""282"", ""processorCache"": ""228"", ""tcpNoDelay"": ""TRUE"", ""threadPriority"": ""6"", ""threadsMaxIdleTime"": ""161052"", ""throughput__2"": ""2166.34"", ""useAsyncIO"": ""FALSE"", ""useVirtualThreads"": ""FALSE""}"
tomcat,tpe,3304,plain,false,123,2306.22,32.58,2306.22,10.06575083732605,"[8, 50, 10, False]",0.0,10.065664529800415,0.0,"{""acceptCount"": ""17"", ""allowBackslash"": ""TRUE"", ""compression"": ""off"", ""compressionMinSize"": ""2928"", ""connectionTimeout"": ""16019"", ""connectionUploadTimeout"": ""221665"", ""disableUploadTimeout"": ""TRUE"", ""executorTerminationTimeoutMillis"": ""545695"", ""keepAliveTimeout"": ""183383"", ""maxConnections"": ""3646"", ""maxHeaderCount"": ""520"", ""maxHttpHeaderSize"": ""9489"", ""maxHttpRequestHeaderSize"": ""18097"", ""maxHttpResponseHeaderSize"": ""12444"", ""maxKeepAliveRequests"": ""2528"", ""maxParameterCount"": ""61523"", ""maxSwallowSize"": ""20551800"", ""maxThreads"": ""400"", ""minSpareThreads"": ""485"", ""processorCache"": ""228"", ""tcpNoDelay"": ""FALSE"", ""threadPriority"": ""3"", ""threadsMaxIdleTime"": ""363594"", ""throughput__2"": ""2306.22"", ""useAsyncIO"": ""FALSE"", ""useVirtualThreads"": ""FALSE""}"
tomcat,tpe,3304,plain,false,124,2400.57,23.97,2400.57,10.04012680053711,"[8, 50, 10, False]",0.0,10.040040493011475,0.0,"{""acceptCount"": ""161"", ""allowBackslash"": ""FALSE"", ""compression"": ""on"", ""compressionMinSize"": ""4772"", ""connectionTimeout"": ""556121"", ""connectionUploadTimeout"": ""166070"", ""disableUploadTimeout"": ""TRUE"", ""executorTerminationTimeoutMillis"": ""104515"", ""keepAliveTimeout"": ""551727"", ""maxConnections"": ""14072"", ""maxHeaderCount"": ""274"", ""maxHttpHeaderSize"": ""62945"", ""maxHttpRequestHeaderSize"": ""37377"", ""maxHttpResponseHeaderSize"": ""13959"", ""maxKeepAliveRequests"": ""4816"", ""maxParameterCount"": ""96835"", ""maxSwallowSize"": ""6432343"", ""maxThreads"": ""223"", ""minSpareThreads"": ""745"", ""processorCache"": ""176"", ""tcpNoDelay"": ""FALSE"", ""threadPriority"": ""8"", ""threadsMaxIdleTime"": ""82244"", ""throughput__2"": ""2400.57"", ""useAsyncIO"": ""TRUE"", ""useVirtualThreads"": ""FALSE""}"
tomcat,tpe,3304,plain,false,125,2385.75,25.71,2385.75,10.044048309326172,"[8, 50, 10, False]",0.0,10.043956995010376,0.0,"{""acceptCount"": ""603"", ""allowBackslash"": ""FALSE"", ""compression"": ""force"", ""compressionMinSize"": ""8332"", ""connectionTimeout"": ""401818"", ""connectionUploadTimeout"": ""154103"", ""disableUploadTimeout"": ""TRUE"", ""executorTerminationTimeoutMillis"": ""294251"", ""keepAliveTimeout"": ""205766"", ""maxConnections"": ""466"", ""maxHeaderCount"": ""446"", ""maxHttpHeaderSize"": ""20928"", ""maxHttpRequestHeaderSize"": ""52403"", ""maxHttpResponseHeaderSize"": ""52768"", ""maxKeepAliveRequests"": ""3197"", ""maxParameterCount"": ""85975"", ""maxSwallowSize"": ""2251785"", ""maxThreads"": ""76"", ""minSpareThreads"": ""303"", ""processorCache"": ""128"", ""tcpNoDelay"": ""FALSE"", ""threadPriority"": ""7"", ""threadsMaxIdleTime"": ""585294"", ""throughput__2"": ""2385.75"", ""useAsyncIO"": ""FALSE"", ""useVirtualThreads"": ""FALSE""}"
tomcat,tpe,3304,plain,false,126,2333.4,24.25,2333.4,10.038593769073486,"[8, 50, 10, False]",0.0,10.038505554199219,0.0,"{""acceptCount"": ""884"", ""allowBackslash"": ""FALSE"", ""compression"": ""on"", ""compressionMinSize"": ""3577"", ""connectionTimeout"": ""66368"", ""connectionUploadTimeout"": ""229281"", ""disableUploadTimeout"": ""TRUE"", ""executorTerminationTimeoutMillis"": ""370989"", ""keepAliveTimeout"": ""441608"", ""maxConnections"": ""14377"", ""maxHeaderCount"": ""149"", ""maxHttpHeaderSize"": ""8571"", ""maxHttpRequestHeaderSize"": ""41578"", ""maxHttpResponseHeaderSize"": ""8083"", ""maxKeepAliveRequests"": ""98"", ""maxParameterCount"": ""81095"", ""maxSwallowSize"": ""2286499"", ""maxThreads"": ""258"", ""minSpareThreads"": ""177"", ""processorCache"": ""182"", ""tcpNoDelay"": ""TRUE"", ""threadPriority"": ""6"", ""threadsMaxIdleTime"": ""407449"", ""throughput__2"": ""2333.4"", ""useAsyncIO"": ""FALSE"", ""useVirtualThreads"": ""FALSE""}"
tomcat,tpe,3304,plain,false,127,2421.56,22.44,2421.56,10.090966701507568,"[8, 50, 10, False]",0.0,10.09076476097107,0.0,"{""acceptCount"": ""343"", ""allowBackslash"": ""FALSE"", ""compression"": ""force"", ""compressionMinSize"": ""290"", ""connectionTimeout"": ""533523"", ""connectionUploadTimeout"": ""302515"", ""disableUploadTimeout"": ""TRUE"", ""executorTerminationTimeoutMillis"": ""165296"", ""keepAliveTimeout"": ""240206"", ""maxConnections"": ""8220"", ""maxHeaderCount"": ""263"", ""maxHttpHeaderSize"": ""33938"", ""maxHttpRequestHeaderSize"": ""23705"", ""maxHttpResponseHeaderSize"": ""42230"", ""maxKeepAliveRequests"": ""2118"", ""maxParameterCount"": ""8745"", ""maxSwallowSize"": ""9257344"", ""maxThreads"": ""54"", ""minSpareThreads"": ""799"", ""processorCache"": ""202"", ""tcpNoDelay"": ""TRUE"", ""threadPriority"": ""10"", ""threadsMaxIdleTime"": ""450404"", ""throughput__2"": ""2421.56"", ""useAsyncIO"": ""FALSE"", ""useVirtualThreads"": ""FALSE""}"
tomcat,tpe,3304,plain,false,128,2232.54,24.76,2232.54,10.072106122970581,"[8, 50, 10, False]",0.0,10.072019577026367,0.0,"{""acceptCount"": ""616"", ""allowBackslash"": ""TRUE"", ""compression"": ""off"", ""compressionMinSize"": ""9606"", ""connectionTimeout"": ""236517"", ""connectionUploadTimeout"": ""44174"", ""disableUploadTimeout"": ""TRUE"", ""executorTerminationTimeoutMillis"": ""597773"", ""keepAliveTimeout"": ""404319"", ""maxConnections"": ""10752"", ""maxHeaderCount"": ""877"", ""maxHttpHeaderSize"": ""53852"", ""maxHttpRequestHeaderSize"": ""34692"", ""maxHttpResponseHeaderSize"": ""17712"", ""maxKeepAliveRequests"": ""2927"", ""maxParameterCount"": ""36218"", ""maxSwallowSize"": ""13254054"", ""maxThreads"": ""34"", ""minSpareThreads"": ""186"", ""processorCache"": ""60"", ""tcpNoDelay"": ""FALSE"", ""threadPriority"": ""8"", ""threadsMaxIdleTime"": ""464243"", ""throughput__2"": ""2232.54"", ""useAsyncIO"": ""TRUE"", ""useVirtualThreads"": ""FALSE""}"
tomcat,tpe,3304,plain,false,129,2023.82,24.95,2023.82,10.040059089660645,"[8, 50, 10, False]",0.0,10.039970397949219,0.0,"{""acceptCount"": ""174"", ""allowBackslash"": ""FALSE"", ""compression"": ""on"", ""compressionMinSize"": ""3035"", ""connectionTimeout"": ""488231"", ""connectionUploadTimeout"": ""364450"", ""disableUploadTimeout"": ""TRUE"", ""executorTerminationTimeoutMillis"": ""327018"", ""keepAliveTimeout"": ""452616"", ""maxConnections"": ""12374"", ""maxHeaderCount"": ""73"", ""maxHttpHeaderSize"": ""53408"", ""maxHttpRequestHeaderSize"": ""35142"", ""maxHttpResponseHeaderSize"": ""2588"", ""maxKeepAliveRequests"": ""4715"", ""maxParameterCount"": ""92474"", ""maxSwallowSize"": ""16335136"", ""maxThreads"": ""60"", ""minSpareThreads"": ""665"", ""processorCache"": ""329"", ""tcpNoDelay"": ""FALSE"", ""threadPriority"": ""6"", ""threadsMaxIdleTime"": ""251590"", ""throughput__2"": ""2023.82"", ""useAsyncIO"": ""TRUE"", ""useVirtualThreads"": ""TRUE""}"
tomcat,tpe,3304,plain,false,130,2276.72,24.42,2276.72,10.050255060195923,"[8, 50, 10, False]",0.0,10.05016541481018,0.0,"{""acceptCount"": ""840"", ""allowBackslash"": ""TRUE"", ""compression"": ""force"", ""compressionMinSize"": ""96"", ""connectionTimeout"": ""516660"", ""connectionUploadTimeout"": ""292255"", ""disableUploadTimeout"": ""TRUE"", ""executorTerminationTimeoutMillis"": ""174161"", ""keepAliveTimeout"": ""295375"", ""maxConnections"": ""8801"", ""maxHeaderCount"": ""831"", ""maxHttpHeaderSize"": ""44146"", ""maxHttpRequestHeaderSize"": ""12972"", ""maxHttpResponseHeaderSize"": ""58161"", ""maxKeepAliveRequests"": ""1403"", ""maxParameterCount"": ""12012"", ""maxSwallowSize"": ""16281189"", ""maxThreads"": ""138"", ""minSpareThreads"": ""828"", ""processorCache"": ""282"", ""tcpNoDelay"": ""TRUE"", ""threadPriority"": ""6"", ""threadsMaxIdleTime"": ""385373"", ""throughput__2"": ""2276.72"", ""useAsyncIO"": ""FALSE"", ""useVirtualThreads"": ""FALSE""}"
tomcat,tpe,3304,plain,false,131,2283.51,26.14,2283.51,10.045248746871948,"[8, 50, 10, False]",0.0,10.045165300369263,0.0,"{""acceptCount"": ""292"", ""allowBackslash"": ""TRUE"", ""compression"": ""off"", ""compressionMinSize"": ""9489"", ""connectionTimeout"": ""493658"", ""connectionUploadTimeout"": ""182879"", ""disableUploadTimeout"": ""TRUE"", ""executorTerminationTimeoutMillis"": ""40263"", ""keepAliveTimeout"": ""327520"", ""maxConnections"": ""6601"", ""maxHeaderCount"": ""657"", ""maxHttpHeaderSize"": ""29088"", ""maxHttpRequestHeaderSize"": ""55768"", ""maxHttpResponseHeaderSize"": ""53793"", ""maxKeepAliveRequests"": ""1194"", ""maxParameterCount"": ""93311"", ""maxSwallowSize"": ""4499615"", ""maxThreads"": ""303"", ""minSpareThreads"": ""518"", ""processorCache"": ""96"", ""tcpNoDelay"": ""FALSE"", ""threadPriority"": ""3"", ""threadsMaxIdleTime"": ""427775"", ""throughput__2"": ""2283.51"", ""useAsyncIO"": ""FALSE"", ""useVirtualThreads"": ""FALSE""}"
tomcat,tpe,3304,plain,false,132,2283.73,24.06,2283.73,10.03898310661316,"[8, 50, 10, False]",0.0,10.03888201713562,0.0,"{""acceptCount"": ""96"", ""allowBackslash"": ""FALSE"", ""compression"": ""force"", ""compressionMinSize"": ""3089"", ""connectionTimeout"": ""395993"", ""connectionUploadTimeout"": ""573013"", ""disableUploadTimeout"": ""TRUE"", ""executorTerminationTimeoutMillis"": ""227603"", ""keepAliveTimeout"": ""288078"", ""maxConnections"": ""7768"", ""maxHeaderCount"": ""309"", ""maxHttpHeaderSize"": ""2877"", ""maxHttpRequestHeaderSize"": ""55953"", ""maxHttpResponseHeaderSize"": ""24227"", ""maxKeepAliveRequests"": ""3032"", ""maxParameterCount"": ""33342"", ""maxSwallowSize"": ""8415723"", ""maxThreads"": ""333"", ""minSpareThreads"": ""963"", ""processorCache"": ""276"", ""tcpNoDelay"": ""TRUE"", ""threadPriority"": ""8"", ""threadsMaxIdleTime"": ""504474"", ""throughput__2"": ""2283.73"", ""useAsyncIO"": ""FALSE"", ""useVirtualThreads"": ""FALSE""}"
tomcat,tpe,3304,plain,false,133,2370.79,27.05,2370.79,10.041874647140503,"[8, 50, 10, False]",0.0,10.0417799949646,0.0,"{""acceptCount"": ""989"", ""allowBackslash"": ""FALSE"", ""compression"": ""force"", ""compressionMinSize"": ""7343"", ""connectionTimeout"": ""193203"", ""connectionUploadTimeout"": ""22983"", ""disableUploadTimeout"": ""TRUE"", ""executorTerminationTimeoutMillis"": ""174283"", ""keepAliveTimeout"": ""387722"", ""maxConnections"": ""2317"", ""maxHeaderCount"": ""829"", ""maxHttpHeaderSize"": ""46198"", ""maxHttpRequestHeaderSize"": ""55010"", ""maxHttpResponseHeaderSize"": ""3883"", ""maxKeepAliveRequests"": ""2987"", ""maxParameterCount"": ""79639"", ""maxSwallowSize"": ""2732915"", ""maxThreads"": ""146"", ""minSpareThreads"": ""202"", ""processorCache"": ""124"", ""tcpNoDelay"": ""FALSE"", ""threadPriority"": ""9"", ""threadsMaxIdleTime"": ""468899"", ""throughput__2"": ""2370.79"", ""useAsyncIO"": ""TRUE"", ""useVirtualThreads"": ""FALSE""}"
tomcat,tpe,3304,plain,false,134,2457.32,24.82,2457.32,10.036507844924927,"[8, 50, 10, False]",0.0,10.036425590515137,0.0,"{""acceptCount"": ""168"", ""allowBackslash"": ""FALSE"", ""compression"": ""on"", ""compressionMinSize"": ""5201"", ""connectionTimeout"": ""264162"", ""connectionUploadTimeout"": ""244983"", ""disableUploadTimeout"": ""TRUE"", ""executorTerminationTimeoutMillis"": ""393832"", ""keepAliveTimeout"": ""549664"", ""maxConnections"": ""6751"", ""maxHeaderCount"": ""775"", ""maxHttpHeaderSize"": ""19685"", ""maxHttpRequestHeaderSize"": ""50798"", ""maxHttpResponseHeaderSize"": ""2136"", ""maxKeepAliveRequests"": ""2789"", ""maxParameterCount"": ""55499"", ""maxSwallowSize"": ""6331346"", ""maxThreads"": ""270"", ""minSpareThreads"": ""946"", ""processorCache"": ""26"", ""tcpNoDelay"": ""FALSE"", ""threadPriority"": ""5"", ""threadsMaxIdleTime"": ""448578"", ""throughput__2"": ""2457.32"", ""useAsyncIO"": ""FALSE"", ""useVirtualThreads"": ""FALSE""}"
tomcat,tpe,3304,plain,false,135,2371.46,24.45,2371.46,10.060510873794556,"[8, 50, 10, False]",0.0,10.060423135757446,0.0,"{""acceptCount"": ""72"", ""allowBackslash"": ""FALSE"", ""compression"": ""force"", ""compressionMinSize"": ""5162"", ""connectionTimeout"": ""232420"", ""connectionUploadTimeout"": ""477427"", ""disableUploadTimeout"": ""TRUE"", ""executorTerminationTimeoutMillis"": ""552602"", ""keepAliveTimeout"": ""469624"", ""maxConnections"": ""5971"", ""maxHeaderCount"": ""949"", ""maxHttpHeaderSize"": ""45980"", ""maxHttpRequestHeaderSize"": ""22970"", ""maxHttpResponseHeaderSize"": ""17396"", ""maxKeepAliveRequests"": ""2579"", ""maxParameterCount"": ""82600"", ""maxSwallowSize"": ""19877271"", ""maxThreads"": ""386"", ""minSpareThreads"": ""591"", ""processorCache"": ""1"", ""tcpNoDelay"": ""FALSE"", ""threadPriority"": ""9"", ""threadsMaxIdleTime"": ""567419"", ""throughput__2"": ""2371.46"", ""useAsyncIO"": ""FALSE"", ""useVirtualThreads"": ""FALSE""}"
tomcat,tpe,3304,plain,false,136,2320.44,23.8,2320.44,10.06535792350769,"[8, 50, 10, False]",0.0,10.065269947052002,0.0,"{""acceptCount"": ""530"", ""allowBackslash"": ""FALSE"", ""compression"": ""off"", ""compressionMinSize"": ""640"", ""connectionTimeout"": ""93642"", ""connectionUploadTimeout"": ""414836"", ""disableUploadTimeout"": ""TRUE"", ""executorTerminationTimeoutMillis"": ""599160"", ""keepAliveTimeout"": ""303175"", ""maxConnections"": ""10568"", ""maxHeaderCount"": ""450"", ""maxHttpHeaderSize"": ""58148"", ""maxHttpRequestHeaderSize"": ""58441"", ""maxHttpResponseHeaderSize"": ""35579"", ""maxKeepAliveRequests"": ""4551"", ""maxParameterCount"": ""7400"", ""maxSwallowSize"": ""4025381"", ""maxThreads"": ""145"", ""minSpareThreads"": ""357"", ""processorCache"": ""309"", ""tcpNoDelay"": ""TRUE"", ""threadPriority"": ""1"", ""threadsMaxIdleTime"": ""512281"", ""throughput__2"": ""2320.44"", ""useAsyncIO"": ""FALSE"", ""useVirtualThreads"": ""FALSE""}"
tomcat,tpe,3304,plain,false,137,2064.19,26.9,2064.19,10.05142617225647,"[8, 50, 10, False]",0.0,10.051334381103516,0.0,"{""acceptCount"": ""515"", ""allowBackslash"": ""FALSE"", ""compression"": ""on"", ""compressionMinSize"": ""3819"", ""connectionTimeout"": ""90214"", ""connectionUploadTimeout"": ""230723"", ""disableUploadTimeout"": ""TRUE"", ""executorTerminationTimeoutMillis"": ""575385"", ""keepAliveTimeout"": ""507878"", ""maxConnections"": ""16256"", ""maxHeaderCount"": ""492"", ""maxHttpHeaderSize"": ""50571"", ""maxHttpRequestHeaderSize"": ""57326"", ""maxHttpResponseHeaderSize"": ""20090"", ""maxKeepAliveRequests"": ""751"", ""maxParameterCount"": ""397"", ""maxSwallowSize"": ""427557"", ""maxThreads"": ""340"", ""minSpareThreads"": ""743"", ""processorCache"": ""324"", ""tcpNoDelay"": ""FALSE"", ""threadPriority"": ""9"", ""threadsMaxIdleTime"": ""475412"", ""throughput__2"": ""2064.19"", ""useAsyncIO"": ""FALSE"", ""useVirtualThreads"": ""FALSE""}"
tomcat,tpe,3304,plain,false,138,2075.9,26.43,2075.9,10.07199478149414,"[8, 50, 10, False]",0.0,10.071892738342285,0.0,"{""acceptCount"": ""536"", ""allowBackslash"": ""FALSE"", ""compression"": ""off"", ""compressionMinSize"": ""9801"", ""connectionTimeout"": ""54913"", ""connectionUploadTimeout"": ""188400"", ""disableUploadTimeout"": ""TRUE"", ""executorTerminationTimeoutMillis"": ""153987"", ""keepAliveTimeout"": ""98922"", ""maxConnections"": ""1020"", ""maxHeaderCount"": ""400"", ""maxHttpHeaderSize"": ""25542"", ""maxHttpRequestHeaderSize"": ""28424"", ""maxHttpResponseHeaderSize"": ""52493"", ""maxKeepAliveRequests"": ""2155"", ""maxParameterCount"": ""98018"", ""maxSwallowSize"": ""15380362"", ""maxThreads"": ""198"", ""minSpareThreads"": ""441"", ""processorCache"": ""91"", ""tcpNoDelay"": ""FALSE"", ""threadPriority"": ""5"", ""threadsMaxIdleTime"": ""348346"", ""throughput__2"": ""2075.9"", ""useAsyncIO"": ""FALSE"", ""useVirtualThreads"": ""FALSE""}"
tomcat,tpe,3304,plain,false,139,2181.38,26.44,2181.38,10.034822463989258,"[8, 50, 10, False]",0.0,10.034730672836304,0.0,"{""acceptCount"": ""23"", ""allowBackslash"": ""FALSE"", ""compression"": ""force"", ""compressionMinSize"": ""2838"", ""connectionTimeout"": ""301553"", ""connectionUploadTimeout"": ""335753"", ""disableUploadTimeout"": ""TRUE"", ""executorTerminationTimeoutMillis"": ""23310"", ""keepAliveTimeout"": ""326696"", ""maxConnections"": ""10373"", ""maxHeaderCount"": ""351"", ""maxHttpHeaderSize"": ""49474"", ""maxHttpRequestHeaderSize"": ""64354"", ""maxHttpResponseHeaderSize"": ""37841"", ""maxKeepAliveRequests"": ""3243"", ""maxParameterCount"": ""51554"", ""maxSwallowSize"": ""19378110"", ""maxThreads"": ""307"", ""minSpareThreads"": ""954"", ""processorCache"": ""250"", ""tcpNoDelay"": ""TRUE"", ""threadPriority"": ""6"", ""threadsMaxIdleTime"": ""130528"", ""throughput__2"": ""2181.38"", ""useAsyncIO"": ""TRUE"", ""useVirtualThreads"": ""FALSE""}"
tomcat,tpe,3304,plain,false,140,2283.15,25.74,2283.15,10.038613557815552,"[8, 50, 10, False]",0.0,10.03852105140686,0.0,"{""acceptCount"": ""304"", ""allowBackslash"": ""FALSE"", ""compression"": ""on"", ""compressionMinSize"": ""7304"", ""connectionTimeout"": ""76446"", ""connectionUploadTimeout"": ""284518"", ""disableUploadTimeout"": ""FALSE"", ""executorTerminationTimeoutMillis"": ""197585"", ""keepAliveTimeout"": ""548470"", ""maxConnections"": ""11563"", ""maxHeaderCount"": ""156"", ""maxHttpHeaderSize"": ""51378"", ""maxHttpRequestHeaderSize"": ""58128"", ""maxHttpResponseHeaderSize"": ""34917"", ""maxKeepAliveRequests"": ""1905"", ""maxParameterCount"": ""85636"", ""maxSwallowSize"": ""5791089"", ""maxThreads"": ""379"", ""minSpareThreads"": ""850"", ""processorCache"": ""116"", ""tcpNoDelay"": ""FALSE"", ""threadPriority"": ""6"", ""threadsMaxIdleTime"": ""573686"", ""throughput__2"": ""2283.15"", ""useAsyncIO"": ""TRUE"", ""useVirtualThreads"": ""FALSE""}"
tomcat,tpe,3304,plain,false,141,2464.08,23.29,2464.08,10.039912700653076,"[8, 50, 10, False]",0.0,10.039826154708862,0.0,"{""acceptCount"": ""765"", ""allowBackslash"": ""FALSE"", ""compression"": ""on"", ""compressionMinSize"": ""8241"", ""connectionTimeout"": ""451246"", ""connectionUploadTimeout"": ""186092"", ""disableUploadTimeout"": ""FALSE"", ""executorTerminationTimeoutMillis"": ""243109"", ""keepAliveTimeout"": ""487573"", ""maxConnections"": ""13611"", ""maxHeaderCount"": ""196"", ""maxHttpHeaderSize"": ""26255"", ""maxHttpRequestHeaderSize"": ""26866"", ""maxHttpResponseHeaderSize"": ""8519"", ""maxKeepAliveRequests"": ""3720"", ""maxParameterCount"": ""85092"", ""maxSwallowSize"": ""15848518"", ""maxThreads"": ""131"", ""minSpareThreads"": ""642"", ""processorCache"": ""224"", ""tcpNoDelay"": ""FALSE"", ""threadPriority"": ""6"", ""threadsMaxIdleTime"": ""58630"", ""throughput__2"": ""2464.08"", ""useAsyncIO"": ""TRUE"", ""useVirtualThreads"": ""FALSE""}"
tomcat,tpe,3304,plain,false,142,2507.23,24.66,2507.23,10.042772054672241,"[8, 50, 10, False]",0.0,10.04269003868103,0.0,"{""acceptCount"": ""648"", ""allowBackslash"": ""FALSE"", ""compression"": ""off"", ""compressionMinSize"": ""7429"", ""connectionTimeout"": ""139758"", ""connectionUploadTimeout"": ""130019"", ""disableUploadTimeout"": ""TRUE"", ""executorTerminationTimeoutMillis"": ""452203"", ""keepAliveTimeout"": ""177622"", ""maxConnections"": ""2250"", ""maxHeaderCount"": ""931"", ""maxHttpHeaderSize"": ""43462"", ""maxHttpRequestHeaderSize"": ""38133"", ""maxHttpResponseHeaderSize"": ""29871"", ""maxKeepAliveRequests"": ""2850"", ""maxParameterCount"": ""84107"", ""maxSwallowSize"": ""4119231"", ""maxThreads"": ""57"", ""minSpareThreads"": ""60"", ""processorCache"": ""254"", ""tcpNoDelay"": ""FALSE"", ""threadPriority"": ""10"", ""threadsMaxIdleTime"": ""25570"", ""throughput__2"": ""2507.23"", ""useAsyncIO"": ""TRUE"", ""useVirtualThreads"": ""FALSE""}"
tomcat,tpe,3304,plain,false,143,2488.88,24.01,2488.88,10.043904781341553,"[8, 50, 10, False]",0.0,10.043816566467285,0.0,"{""acceptCount"": ""337"", ""allowBackslash"": ""FALSE"", ""compression"": ""force"", ""compressionMinSize"": ""4833"", ""connectionTimeout"": ""459049"", ""connectionUploadTimeout"": ""134286"", ""disableUploadTimeout"": ""FALSE"", ""executorTerminationTimeoutMillis"": ""29101"", ""keepAliveTimeout"": ""302889"", ""maxConnections"": ""7732"", ""maxHeaderCount"": ""509"", ""maxHttpHeaderSize"": ""64564"", ""maxHttpRequestHeaderSize"": ""18460"", ""maxHttpResponseHeaderSize"": ""4044"", ""maxKeepAliveRequests"": ""1130"", ""maxParameterCount"": ""76221"", ""maxSwallowSize"": ""5539879"", ""maxThreads"": ""54"", ""minSpareThreads"": ""266"", ""processorCache"": ""370"", ""tcpNoDelay"": ""FALSE"", ""threadPriority"": ""5"", ""threadsMaxIdleTime"": ""316931"", ""throughput__2"": ""2488.88"", ""useAsyncIO"": ""TRUE"", ""useVirtualThreads"": ""FALSE""}"
tomcat,tpe,3304,plain,false,144,2386.23,23.11,2386.23,10.07358717918396,"[8, 50, 10, False]",0.0,10.073310375213623,0.0,"{""acceptCount"": ""364"", ""allowBackslash"": ""FALSE"", ""compression"": ""off"", ""compressionMinSize"": ""9689"", ""connectionTimeout"": ""528765"", ""connectionUploadTimeout"": ""351001"", ""disableUploadTimeout"": ""FALSE"", ""executorTerminationTimeoutMillis"": ""85896"", ""keepAliveTimeout"": ""137388"", ""maxConnections"": ""6458"", ""maxHeaderCount"": ""991"", ""maxHttpHeaderSize"": ""26999"", ""maxHttpRequestHeaderSize"": ""2626"", ""maxHttpResponseHeaderSize"": ""10950"", ""maxKeepAliveRequests"": ""2077"", ""maxParameterCount"": ""17667"", ""maxSwallowSize"": ""14434663"", ""maxThreads"": ""167"", ""minSpareThreads"": ""201"", ""processorCache"": ""371"", ""tcpNoDelay"": ""FALSE"", ""threadPriority"": ""7"", ""threadsMaxIdleTime"": ""443521"", ""throughput__2"": ""2386.23"", ""useAsyncIO"": ""TRUE"", ""useVirtualThreads"": ""FALSE""}"
tomcat,tpe,3304,plain,false,145,2297.76,23.7,2297.76,10.071630001068115,"[8, 50, 10, False]",0.0,10.071539163589478,0.0,"{""acceptCount"": ""496"", ""allowBackslash"": ""FALSE"", ""compression"": ""force"", ""compressionMinSize"": ""5029"", ""connectionTimeout"": ""150966"", ""connectionUploadTimeout"": ""453645"", ""disableUploadTimeout"": ""FALSE"", ""executorTerminationTimeoutMillis"": ""559084"", ""keepAliveTimeout"": ""332870"", ""maxConnections"": ""16475"", ""maxHeaderCount"": ""374"", ""maxHttpHeaderSize"": ""45717"", ""maxHttpRequestHeaderSize"": ""44300"", ""maxHttpResponseHeaderSize"": ""60206"", ""maxKeepAliveRequests"": ""2997"", ""maxParameterCount"": ""32648"", ""maxSwallowSize"": ""1168498"", ""maxThreads"": ""210"", ""minSpareThreads"": ""347"", ""processorCache"": ""103"", ""tcpNoDelay"": ""FALSE"", ""threadPriority"": ""7"", ""threadsMaxIdleTime"": ""541232"", ""throughput__2"": ""2297.76"", ""useAsyncIO"": ""TRUE"", ""useVirtualThreads"": ""FALSE""}"
tomcat,tpe,3304,plain,false,146,2251.33,27.26,2251.33,10.050506114959717,"[8, 50, 10, False]",0.0,10.050415754318237,0.0,"{""acceptCount"": ""146"", ""allowBackslash"": ""FALSE"", ""compression"": ""off"", ""compressionMinSize"": ""3824"", ""connectionTimeout"": ""19147"", ""connectionUploadTimeout"": ""205180"", ""disableUploadTimeout"": ""TRUE"", ""executorTerminationTimeoutMillis"": ""311895"", ""keepAliveTimeout"": ""347621"", ""maxConnections"": ""1973"", ""maxHeaderCount"": ""715"", ""maxHttpHeaderSize"": ""53312"", ""maxHttpRequestHeaderSize"": ""31323"", ""maxHttpResponseHeaderSize"": ""38257"", ""maxKeepAliveRequests"": ""2426"", ""maxParameterCount"": ""83135"", ""maxSwallowSize"": ""4300299"", ""maxThreads"": ""382"", ""minSpareThreads"": ""203"", ""processorCache"": ""249"", ""tcpNoDelay"": ""FALSE"", ""threadPriority"": ""8"", ""threadsMaxIdleTime"": ""352402"", ""throughput__2"": ""2251.33"", ""useAsyncIO"": ""TRUE"", ""useVirtualThreads"": ""FALSE""}"
tomcat,tpe,3304,plain,false,147,2316.5,24.01,2316.5,10.043155908584595,"[8, 50, 10, False]",0.0,10.043063402175903,0.0,"{""acceptCount"": ""678"", ""allowBackslash"": ""FALSE"", ""compression"": ""off"", ""compressionMinSize"": ""7731"", ""connectionTimeout"": ""497523"", ""connectionUploadTimeout"": ""65410"", ""disableUploadTimeout"": ""TRUE"", ""executorTerminationTimeoutMillis"": ""52868"", ""keepAliveTimeout"": ""326707"", ""maxConnections"": ""10641"", ""maxHeaderCount"": ""34"", ""maxHttpHeaderSize"": ""46336"", ""maxHttpRequestHeaderSize"": ""31331"", ""maxHttpResponseHeaderSize"": ""6783"", ""maxKeepAliveRequests"": ""4849"", ""maxParameterCount"": ""95896"", ""maxSwallowSize"": ""2087489"", ""maxThreads"": ""100"", ""minSpareThreads"": ""958"", ""processorCache"": ""184"", ""tcpNoDelay"": ""FALSE"", ""threadPriority"": ""9"", ""threadsMaxIdleTime"": ""489586"", ""throughput__2"": ""2316.5"", ""useAsyncIO"": ""TRUE"", ""useVirtualThreads"": ""FALSE""}"
tomcat,tpe,3304,plain,false,148,2403.8,20.74,2403.8,10.031500816345215,"[8, 50, 10, False]",0.0,10.031411409378052,0.0,"{""acceptCount"": ""75"", ""allowBackslash"": ""FALSE"", ""compression"": ""off"", ""compressionMinSize"": ""2596"", ""connectionTimeout"": ""251584"", ""connectionUploadTimeout"": ""420404"", ""disableUploadTimeout"": ""FALSE"", ""executorTerminationTimeoutMillis"": ""45983"", ""keepAliveTimeout"": ""484770"", ""maxConnections"": ""14430"", ""maxHeaderCount"": ""195"", ""maxHttpHeaderSize"": ""63227"", ""maxHttpRequestHeaderSize"": ""62076"", ""maxHttpResponseHeaderSize"": ""24799"", ""maxKeepAliveRequests"": ""258"", ""maxParameterCount"": ""62360"", ""maxSwallowSize"": ""18870870"", ""maxThreads"": ""14"", ""minSpareThreads"": ""769"", ""processorCache"": ""197"", ""tcpNoDelay"": ""FALSE"", ""threadPriority"": ""4"", ""threadsMaxIdleTime"": ""66277"", ""throughput__2"": ""2403.8"", ""useAsyncIO"": ""TRUE"", ""useVirtualThreads"": ""FALSE""}"
tomcat,tpe,3304,plain,false,149,2560.38,24.54,2560.38,10.028746128082275,"[8, 50, 10, False]",0.0,10.02865743637085,0.0,"{""acceptCount"": ""268"", ""allowBackslash"": ""FALSE"", ""compression"": ""force"", ""compressionMinSize"": ""9610"", ""connectionTimeout"": ""595068"", ""connectionUploadTimeout"": ""353322"", ""disableUploadTimeout"": ""FALSE"", ""executorTerminationTimeoutMillis"": ""57243"", ""keepAliveTimeout"": ""568917"", ""maxConnections"": ""7709"", ""maxHeaderCount"": ""534"", ""maxHttpHeaderSize"": ""49371"", ""maxHttpRequestHeaderSize"": ""37241"", ""maxHttpResponseHeaderSize"": ""11718"", ""maxKeepAliveRequests"": ""3355"", ""maxParameterCount"": ""61067"", ""maxSwallowSize"": ""16440648"", ""maxThreads"": ""108"", ""minSpareThreads"": ""770"", ""processorCache"": ""57"", ""tcpNoDelay"": ""FALSE"", ""threadPriority"": ""6"", ""threadsMaxIdleTime"": ""86467"", ""throughput__2"": ""2560.38"", ""useAsyncIO"": ""TRUE"", ""useVirtualThreads"": ""FALSE""}"
tomcat,tpe,3304,plain,false,150,2598.31,21.54,2598.31,10.030292272567749,"[8, 50, 10, False]",0.0,10.030200719833374,0.0,"{""acceptCount"": ""666"", ""allowBackslash"": ""FALSE"", ""compression"": ""force"", ""compressionMinSize"": ""3712"", ""connectionTimeout"": ""384221"", ""connectionUploadTimeout"": ""162844"", ""disableUploadTimeout"": ""FALSE"", ""executorTerminationTimeoutMillis"": ""491722"", ""keepAliveTimeout"": ""427816"", ""maxConnections"": ""10003"", ""maxHeaderCount"": ""283"", ""maxHttpHeaderSize"": ""7090"", ""maxHttpRequestHeaderSize"": ""2227"", ""maxHttpResponseHeaderSize"": ""7507"", ""maxKeepAliveRequests"": ""4174"", ""maxParameterCount"": ""55211"", ""maxSwallowSize"": ""1291150"", ""maxThreads"": ""25"", ""minSpareThreads"": ""544"", ""processorCache"": ""14"", ""tcpNoDelay"": ""FALSE"", ""threadPriority"": ""5"", ""threadsMaxIdleTime"": ""133350"", ""throughput__2"": ""2598.31"", ""useAsyncIO"": ""TRUE"", ""useVirtualThreads"": ""FALSE""}"
tomcat,tpe,3304,plain,false,151,2469.37,22.78,2469.37,10.03292989730835,"[8, 50, 10, False]",0.0,10.032846689224243,0.0,"{""acceptCount"": ""461"", ""allowBackslash"": ""FALSE"", ""compression"": ""off"", ""compressionMinSize"": ""4698"", ""connectionTimeout"": ""276287"", ""connectionUploadTimeout"": ""564018"", ""disableUploadTimeout"": ""FALSE"", ""executorTerminationTimeoutMillis"": ""86952"", ""keepAliveTimeout"": ""153838"", ""maxConnections"": ""13339"", ""maxHeaderCount"": ""74"", ""maxHttpHeaderSize"": ""30868"", ""maxHttpRequestHeaderSize"": ""20422"", ""maxHttpResponseHeaderSize"": ""40491"", ""maxKeepAliveRequests"": ""3620"", ""maxParameterCount"": ""81260"", ""maxSwallowSize"": ""18765726"", ""maxThreads"": ""82"", ""minSpareThreads"": ""883"", ""processorCache"": ""372"", ""tcpNoDelay"": ""FALSE"", ""threadPriority"": ""5"", ""threadsMaxIdleTime"": ""61619"", ""throughput__2"": ""2469.37"", ""useAsyncIO"": ""TRUE"", ""useVirtualThreads"": ""FALSE""}"
tomcat,tpe,3304,plain,false,152,2470.16,22.17,2470.16,10.045000076293945,"[8, 50, 10, False]",0.0,10.044904708862305,0.0,"{""acceptCount"": ""532"", ""allowBackslash"": ""FALSE"", ""compression"": ""off"", ""compressionMinSize"": ""132"", ""connectionTimeout"": ""289595"", ""connectionUploadTimeout"": ""236421"", ""disableUploadTimeout"": ""TRUE"", ""executorTerminationTimeoutMillis"": ""30748"", ""keepAliveTimeout"": ""325676"", ""maxConnections"": ""3166"", ""maxHeaderCount"": ""156"", ""maxHttpHeaderSize"": ""20673"", ""maxHttpRequestHeaderSize"": ""13026"", ""maxHttpResponseHeaderSize"": ""17994"", ""maxKeepAliveRequests"": ""196"", ""maxParameterCount"": ""22484"", ""maxSwallowSize"": ""1658241"", ""maxThreads"": ""228"", ""minSpareThreads"": ""236"", ""processorCache"": ""122"", ""tcpNoDelay"": ""TRUE"", ""threadPriority"": ""7"", ""threadsMaxIdleTime"": ""256368"", ""throughput__2"": ""2470.16"", ""useAsyncIO"": ""FALSE"", ""useVirtualThreads"": ""FALSE""}"
tomcat,tpe,3304,plain,false,153,2471.82,26.54,2471.82,10.077732563018799,"[8, 50, 10, False]",0.0,10.077497243881226,0.0,"{""acceptCount"": ""264"", ""allowBackslash"": ""FALSE"", ""compression"": ""on"", ""compressionMinSize"": ""8440"", ""connectionTimeout"": ""514828"", ""connectionUploadTimeout"": ""550153"", ""disableUploadTimeout"": ""FALSE"", ""executorTerminationTimeoutMillis"": ""86490"", ""keepAliveTimeout"": ""121983"", ""maxConnections"": ""11363"", ""maxHeaderCount"": ""265"", ""maxHttpHeaderSize"": ""55724"", ""maxHttpRequestHeaderSize"": ""2746"", ""maxHttpResponseHeaderSize"": ""1168"", ""maxKeepAliveRequests"": ""2710"", ""maxParameterCount"": ""50537"", ""maxSwallowSize"": ""12852503"", ""maxThreads"": ""47"", ""minSpareThreads"": ""232"", ""processorCache"": ""358"", ""tcpNoDelay"": ""TRUE"", ""threadPriority"": ""10"", ""threadsMaxIdleTime"": ""541047"", ""throughput__2"": ""2471.82"", ""useAsyncIO"": ""TRUE"", ""useVirtualThreads"": ""FALSE""}"
tomcat,tpe,3304,plain,false,154,2233.97,43.33,2233.97,10.056444644927979,"[8, 50, 10, False]",0.0,10.056348085403442,0.0,"{""acceptCount"": ""11"", ""allowBackslash"": ""FALSE"", ""compression"": ""on"", ""compressionMinSize"": ""7775"", ""connectionTimeout"": ""566453"", ""connectionUploadTimeout"": ""467869"", ""disableUploadTimeout"": ""FALSE"", ""executorTerminationTimeoutMillis"": ""422975"", ""keepAliveTimeout"": ""106971"", ""maxConnections"": ""14501"", ""maxHeaderCount"": ""593"", ""maxHttpHeaderSize"": ""45986"", ""maxHttpRequestHeaderSize"": ""27806"", ""maxHttpResponseHeaderSize"": ""17594"", ""maxKeepAliveRequests"": ""2272"", ""maxParameterCount"": ""78193"", ""maxSwallowSize"": ""13451403"", ""maxThreads"": ""5"", ""minSpareThreads"": ""751"", ""processorCache"": ""217"", ""tcpNoDelay"": ""TRUE"", ""threadPriority"": ""8"", ""threadsMaxIdleTime"": ""283666"", ""throughput__2"": ""2233.97"", ""useAsyncIO"": ""TRUE"", ""useVirtualThreads"": ""FALSE""}"
tomcat,tpe,3304,plain,false,155,2213.7,23.94,2213.7,10.032069683074951,"[8, 50, 10, False]",0.0,10.031983137130737,0.0,"{""acceptCount"": ""962"", ""allowBackslash"": ""FALSE"", ""compression"": ""off"", ""compressionMinSize"": ""7477"", ""connectionTimeout"": ""310018"", ""connectionUploadTimeout"": ""223803"", ""disableUploadTimeout"": ""TRUE"", ""executorTerminationTimeoutMillis"": ""440876"", ""keepAliveTimeout"": ""291932"", ""maxConnections"": ""2022"", ""maxHeaderCount"": ""230"", ""maxHttpHeaderSize"": ""60071"", ""maxHttpRequestHeaderSize"": ""2386"", ""maxHttpResponseHeaderSize"": ""24889"", ""maxKeepAliveRequests"": ""1950"", ""maxParameterCount"": ""7543"", ""maxSwallowSize"": ""5916087"", ""maxThreads"": ""222"", ""minSpareThreads"": ""799"", ""processorCache"": ""233"", ""tcpNoDelay"": ""TRUE"", ""threadPriority"": ""10"", ""threadsMaxIdleTime"": ""21616"", ""throughput__2"": ""2213.7"", ""useAsyncIO"": ""FALSE"", ""useVirtualThreads"": ""FALSE""}"
tomcat,tpe,3304,plain,false,156,2298.56,23.85,2298.56,10.049727201461792,"[8, 50, 10, False]",0.0,10.049641132354736,0.0,"{""acceptCount"": ""745"", ""allowBackslash"": ""TRUE"", ""compression"": ""off"", ""compressionMinSize"": ""5110"", ""connectionTimeout"": ""347306"", ""connectionUploadTimeout"": ""265139"", ""disableUploadTimeout"": ""FALSE"", ""executorTerminationTimeoutMillis"": ""35020"", ""keepAliveTimeout"": ""864"", ""maxConnections"": ""14613"", ""maxHeaderCount"": ""96"", ""maxHttpHeaderSize"": ""21033"", ""maxHttpRequestHeaderSize"": ""14566"", ""maxHttpResponseHeaderSize"": ""38161"", ""maxKeepAliveRequests"": ""3886"", ""maxParameterCount"": ""97194"", ""maxSwallowSize"": ""10612045"", ""maxThreads"": ""242"", ""minSpareThreads"": ""397"", ""processorCache"": ""350"", ""tcpNoDelay"": ""FALSE"", ""threadPriority"": ""2"", ""threadsMaxIdleTime"": ""345366"", ""throughput__2"": ""2298.56"", ""useAsyncIO"": ""TRUE"", ""useVirtualThreads"": ""FALSE""}"
tomcat,tpe,3304,plain,false,157,2297.29,26.41,2297.29,10.045496225357056,"[8, 50, 10, False]",0.0,10.045408964157104,0.0,"{""acceptCount"": ""654"", ""allowBackslash"": ""FALSE"", ""compression"": ""force"", ""compressionMinSize"": ""9765"", ""connectionTimeout"": ""573078"", ""connectionUploadTimeout"": ""407733"", ""disableUploadTimeout"": ""FALSE"", ""executorTerminationTimeoutMillis"": ""310796"", ""keepAliveTimeout"": ""560993"", ""maxConnections"": ""3031"", ""maxHeaderCount"": ""118"", ""maxHttpHeaderSize"": ""14260"", ""maxHttpRequestHeaderSize"": ""53941"", ""maxHttpResponseHeaderSize"": ""6055"", ""maxKeepAliveRequests"": ""1931"", ""maxParameterCount"": ""38057"", ""maxSwallowSize"": ""20208628"", ""maxThreads"": ""147"", ""minSpareThreads"": ""629"", ""processorCache"": ""28"", ""tcpNoDelay"": ""FALSE"", ""threadPriority"": ""6"", ""threadsMaxIdleTime"": ""314524"", ""throughput__2"": ""2297.29"", ""useAsyncIO"": ""TRUE"", ""useVirtualThreads"": ""FALSE""}"
tomcat,tpe,3304,plain,false,158,2527.32,24.47,2527.32,10.046342611312866,"[8, 50, 10, False]",0.0,10.046258926391602,0.0,"{""acceptCount"": ""210"", ""allowBackslash"": ""FALSE"", ""compression"": ""on"", ""compressionMinSize"": ""4116"", ""connectionTimeout"": ""29"", ""connectionUploadTimeout"": ""511097"", ""disableUploadTimeout"": ""TRUE"", ""executorTerminationTimeoutMillis"": ""73020"", ""keepAliveTimeout"": ""525445"", ""maxConnections"": ""7966"", ""maxHeaderCount"": ""289"", ""maxHttpHeaderSize"": ""42622"", ""maxHttpRequestHeaderSize"": ""1213"", ""maxHttpResponseHeaderSize"": ""6086"", ""maxKeepAliveRequests"": ""4882"", ""maxParameterCount"": ""83031"", ""maxSwallowSize"": ""11330019"", ""maxThreads"": ""379"", ""minSpareThreads"": ""552"", ""processorCache"": ""37"", ""tcpNoDelay"": ""FALSE"", ""threadPriority"": ""10"", ""threadsMaxIdleTime"": ""414923"", ""throughput__2"": ""2527.32"", ""useAsyncIO"": ""TRUE"", ""useVirtualThreads"": ""FALSE""}"
tomcat,tpe,3304,plain,false,159,2489.18,22.22,2489.18,10.06414532661438,"[8, 50, 10, False]",0.0,10.064056158065796,0.0,"{""acceptCount"": ""71"", ""allowBackslash"": ""TRUE"", ""compression"": ""off"", ""compressionMinSize"": ""5100"", ""connectionTimeout"": ""217919"", ""connectionUploadTimeout"": ""86099"", ""disableUploadTimeout"": ""TRUE"", ""executorTerminationTimeoutMillis"": ""70771"", ""keepAliveTimeout"": ""83854"", ""maxConnections"": ""4139"", ""maxHeaderCount"": ""143"", ""maxHttpHeaderSize"": ""10717"", ""maxHttpRequestHeaderSize"": ""41849"", ""maxHttpResponseHeaderSize"": ""6303"", ""maxKeepAliveRequests"": ""4440"", ""maxParameterCount"": ""5272"", ""maxSwallowSize"": ""4092123"", ""maxThreads"": ""95"", ""minSpareThreads"": ""600"", ""processorCache"": ""246"", ""tcpNoDelay"": ""FALSE"", ""threadPriority"": ""8"", ""threadsMaxIdleTime"": ""510157"", ""throughput__2"": ""2489.18"", ""useAsyncIO"": ""TRUE"", ""useVirtualThreads"": ""FALSE""}"
tomcat,tpe,3304,plain,false,160,2301.55,23.06,2301.55,10.054302453994751,"[8, 50, 10, False]",0.0,10.05421257019043,0.0,"{""acceptCount"": ""32"", ""allowBackslash"": ""FALSE"", ""compression"": ""off"", ""compressionMinSize"": ""8336"", ""connectionTimeout"": ""121030"", ""connectionUploadTimeout"": ""388162"", ""disableUploadTimeout"": ""TRUE"", ""executorTerminationTimeoutMillis"": ""148991"", ""keepAliveTimeout"": ""278969"", ""maxConnections"": ""3821"", ""maxHeaderCount"": ""644"", ""maxHttpHeaderSize"": ""59402"", ""maxHttpRequestHeaderSize"": ""46639"", ""maxHttpResponseHeaderSize"": ""27687"", ""maxKeepAliveRequests"": ""1191"", ""maxParameterCount"": ""35844"", ""maxSwallowSize"": ""9648492"", ""maxThreads"": ""175"", ""minSpareThreads"": ""734"", ""processorCache"": ""316"", ""tcpNoDelay"": ""FALSE"", ""threadPriority"": ""3"", ""threadsMaxIdleTime"": ""100123"", ""throughput__2"": ""2301.55"", ""useAsyncIO"": ""TRUE"", ""useVirtualThreads"": ""FALSE""}"
tomcat,tpe,3304,plain,false,161,2382.73,24.46,2382.73,10.045413255691528,"[8, 50, 10, False]",0.0,10.045324087142944,0.0,"{""acceptCount"": ""630"", ""allowBackslash"": ""TRUE"", ""compression"": ""on"", ""compressionMinSize"": ""7195"", ""connectionTimeout"": ""333909"", ""connectionUploadTimeout"": ""203038"", ""disableUploadTimeout"": ""FALSE"", ""executorTerminationTimeoutMillis"": ""113029"", ""keepAliveTimeout"": ""419764"", ""maxConnections"": ""12094"", ""maxHeaderCount"": ""44"", ""maxHttpHeaderSize"": ""62398"", ""maxHttpRequestHeaderSize"": ""54127"", ""maxHttpResponseHeaderSize"": ""20602"", ""maxKeepAliveRequests"": ""4606"", ""maxParameterCount"": ""97869"", ""maxSwallowSize"": ""15926212"", ""maxThreads"": ""184"", ""minSpareThreads"": ""939"", ""processorCache"": ""216"", ""tcpNoDelay"": ""FALSE"", ""threadPriority"": ""7"", ""threadsMaxIdleTime"": ""48220"", ""throughput__2"": ""2382.73"", ""useAsyncIO"": ""TRUE"", ""useVirtualThreads"": ""FALSE""}"
tomcat,tpe,3304,plain,false,162,2411.6,23.82,2411.6,10.056743860244751,"[8, 50, 10, False]",0.0,10.056657552719116,0.0,"{""acceptCount"": ""110"", ""allowBackslash"": ""FALSE"", ""compression"": ""force"", ""compressionMinSize"": ""106"", ""connectionTimeout"": ""97555"", ""connectionUploadTimeout"": ""573145"", ""disableUploadTimeout"": ""FALSE"", ""executorTerminationTimeoutMillis"": ""58050"", ""keepAliveTimeout"": ""520503"", ""maxConnections"": ""18182"", ""maxHeaderCount"": ""245"", ""maxHttpHeaderSize"": ""52034"", ""maxHttpRequestHeaderSize"": ""35262"", ""maxHttpResponseHeaderSize"": ""11344"", ""maxKeepAliveRequests"": ""40"", ""maxParameterCount"": ""44883"", ""maxSwallowSize"": ""14197901"", ""maxThreads"": ""84"", ""minSpareThreads"": ""473"", ""processorCache"": ""23"", ""tcpNoDelay"": ""FALSE"", ""threadPriority"": ""6"", ""threadsMaxIdleTime"": ""86606"", ""throughput__2"": ""2411.6"", ""useAsyncIO"": ""FALSE"", ""useVirtualThreads"": ""FALSE""}"
tomcat,tpe,3304,plain,false,163,2611.02,26.55,2611.02,10.04419231414795,"[8, 50, 10, False]",0.0,10.044099569320679,0.0,"{""acceptCount"": ""723"", ""allowBackslash"": ""FALSE"", ""compression"": ""off"", ""compressionMinSize"": ""7947"", ""connectionTimeout"": ""520762"", ""connectionUploadTimeout"": ""304460"", ""disableUploadTimeout"": ""FALSE"", ""executorTerminationTimeoutMillis"": ""105528"", ""keepAliveTimeout"": ""231975"", ""maxConnections"": ""7985"", ""maxHeaderCount"": ""899"", ""maxHttpHeaderSize"": ""2824"", ""maxHttpRequestHeaderSize"": ""36125"", ""maxHttpResponseHeaderSize"": ""44371"", ""maxKeepAliveRequests"": ""2110"", ""maxParameterCount"": ""76889"", ""maxSwallowSize"": ""20896120"", ""maxThreads"": ""267"", ""minSpareThreads"": ""101"", ""processorCache"": ""333"", ""tcpNoDelay"": ""FALSE"", ""threadPriority"": ""4"", ""threadsMaxIdleTime"": ""475337"", ""throughput__2"": ""2611.02"", ""useAsyncIO"": ""TRUE"", ""useVirtualThreads"": ""FALSE""}"
tomcat,tpe,3304,plain,false,164,2525.94,25.76,2525.94,10.032891750335693,"[8, 50, 10, False]",0.0,10.032801151275635,0.0,"{""acceptCount"": ""254"", ""allowBackslash"": ""FALSE"", ""compression"": ""on"", ""compressionMinSize"": ""3812"", ""connectionTimeout"": ""467951"", ""connectionUploadTimeout"": ""137931"", ""disableUploadTimeout"": ""TRUE"", ""executorTerminationTimeoutMillis"": ""113580"", ""keepAliveTimeout"": ""433965"", ""maxConnections"": ""19083"", ""maxHeaderCount"": ""409"", ""maxHttpHeaderSize"": ""52805"", ""maxHttpRequestHeaderSize"": ""41826"", ""maxHttpResponseHeaderSize"": ""14847"", ""maxKeepAliveRequests"": ""4582"", ""maxParameterCount"": ""33074"", ""maxSwallowSize"": ""9306785"", ""maxThreads"": ""309"", ""minSpareThreads"": ""165"", ""processorCache"": ""232"", ""tcpNoDelay"": ""FALSE"", ""threadPriority"": ""6"", ""threadsMaxIdleTime"": ""116453"", ""throughput__2"": ""2525.94"", ""useAsyncIO"": ""TRUE"", ""useVirtualThreads"": ""FALSE""}"
tomcat,tpe,3304,plain,false,165,2453.2,26.14,2453.2,10.037362575531006,"[8, 50, 10, False]",0.0,10.037266731262207,0.0,"{""acceptCount"": ""566"", ""allowBackslash"": ""FALSE"", ""compression"": ""force"", ""compressionMinSize"": ""6669"", ""connectionTimeout"": ""488650"", ""connectionUploadTimeout"": ""234588"", ""disableUploadTimeout"": ""TRUE"", ""executorTerminationTimeoutMillis"": ""134317"", ""keepAliveTimeout"": ""125987"", ""maxConnections"": ""12757"", ""maxHeaderCount"": ""958"", ""maxHttpHeaderSize"": ""33977"", ""maxHttpRequestHeaderSize"": ""11495"", ""maxHttpResponseHeaderSize"": ""13436"", ""maxKeepAliveRequests"": ""1058"", ""maxParameterCount"": ""20623"", ""maxSwallowSize"": ""5226216"", ""maxThreads"": ""98"", ""minSpareThreads"": ""725"", ""processorCache"": ""77"", ""tcpNoDelay"": ""TRUE"", ""threadPriority"": ""8"", ""threadsMaxIdleTime"": ""216118"", ""throughput__2"": ""2453.2"", ""useAsyncIO"": ""FALSE"", ""useVirtualThreads"": ""FALSE""}"
tomcat,tpe,3304,plain,false,166,2438.48,26.06,2438.48,10.037252426147461,"[8, 50, 10, False]",0.0,10.03716492652893,0.0,"{""acceptCount"": ""240"", ""allowBackslash"": ""FALSE"", ""compression"": ""force"", ""compressionMinSize"": ""7479"", ""connectionTimeout"": ""447686"", ""connectionUploadTimeout"": ""264673"", ""disableUploadTimeout"": ""TRUE"", ""executorTerminationTimeoutMillis"": ""575004"", ""keepAliveTimeout"": ""415843"", ""maxConnections"": ""14121"", ""maxHeaderCount"": ""135"", ""maxHttpHeaderSize"": ""41638"", ""maxHttpRequestHeaderSize"": ""53035"", ""maxHttpResponseHeaderSize"": ""5670"", ""maxKeepAliveRequests"": ""3954"", ""maxParameterCount"": ""34071"", ""maxSwallowSize"": ""7438568"", ""maxThreads"": ""227"", ""minSpareThreads"": ""951"", ""processorCache"": ""292"", ""tcpNoDelay"": ""FALSE"", ""threadPriority"": ""10"", ""threadsMaxIdleTime"": ""424"", ""throughput__2"": ""2438.48"", ""useAsyncIO"": ""TRUE"", ""useVirtualThreads"": ""FALSE""}"
tomcat,tpe,3304,plain,false,167,2412.26,22.04,2412.26,10.057615756988525,"[8, 50, 10, False]",0.0,10.057527780532837,0.0,"{""acceptCount"": ""755"", ""allowBackslash"": ""FALSE"", ""compression"": ""on"", ""compressionMinSize"": ""423"", ""connectionTimeout"": ""199745"", ""connectionUploadTimeout"": ""211439"", ""disableUploadTimeout"": ""FALSE"", ""executorTerminationTimeoutMillis"": ""235791"", ""keepAliveTimeout"": ""399977"", ""maxConnections"": ""5158"", ""maxHeaderCount"": ""126"", ""maxHttpHeaderSize"": ""38694"", ""maxHttpRequestHeaderSize"": ""20883"", ""maxHttpResponseHeaderSize"": ""17348"", ""maxKeepAliveRequests"": ""3932"", ""maxParameterCount"": ""37928"", ""maxSwallowSize"": ""20224752"", ""maxThreads"": ""21"", ""minSpareThreads"": ""413"", ""processorCache"": ""253"", ""tcpNoDelay"": ""FALSE"", ""threadPriority"": ""3"", ""threadsMaxIdleTime"": ""118552"", ""throughput__2"": ""2412.26"", ""useAsyncIO"": ""TRUE"", ""useVirtualThreads"": ""FALSE""}"
tomcat,tpe,3304,plain,false,168,2126.54,23.76,2126.54,10.059269428253174,"[8, 50, 10, False]",0.0,10.05918002128601,0.0,"{""acceptCount"": ""53"", ""allowBackslash"": ""FALSE"", ""compression"": ""off"", ""compressionMinSize"": ""2472"", ""connectionTimeout"": ""591801"", ""connectionUploadTimeout"": ""397500"", ""disableUploadTimeout"": ""FALSE"", ""executorTerminationTimeoutMillis"": ""202856"", ""keepAliveTimeout"": ""514319"", ""maxConnections"": ""19229"", ""maxHeaderCount"": ""698"", ""maxHttpHeaderSize"": ""45694"", ""maxHttpRequestHeaderSize"": ""3141"", ""maxHttpResponseHeaderSize"": ""16061"", ""maxKeepAliveRequests"": ""3036"", ""maxParameterCount"": ""70533"", ""maxSwallowSize"": ""7277307"", ""maxThreads"": ""67"", ""minSpareThreads"": ""345"", ""processorCache"": ""321"", ""tcpNoDelay"": ""FALSE"", ""threadPriority"": ""5"", ""threadsMaxIdleTime"": ""288888"", ""throughput__2"": ""2126.54"", ""useAsyncIO"": ""TRUE"", ""useVirtualThreads"": ""TRUE""}"
tomcat,tpe,3304,plain,false,169,2115.7,25.02,2115.7,10.085111618041992,"[8, 50, 10, False]",0.0,10.08501672744751,0.0,"{""acceptCount"": ""989"", ""allowBackslash"": ""FALSE"", ""compression"": ""on"", ""compressionMinSize"": ""6939"", ""connectionTimeout"": ""595428"", ""connectionUploadTimeout"": ""113031"", ""disableUploadTimeout"": ""FALSE"", ""executorTerminationTimeoutMillis"": ""363226"", ""keepAliveTimeout"": ""446766"", ""maxConnections"": ""19087"", ""maxHeaderCount"": ""58"", ""maxHttpHeaderSize"": ""6661"", ""maxHttpRequestHeaderSize"": ""4752"", ""maxHttpResponseHeaderSize"": ""28187"", ""maxKeepAliveRequests"": ""17"", ""maxParameterCount"": ""69975"", ""maxSwallowSize"": ""9552814"", ""maxThreads"": ""275"", ""minSpareThreads"": ""716"", ""processorCache"": ""176"", ""tcpNoDelay"": ""FALSE"", ""threadPriority"": ""5"", ""threadsMaxIdleTime"": ""29190"", ""throughput__2"": ""2115.7"", ""useAsyncIO"": ""TRUE"", ""useVirtualThreads"": ""FALSE""}"
tomcat,tpe,3304,plain,false,170,2182.35,24.52,2182.35,10.060989141464233,"[8, 50, 10, False]",0.0,10.06090235710144,0.0,"{""acceptCount"": ""474"", ""allowBackslash"": ""FALSE"", ""compression"": ""off"", ""compressionMinSize"": ""4641"", ""connectionTimeout"": ""418453"", ""connectionUploadTimeout"": ""116919"", ""disableUploadTimeout"": ""FALSE"", ""executorTerminationTimeoutMillis"": ""227933"", ""keepAliveTimeout"": ""98244"", ""maxConnections"": ""1647"", ""maxHeaderCount"": ""951"", ""maxHttpHeaderSize"": ""6383"", ""maxHttpRequestHeaderSize"": ""24063"", ""maxHttpResponseHeaderSize"": ""20849"", ""maxKeepAliveRequests"": ""3269"", ""maxParameterCount"": ""24355"", ""maxSwallowSize"": ""13924013"", ""maxThreads"": ""382"", ""minSpareThreads"": ""843"", ""processorCache"": ""339"", ""tcpNoDelay"": ""FALSE"", ""threadPriority"": ""6"", ""threadsMaxIdleTime"": ""406068"", ""throughput__2"": ""2182.35"", ""useAsyncIO"": ""TRUE"", ""useVirtualThreads"": ""FALSE""}"
tomcat,tpe,3304,plain,false,171,2430.09,21.96,2430.09,10.04789113998413,"[8, 50, 10, False]",0.0,10.04780125617981,0.0,"{""acceptCount"": ""577"", ""allowBackslash"": ""FALSE"", ""compression"": ""force"", ""compressionMinSize"": ""1116"", ""connectionTimeout"": ""113985"", ""connectionUploadTimeout"": ""150684"", ""disableUploadTimeout"": ""FALSE"", ""executorTerminationTimeoutMillis"": ""158206"", ""keepAliveTimeout"": ""533891"", ""maxConnections"": ""12157"", ""maxHeaderCount"": ""609"", ""maxHttpHeaderSize"": ""49697"", ""maxHttpRequestHeaderSize"": ""8397"", ""maxHttpResponseHeaderSize"": ""42012"", ""maxKeepAliveRequests"": ""3695"", ""maxParameterCount"": ""12189"", ""maxSwallowSize"": ""13321798"", ""maxThreads"": ""22"", ""minSpareThreads"": ""358"", ""processorCache"": ""359"", ""tcpNoDelay"": ""FALSE"", ""threadPriority"": ""2"", ""threadsMaxIdleTime"": ""297788"", ""throughput__2"": ""2430.09"", ""useAsyncIO"": ""TRUE"", ""useVirtualThreads"": ""FALSE""}"
tomcat,tpe,3304,plain,false,172,2399.43,24.25,2399.43,10.04787802696228,"[8, 50, 10, False]",0.0,10.047790288925171,0.0,"{""acceptCount"": ""169"", ""allowBackslash"": ""FALSE"", ""compression"": ""force"", ""compressionMinSize"": ""824"", ""connectionTimeout"": ""178342"", ""connectionUploadTimeout"": ""573514"", ""disableUploadTimeout"": ""FALSE"", ""executorTerminationTimeoutMillis"": ""205732"", ""keepAliveTimeout"": ""396436"", ""maxConnections"": ""7800"", ""maxHeaderCount"": ""446"", ""maxHttpHeaderSize"": ""23087"", ""maxHttpRequestHeaderSize"": ""26439"", ""maxHttpResponseHeaderSize"": ""15383"", ""maxKeepAliveRequests"": ""2858"", ""maxParameterCount"": ""49866"", ""maxSwallowSize"": ""13656822"", ""maxThreads"": ""86"", ""minSpareThreads"": ""582"", ""processorCache"": ""198"", ""tcpNoDelay"": ""FALSE"", ""threadPriority"": ""2"", ""threadsMaxIdleTime"": ""70191"", ""throughput__2"": ""2399.43"", ""useAsyncIO"": ""FALSE"", ""useVirtualThreads"": ""FALSE""}"
tomcat,tpe,3304,plain,false,173,2365.11,21.37,2365.11,10.032623767852783,"[8, 50, 10, False]",0.0,10.0325345993042,0.0,"{""acceptCount"": ""141"", ""allowBackslash"": ""FALSE"", ""compression"": ""force"", ""compressionMinSize"": ""1980"", ""connectionTimeout"": ""413112"", ""connectionUploadTimeout"": ""414992"", ""disableUploadTimeout"": ""FALSE"", ""executorTerminationTimeoutMillis"": ""91682"", ""keepAliveTimeout"": ""396899"", ""maxConnections"": ""8545"", ""maxHeaderCount"": ""247"", ""maxHttpHeaderSize"": ""29387"", ""maxHttpRequestHeaderSize"": ""32989"", ""maxHttpResponseHeaderSize"": ""37566"", ""maxKeepAliveRequests"": ""4870"", ""maxParameterCount"": ""47389"", ""maxSwallowSize"": ""19066316"", ""maxThreads"": ""211"", ""minSpareThreads"": ""715"", ""processorCache"": ""157"", ""tcpNoDelay"": ""FALSE"", ""threadPriority"": ""9"", ""threadsMaxIdleTime"": ""191960"", ""throughput__2"": ""2365.11"", ""useAsyncIO"": ""FALSE"", ""useVirtualThreads"": ""TRUE""}"
tomcat,tpe,3304,plain,false,174,2453.21,24.03,2453.21,10.066457748413086,"[8, 50, 10, False]",0.0,10.06637167930603,0.0,"{""acceptCount"": ""299"", ""allowBackslash"": ""TRUE"", ""compression"": ""on"", ""compressionMinSize"": ""3174"", ""connectionTimeout"": ""192923"", ""connectionUploadTimeout"": ""596462"", ""disableUploadTimeout"": ""FALSE"", ""executorTerminationTimeoutMillis"": ""144622"", ""keepAliveTimeout"": ""590470"", ""maxConnections"": ""8941"", ""maxHeaderCount"": ""79"", ""maxHttpHeaderSize"": ""17345"", ""maxHttpRequestHeaderSize"": ""24198"", ""maxHttpResponseHeaderSize"": ""18571"", ""maxKeepAliveRequests"": ""2038"", ""maxParameterCount"": ""76819"", ""maxSwallowSize"": ""19266346"", ""maxThreads"": ""330"", ""minSpareThreads"": ""857"", ""processorCache"": ""305"", ""tcpNoDelay"": ""TRUE"", ""threadPriority"": ""3"", ""threadsMaxIdleTime"": ""59240"", ""throughput__2"": ""2453.21"", ""useAsyncIO"": ""TRUE"", ""useVirtualThreads"": ""FALSE""}"
tomcat,tpe,3304,plain,false,175,2252.4,26.1,2252.4,10.08566927909851,"[8, 50, 10, False]",0.0,10.085579872131348,0.0,"{""acceptCount"": ""75"", ""allowBackslash"": ""TRUE"", ""compression"": ""force"", ""compressionMinSize"": ""5959"", ""connectionTimeout"": ""16128"", ""connectionUploadTimeout"": ""133214"", ""disableUploadTimeout"": ""FALSE"", ""executorTerminationTimeoutMillis"": ""518224"", ""keepAliveTimeout"": ""525689"", ""maxConnections"": ""3163"", ""maxHeaderCount"": ""212"", ""maxHttpHeaderSize"": ""46449"", ""maxHttpRequestHeaderSize"": ""29641"", ""maxHttpResponseHeaderSize"": ""38194"", ""maxKeepAliveRequests"": ""2743"", ""maxParameterCount"": ""54061"", ""maxSwallowSize"": ""18819810"", ""maxThreads"": ""89"", ""minSpareThreads"": ""670"", ""processorCache"": ""334"", ""tcpNoDelay"": ""TRUE"", ""threadPriority"": ""2"", ""threadsMaxIdleTime"": ""156776"", ""throughput__2"": ""2252.4"", ""useAsyncIO"": ""TRUE"", ""useVirtualThreads"": ""FALSE""}"
tomcat,tpe,3304,plain,false,176,2214.9,25.46,2214.9,10.052006483078003,"[8, 50, 10, False]",0.0,10.051907062530518,0.0,"{""acceptCount"": ""686"", ""allowBackslash"": ""FALSE"", ""compression"": ""off"", ""compressionMinSize"": ""4694"", ""connectionTimeout"": ""374798"", ""connectionUploadTimeout"": ""19885"", ""disableUploadTimeout"": ""FALSE"", ""executorTerminationTimeoutMillis"": ""376447"", ""keepAliveTimeout"": ""467779"", ""maxConnections"": ""14660"", ""maxHeaderCount"": ""492"", ""maxHttpHeaderSize"": ""51959"", ""maxHttpRequestHeaderSize"": ""39500"", ""maxHttpResponseHeaderSize"": ""15977"", ""maxKeepAliveRequests"": ""1870"", ""maxParameterCount"": ""74499"", ""maxSwallowSize"": ""751096"", ""maxThreads"": ""36"", ""minSpareThreads"": ""336"", ""processorCache"": ""340"", ""tcpNoDelay"": ""FALSE"", ""threadPriority"": ""4"", ""threadsMaxIdleTime"": ""36567"", ""throughput__2"": ""2214.9"", ""useAsyncIO"": ""TRUE"", ""useVirtualThreads"": ""FALSE""}"
tomcat,tpe,3304,plain,false,177,2253.11,24.08,2253.11,10.054089784622192,"[8, 50, 10, False]",0.0,10.053979635238647,0.0,"{""acceptCount"": ""334"", ""allowBackslash"": ""FALSE"", ""compression"": ""on"", ""compressionMinSize"": ""7225"", ""connectionTimeout"": ""31909"", ""connectionUploadTimeout"": ""593709"", ""disableUploadTimeout"": ""FALSE"", ""executorTerminationTimeoutMillis"": ""357664"", ""keepAliveTimeout"": ""227320"", ""maxConnections"": ""227"", ""maxHeaderCount"": ""494"", ""maxHttpHeaderSize"": ""1693"", ""maxHttpRequestHeaderSize"": ""56643"", ""maxHttpResponseHeaderSize"": ""16848"", ""maxKeepAliveRequests"": ""2858"", ""maxParameterCount"": ""81034"", ""maxSwallowSize"": ""1935774"", ""maxThreads"": ""213"", ""minSpareThreads"": ""672"", ""processorCache"": ""356"", ""tcpNoDelay"": ""FALSE"", ""threadPriority"": ""8"", ""threadsMaxIdleTime"": ""88794"", ""throughput__2"": ""2253.11"", ""useAsyncIO"": ""FALSE"", ""useVirtualThreads"": ""FALSE""}"
tomcat,tpe,3304,plain,false,178,2337.33,26.41,2337.33,10.036384582519531,"[8, 50, 10, False]",0.0,10.03629183769226,0.0,"{""acceptCount"": ""140"", ""allowBackslash"": ""FALSE"", ""compression"": ""on"", ""compressionMinSize"": ""6112"", ""connectionTimeout"": ""108058"", ""connectionUploadTimeout"": ""37950"", ""disableUploadTimeout"": ""TRUE"", ""executorTerminationTimeoutMillis"": ""560548"", ""keepAliveTimeout"": ""301423"", ""maxConnections"": ""18041"", ""maxHeaderCount"": ""526"", ""maxHttpHeaderSize"": ""4357"", ""maxHttpRequestHeaderSize"": ""56062"", ""maxHttpResponseHeaderSize"": ""36392"", ""maxKeepAliveRequests"": ""3186"", ""maxParameterCount"": ""5550"", ""maxSwallowSize"": ""8671394"", ""maxThreads"": ""358"", ""minSpareThreads"": ""360"", ""processorCache"": ""100"", ""tcpNoDelay"": ""FALSE"", ""threadPriority"": ""10"", ""threadsMaxIdleTime"": ""118064"", ""throughput__2"": ""2337.33"", ""useAsyncIO"": ""TRUE"", ""useVirtualThreads"": ""FALSE""}"
tomcat,tpe,3304,plain,false,179,2160.35,22.89,2160.35,10.028900861740112,"[8, 50, 10, False]",0.0,10.028815031051636,0.0,"{""acceptCount"": ""213"", ""allowBackslash"": ""TRUE"", ""compression"": ""off"", ""compressionMinSize"": ""4683"", ""connectionTimeout"": ""176419"", ""connectionUploadTimeout"": ""342034"", ""disableUploadTimeout"": ""FALSE"", ""executorTerminationTimeoutMillis"": ""37267"", ""keepAliveTimeout"": ""176471"", ""maxConnections"": ""10673"", ""maxHeaderCount"": ""649"", ""maxHttpHeaderSize"": ""51985"", ""maxHttpRequestHeaderSize"": ""16516"", ""maxHttpResponseHeaderSize"": ""1125"", ""maxKeepAliveRequests"": ""156"", ""maxParameterCount"": ""48194"", ""maxSwallowSize"": ""2878220"", ""maxThreads"": ""3"", ""minSpareThreads"": ""406"", ""processorCache"": ""278"", ""tcpNoDelay"": ""FALSE"", ""threadPriority"": ""3"", ""threadsMaxIdleTime"": ""313039"", ""throughput__2"": ""2160.35"", ""useAsyncIO"": ""TRUE"", ""useVirtualThreads"": ""FALSE""}"
tomcat,tpe,3304,plain,false,180,2302.7,25.51,2302.7,10.083620548248291,"[8, 50, 10, False]",0.0,10.08327841758728,0.0,"{""acceptCount"": ""120"", ""allowBackslash"": ""FALSE"", ""compression"": ""on"", ""compressionMinSize"": ""16"", ""connectionTimeout"": ""28580"", ""connectionUploadTimeout"": ""409552"", ""disableUploadTimeout"": ""FALSE"", ""executorTerminationTimeoutMillis"": ""118827"", ""keepAliveTimeout"": ""334278"", ""maxConnections"": ""13925"", ""maxHeaderCount"": ""396"", ""maxHttpHeaderSize"": ""54753"", ""maxHttpRequestHeaderSize"": ""21401"", ""maxHttpResponseHeaderSize"": ""56823"", ""maxKeepAliveRequests"": ""4104"", ""maxParameterCount"": ""42338"", ""maxSwallowSize"": ""14535374"", ""maxThreads"": ""155"", ""minSpareThreads"": ""299"", ""processorCache"": ""214"", ""tcpNoDelay"": ""FALSE"", ""threadPriority"": ""5"", ""threadsMaxIdleTime"": ""237198"", ""throughput__2"": ""2302.7"", ""useAsyncIO"": ""FALSE"", ""useVirtualThreads"": ""FALSE""}"
tomcat,tpe,3304,plain,false,181,2174.75,24.8,2174.75,10.06515622138977,"[8, 50, 10, False]",0.0,10.065065145492554,0.0,"{""acceptCount"": ""411"", ""allowBackslash"": ""FALSE"", ""compression"": ""on"", ""compressionMinSize"": ""10164"", ""connectionTimeout"": ""480552"", ""connectionUploadTimeout"": ""301792"", ""disableUploadTimeout"": ""FALSE"", ""executorTerminationTimeoutMillis"": ""576859"", ""keepAliveTimeout"": ""253554"", ""maxConnections"": ""12434"", ""maxHeaderCount"": ""903"", ""maxHttpHeaderSize"": ""40072"", ""maxHttpRequestHeaderSize"": ""4216"", ""maxHttpResponseHeaderSize"": ""632"", ""maxKeepAliveRequests"": ""3471"", ""maxParameterCount"": ""31375"", ""maxSwallowSize"": ""1068598"", ""maxThreads"": ""72"", ""minSpareThreads"": ""957"", ""processorCache"": ""94"", ""tcpNoDelay"": ""FALSE"", ""threadPriority"": ""1"", ""threadsMaxIdleTime"": ""165403"", ""throughput__2"": ""2174.75"", ""useAsyncIO"": ""TRUE"", ""useVirtualThreads"": ""FALSE""}"
tomcat,tpe,3304,plain,false,182,2110.31,24.29,2110.31,10.054131746292114,"[8, 50, 10, False]",0.0,10.054043769836426,0.0,"{""acceptCount"": ""911"", ""allowBackslash"": ""FALSE"", ""compression"": ""force"", ""compressionMinSize"": ""9037"", ""connectionTimeout"": ""496995"", ""connectionUploadTimeout"": ""59537"", ""disableUploadTimeout"": ""FALSE"", ""executorTerminationTimeoutMillis"": ""468782"", ""keepAliveTimeout"": ""514449"", ""maxConnections"": ""14202"", ""maxHeaderCount"": ""766"", ""maxHttpHeaderSize"": ""18725"", ""maxHttpRequestHeaderSize"": ""10758"", ""maxHttpResponseHeaderSize"": ""54400"", ""maxKeepAliveRequests"": ""4213"", ""maxParameterCount"": ""72163"", ""maxSwallowSize"": ""18638531"", ""maxThreads"": ""124"", ""minSpareThreads"": ""989"", ""processorCache"": ""50"", ""tcpNoDelay"": ""FALSE"", ""threadPriority"": ""7"", ""threadsMaxIdleTime"": ""410863"", ""throughput__2"": ""2110.31"", ""useAsyncIO"": ""TRUE"", ""useVirtualThreads"": ""TRUE""}"
tomcat,tpe,3304,plain,false,183,2214.28,24.75,2214.28,10.05412483215332,"[8, 50, 10, False]",0.0,10.054040670394897,0.0,"{""acceptCount"": ""559"", ""allowBackslash"": ""FALSE"", ""compression"": ""off"", ""compressionMinSize"": ""1983"", ""connectionTimeout"": ""350640"", ""connectionUploadTimeout"": ""464940"", ""disableUploadTimeout"": ""FALSE"", ""executorTerminationTimeoutMillis"": ""592334"", ""keepAliveTimeout"": ""348132"", ""maxConnections"": ""312"", ""maxHeaderCount"": ""238"", ""maxHttpHeaderSize"": ""51491"", ""maxHttpRequestHeaderSize"": ""24803"", ""maxHttpResponseHeaderSize"": ""8125"", ""maxKeepAliveRequests"": ""2751"", ""maxParameterCount"": ""68310"", ""maxSwallowSize"": ""17599942"", ""maxThreads"": ""217"", ""minSpareThreads"": ""646"", ""processorCache"": ""292"", ""tcpNoDelay"": ""FALSE"", ""threadPriority"": ""2"", ""threadsMaxIdleTime"": ""211140"", ""throughput__2"": ""2214.28"", ""useAsyncIO"": ""FALSE"", ""useVirtualThreads"": ""FALSE""}"
tomcat,tpe,3304,plain,false,184,2287.35,24.84,2287.35,10.04714035987854,"[8, 50, 10, False]",0.0,10.047053098678589,0.0,"{""acceptCount"": ""821"", ""allowBackslash"": ""TRUE"", ""compression"": ""on"", ""compressionMinSize"": ""7678"", ""connectionTimeout"": ""459326"", ""connectionUploadTimeout"": ""263060"", ""disableUploadTimeout"": ""FALSE"", ""executorTerminationTimeoutMillis"": ""249216"", ""keepAliveTimeout"": ""594496"", ""maxConnections"": ""12435"", ""maxHeaderCount"": ""467"", ""maxHttpHeaderSize"": ""33912"", ""maxHttpRequestHeaderSize"": ""59136"", ""maxHttpResponseHeaderSize"": ""14797"", ""maxKeepAliveRequests"": ""2492"", ""maxParameterCount"": ""31595"", ""maxSwallowSize"": ""18437822"", ""maxThreads"": ""103"", ""minSpareThreads"": ""993"", ""processorCache"": ""322"", ""tcpNoDelay"": ""FALSE"", ""threadPriority"": ""2"", ""threadsMaxIdleTime"": ""143743"", ""throughput__2"": ""2287.35"", ""useAsyncIO"": ""TRUE"", ""useVirtualThreads"": ""FALSE""}"
tomcat,tpe,3304,plain,false,185,2356.18,25.2,2356.18,10.0424964427948,"[8, 50, 10, False]",0.0,10.042404174804688,0.0,"{""acceptCount"": ""215"", ""allowBackslash"": ""FALSE"", ""compression"": ""force"", ""compressionMinSize"": ""1120"", ""connectionTimeout"": ""565168"", ""connectionUploadTimeout"": ""143442"", ""disableUploadTimeout"": ""TRUE"", ""executorTerminationTimeoutMillis"": ""29360"", ""keepAliveTimeout"": ""88993"", ""maxConnections"": ""1650"", ""maxHeaderCount"": ""734"", ""maxHttpHeaderSize"": ""65369"", ""maxHttpRequestHeaderSize"": ""33715"", ""maxHttpResponseHeaderSize"": ""14465"", ""maxKeepAliveRequests"": ""2867"", ""maxParameterCount"": ""18702"", ""maxSwallowSize"": ""287615"", ""maxThreads"": ""31"", ""minSpareThreads"": ""827"", ""processorCache"": ""110"", ""tcpNoDelay"": ""TRUE"", ""threadPriority"": ""7"", ""threadsMaxIdleTime"": ""463791"", ""throughput__2"": ""2356.18"", ""useAsyncIO"": ""FALSE"", ""useVirtualThreads"": ""FALSE""}"
tomcat,tpe,3304,plain,false,186,2620.5,20.48,2620.5,10.08421778678894,"[8, 50, 10, False]",0.0,10.084131002426147,0.0,"{""acceptCount"": ""208"", ""allowBackslash"": ""TRUE"", ""compression"": ""force"", ""compressionMinSize"": ""2712"", ""connectionTimeout"": ""446051"", ""connectionUploadTimeout"": ""358821"", ""disableUploadTimeout"": ""TRUE"", ""executorTerminationTimeoutMillis"": ""5494"", ""keepAliveTimeout"": ""391143"", ""maxConnections"": ""90"", ""maxHeaderCount"": ""869"", ""maxHttpHeaderSize"": ""27217"", ""maxHttpRequestHeaderSize"": ""27417"", ""maxHttpResponseHeaderSize"": ""6332"", ""maxKeepAliveRequests"": ""4186"", ""maxParameterCount"": ""22723"", ""maxSwallowSize"": ""16059617"", ""maxThreads"": ""22"", ""minSpareThreads"": ""848"", ""processorCache"": ""120"", ""tcpNoDelay"": ""FALSE"", ""threadPriority"": ""3"", ""threadsMaxIdleTime"": ""376159"", ""throughput__2"": ""2620.5"", ""useAsyncIO"": ""TRUE"", ""useVirtualThreads"": ""FALSE""}"
tomcat,tpe,3304,plain,false,187,2225.18,25.79,2225.18,10.037843227386475,"[8, 50, 10, False]",0.0,10.037759065628052,0.0,"{""acceptCount"": ""368"", ""allowBackslash"": ""TRUE"", ""compression"": ""force"", ""compressionMinSize"": ""198"", ""connectionTimeout"": ""511838"", ""connectionUploadTimeout"": ""525384"", ""disableUploadTimeout"": ""TRUE"", ""executorTerminationTimeoutMillis"": ""152336"", ""keepAliveTimeout"": ""56788"", ""maxConnections"": ""8659"", ""maxHeaderCount"": ""917"", ""maxHttpHeaderSize"": ""5788"", ""maxHttpRequestHeaderSize"": ""59314"", ""maxHttpResponseHeaderSize"": ""26994"", ""maxKeepAliveRequests"": ""2055"", ""maxParameterCount"": ""50286"", ""maxSwallowSize"": ""16628989"", ""maxThreads"": ""66"", ""minSpareThreads"": ""664"", ""processorCache"": ""170"", ""tcpNoDelay"": ""FALSE"", ""threadPriority"": ""7"", ""threadsMaxIdleTime"": ""331282"", ""throughput__2"": ""2225.18"", ""useAsyncIO"": ""TRUE"", ""useVirtualThreads"": ""FALSE""}"
tomcat,tpe,3304,plain,false,188,2509.95,25.46,2509.95,10.033589839935303,"[8, 50, 10, False]",0.0,10.033497095108032,0.0,"{""acceptCount"": ""25"", ""allowBackslash"": ""FALSE"", ""compression"": ""off"", ""compressionMinSize"": ""1594"", ""connectionTimeout"": ""20845"", ""connectionUploadTimeout"": ""24554"", ""disableUploadTimeout"": ""FALSE"", ""executorTerminationTimeoutMillis"": ""462699"", ""keepAliveTimeout"": ""134716"", ""maxConnections"": ""10818"", ""maxHeaderCount"": ""967"", ""maxHttpHeaderSize"": ""58942"", ""maxHttpRequestHeaderSize"": ""10008"", ""maxHttpResponseHeaderSize"": ""64820"", ""maxKeepAliveRequests"": ""3869"", ""maxParameterCount"": ""5620"", ""maxSwallowSize"": ""16339497"", ""maxThreads"": ""213"", ""minSpareThreads"": ""163"", ""processorCache"": ""325"", ""tcpNoDelay"": ""FALSE"", ""threadPriority"": ""2"", ""threadsMaxIdleTime"": ""523477"", ""throughput__2"": ""2509.95"", ""useAsyncIO"": ""TRUE"", ""useVirtualThreads"": ""FALSE""}"
tomcat,tpe,3304,plain,false,189,2439.81,23.75,2439.81,10.042523622512817,"[8, 50, 10, False]",0.0,10.042441844940186,0.0,"{""acceptCount"": ""290"", ""allowBackslash"": ""FALSE"", ""compression"": ""on"", ""compressionMinSize"": ""3622"", ""connectionTimeout"": ""113278"", ""connectionUploadTimeout"": ""407877"", ""disableUploadTimeout"": ""TRUE"", ""executorTerminationTimeoutMillis"": ""513797"", ""keepAliveTimeout"": ""425063"", ""maxConnections"": ""2132"", ""maxHeaderCount"": ""870"", ""maxHttpHeaderSize"": ""29110"", ""maxHttpRequestHeaderSize"": ""58140"", ""maxHttpResponseHeaderSize"": ""41059"", ""maxKeepAliveRequests"": ""2775"", ""maxParameterCount"": ""51718"", ""maxSwallowSize"": ""11400041"", ""maxThreads"": ""53"", ""minSpareThreads"": ""135"", ""processorCache"": ""354"", ""tcpNoDelay"": ""TRUE"", ""threadPriority"": ""10"", ""threadsMaxIdleTime"": ""530578"", ""throughput__2"": ""2439.81"", ""useAsyncIO"": ""TRUE"", ""useVirtualThreads"": ""FALSE""}"
tomcat,tpe,3304,plain,false,190,2322.32,21.47,2322.32,10.07313060760498,"[8, 50, 10, False]",0.0,10.073047161102295,0.0,"{""acceptCount"": ""335"", ""allowBackslash"": ""FALSE"", ""compression"": ""on"", ""compressionMinSize"": ""10091"", ""connectionTimeout"": ""483145"", ""connectionUploadTimeout"": ""23894"", ""disableUploadTimeout"": ""TRUE"", ""executorTerminationTimeoutMillis"": ""264707"", ""keepAliveTimeout"": ""62537"", ""maxConnections"": ""19485"", ""maxHeaderCount"": ""954"", ""maxHttpHeaderSize"": ""11388"", ""maxHttpRequestHeaderSize"": ""11754"", ""maxHttpResponseHeaderSize"": ""20479"", ""maxKeepAliveRequests"": ""749"", ""maxParameterCount"": ""4205"", ""maxSwallowSize"": ""13102159"", ""maxThreads"": ""11"", ""minSpareThreads"": ""240"", ""processorCache"": ""83"", ""tcpNoDelay"": ""TRUE"", ""threadPriority"": ""1"", ""threadsMaxIdleTime"": ""247887"", ""throughput__2"": ""2322.32"", ""useAsyncIO"": ""FALSE"", ""useVirtualThreads"": ""TRUE""}"
tomcat,tpe,3304,plain,false,191,2150.15,23.3,2150.15,10.065157890319824,"[8, 50, 10, False]",0.0,10.065069437026978,0.0,"{""acceptCount"": ""205"", ""allowBackslash"": ""TRUE"", ""compression"": ""on"", ""compressionMinSize"": ""788"", ""connectionTimeout"": ""382795"", ""connectionUploadTimeout"": ""566408"", ""disableUploadTimeout"": ""FALSE"", ""executorTerminationTimeoutMillis"": ""233690"", ""keepAliveTimeout"": ""411070"", ""maxConnections"": ""18950"", ""maxHeaderCount"": ""449"", ""maxHttpHeaderSize"": ""47019"", ""maxHttpRequestHeaderSize"": ""3030"", ""maxHttpResponseHeaderSize"": ""38142"", ""maxKeepAliveRequests"": ""1831"", ""maxParameterCount"": ""37842"", ""maxSwallowSize"": ""16974052"", ""maxThreads"": ""398"", ""minSpareThreads"": ""628"", ""processorCache"": ""76"", ""tcpNoDelay"": ""TRUE"", ""threadPriority"": ""5"", ""threadsMaxIdleTime"": ""242843"", ""throughput__2"": ""2150.15"", ""useAsyncIO"": ""TRUE"", ""useVirtualThreads"": ""TRUE""}"
tomcat,tpe,3304,plain,false,192,2323.36,22.79,2323.36,10.040917873382568,"[8, 50, 10, False]",0.0,10.040834903717041,0.0,"{""acceptCount"": ""51"", ""allowBackslash"": ""FALSE"", ""compression"": ""off"", ""compressionMinSize"": ""668"", ""connectionTimeout"": ""269763"", ""connectionUploadTimeout"": ""43323"", ""disableUploadTimeout"": ""TRUE"", ""executorTerminationTimeoutMillis"": ""209390"", ""keepAliveTimeout"": ""302532"", ""maxConnections"": ""1775"", ""maxHeaderCount"": ""910"", ""maxHttpHeaderSize"": ""12176"", ""maxHttpRequestHeaderSize"": ""12369"", ""maxHttpResponseHeaderSize"": ""23660"", ""maxKeepAliveRequests"": ""1474"", ""maxParameterCount"": ""85592"", ""maxSwallowSize"": ""9101204"", ""maxThreads"": ""44"", ""minSpareThreads"": ""865"", ""processorCache"": ""186"", ""tcpNoDelay"": ""FALSE"", ""threadPriority"": ""10"", ""threadsMaxIdleTime"": ""259481"", ""throughput__2"": ""2323.36"", ""useAsyncIO"": ""FALSE"", ""useVirtualThreads"": ""FALSE""}"
tomcat,tpe,3304,plain,false,193,2239.22,24.74,2239.22,10.035747289657593,"[8, 50, 10, False]",0.0,10.035660982131958,0.0,"{""acceptCount"": ""654"", ""allowBackslash"": ""FALSE"", ""compression"": ""off"", ""compressionMinSize"": ""3581"", ""connectionTimeout"": ""584932"", ""connectionUploadTimeout"": ""385076"", ""disableUploadTimeout"": ""FALSE"", ""executorTerminationTimeoutMillis"": ""465029"", ""keepAliveTimeout"": ""458973"", ""maxConnections"": ""13180"", ""maxHeaderCount"": ""961"", ""maxHttpHeaderSize"": ""36318"", ""maxHttpRequestHeaderSize"": ""16545"", ""maxHttpResponseHeaderSize"": ""3494"", ""maxKeepAliveRequests"": ""3252"", ""maxParameterCount"": ""79137"", ""maxSwallowSize"": ""20841326"", ""maxThreads"": ""193"", ""minSpareThreads"": ""551"", ""processorCache"": ""74"", ""tcpNoDelay"": ""FALSE"", ""threadPriority"": ""1"", ""threadsMaxIdleTime"": ""560352"", ""throughput__2"": ""2239.22"", ""useAsyncIO"": ""TRUE"", ""useVirtualThreads"": ""FALSE""}"
tomcat,tpe,3304,plain,false,194,2344.41,23.51,2344.41,10.034652948379517,"[8, 50, 10, False]",0.0,10.03456449508667,0.0,"{""acceptCount"": ""323"", ""allowBackslash"": ""FALSE"", ""compression"": ""on"", ""compressionMinSize"": ""4069"", ""connectionTimeout"": ""528908"", ""connectionUploadTimeout"": ""146563"", ""disableUploadTimeout"": ""FALSE"", ""executorTerminationTimeoutMillis"": ""188543"", ""keepAliveTimeout"": ""19840"", ""maxConnections"": ""14584"", ""maxHeaderCount"": ""341"", ""maxHttpHeaderSize"": ""43423"", ""maxHttpRequestHeaderSize"": ""29888"", ""maxHttpResponseHeaderSize"": ""9024"", ""maxKeepAliveRequests"": ""906"", ""maxParameterCount"": ""88113"", ""maxSwallowSize"": ""14409717"", ""maxThreads"": ""138"", ""minSpareThreads"": ""217"", ""processorCache"": ""339"", ""tcpNoDelay"": ""FALSE"", ""threadPriority"": ""8"", ""threadsMaxIdleTime"": ""349972"", ""throughput__2"": ""2344.41"", ""useAsyncIO"": ""TRUE"", ""useVirtualThreads"": ""FALSE""}"
tomcat,tpe,3304,plain,false,195,2404.99,24.21,2404.99,10.02932071685791,"[8, 50, 10, False]",0.0,10.029234647750854,0.0,"{""acceptCount"": ""75"", ""allowBackslash"": ""TRUE"", ""compression"": ""on"", ""compressionMinSize"": ""10026"", ""connectionTimeout"": ""345801"", ""connectionUploadTimeout"": ""577632"", ""disableUploadTimeout"": ""FALSE"", ""executorTerminationTimeoutMillis"": ""96908"", ""keepAliveTimeout"": ""448258"", ""maxConnections"": ""12207"", ""maxHeaderCount"": ""542"", ""maxHttpHeaderSize"": ""27307"", ""maxHttpRequestHeaderSize"": ""55935"", ""maxHttpResponseHeaderSize"": ""61327"", ""maxKeepAliveRequests"": ""2917"", ""maxParameterCount"": ""91066"", ""maxSwallowSize"": ""13533056"", ""maxThreads"": ""371"", ""minSpareThreads"": ""729"", ""processorCache"": ""356"", ""tcpNoDelay"": ""TRUE"", ""threadPriority"": ""8"", ""threadsMaxIdleTime"": ""72055"", ""throughput__2"": ""2404.99"", ""useAsyncIO"": ""TRUE"", ""useVirtualThreads"": ""FALSE""}"
tomcat,tpe,3304,plain,false,196,2468.37,22.91,2468.37,10.042767524719238,"[8, 50, 10, False]",0.0,10.04268479347229,0.0,"{""acceptCount"": ""990"", ""allowBackslash"": ""FALSE"", ""compression"": ""off"", ""compressionMinSize"": ""7039"", ""connectionTimeout"": ""240181"", ""connectionUploadTimeout"": ""292260"", ""disableUploadTimeout"": ""FALSE"", ""executorTerminationTimeoutMillis"": ""177473"", ""keepAliveTimeout"": ""186955"", ""maxConnections"": ""3999"", ""maxHeaderCount"": ""971"", ""maxHttpHeaderSize"": ""6452"", ""maxHttpRequestHeaderSize"": ""5516"", ""maxHttpResponseHeaderSize"": ""65060"", ""maxKeepAliveRequests"": ""797"", ""maxParameterCount"": ""62258"", ""maxSwallowSize"": ""4801680"", ""maxThreads"": ""98"", ""minSpareThreads"": ""402"", ""processorCache"": ""308"", ""tcpNoDelay"": ""FALSE"", ""threadPriority"": ""2"", ""threadsMaxIdleTime"": ""522929"", ""throughput__2"": ""2468.37"", ""useAsyncIO"": ""TRUE"", ""useVirtualThreads"": ""FALSE""}"
tomcat,tpe,3304,plain,false,197,2426.38,25.89,2426.38,10.060700178146362,"[8, 50, 10, False]",0.0,10.060616254806519,0.0,"{""acceptCount"": ""393"", ""allowBackslash"": ""FALSE"", ""compression"": ""force"", ""compressionMinSize"": ""3743"", ""connectionTimeout"": ""415073"", ""connectionUploadTimeout"": ""73894"", ""disableUploadTimeout"": ""TRUE"", ""executorTerminationTimeoutMillis"": ""102584"", ""keepAliveTimeout"": ""193901"", ""maxConnections"": ""14855"", ""maxHeaderCount"": ""989"", ""maxHttpHeaderSize"": ""53036"", ""maxHttpRequestHeaderSize"": ""47988"", ""maxHttpResponseHeaderSize"": ""12217"", ""maxKeepAliveRequests"": ""4306"", ""maxParameterCount"": ""8092"", ""maxSwallowSize"": ""15855280"", ""maxThreads"": ""330"", ""minSpareThreads"": ""512"", ""processorCache"": ""43"", ""tcpNoDelay"": ""FALSE"", ""threadPriority"": ""3"", ""threadsMaxIdleTime"": ""356474"", ""throughput__2"": ""2426.38"", ""useAsyncIO"": ""TRUE"", ""useVirtualThreads"": ""FALSE""}"
tomcat,tpe,3304,plain,false,198,2364.25,23.42,2364.25,10.068323850631714,"[8, 50, 10, False]",0.0,10.068236589431763,0.0,"{""acceptCount"": ""566"", ""allowBackslash"": ""FALSE"", ""compression"": ""on"", ""compressionMinSize"": ""9597"", ""connectionTimeout"": ""153198"", ""connectionUploadTimeout"": ""417925"", ""disableUploadTimeout"": ""FALSE"", ""executorTerminationTimeoutMillis"": ""480403"", ""keepAliveTimeout"": ""407965"", ""maxConnections"": ""14228"", ""maxHeaderCount"": ""351"", ""maxHttpHeaderSize"": ""8751"", ""maxHttpRequestHeaderSize"": ""19789"", ""maxHttpResponseHeaderSize"": ""50029"", ""maxKeepAliveRequests"": ""4114"", ""maxParameterCount"": ""99911"", ""maxSwallowSize"": ""10026129"", ""maxThreads"": ""262"", ""minSpareThreads"": ""14"", ""processorCache"": ""274"", ""tcpNoDelay"": ""FALSE"", ""threadPriority"": ""9"", ""threadsMaxIdleTime"": ""4790"", ""throughput__2"": ""2364.25"", ""useAsyncIO"": ""TRUE"", ""useVirtualThreads"": ""FALSE""}"
tomcat,tpe,3304,plain,false,199,2181.51,25.35,2181.51,10.06655764579773,"[8, 50, 10, False]",0.0,10.066468238830566,0.0,"{""acceptCount"": ""39"", ""allowBackslash"": ""FALSE"", ""compression"": ""on"", ""compressionMinSize"": ""4142"", ""connectionTimeout"": ""220295"", ""connectionUploadTimeout"": ""581842"", ""disableUploadTimeout"": ""TRUE"", ""executorTerminationTimeoutMillis"": ""328150"", ""keepAliveTimeout"": ""318337"", ""maxConnections"": ""11956"", ""maxHeaderCount"": ""942"", ""maxHttpHeaderSize"": ""15936"", ""maxHttpRequestHeaderSize"": ""51563"", ""maxHttpResponseHeaderSize"": ""25516"", ""maxKeepAliveRequests"": ""3626"", ""maxParameterCount"": ""54751"", ""maxSwallowSize"": ""2032978"", ""maxThreads"": ""91"", ""minSpareThreads"": ""7"", ""processorCache"": ""362"", ""tcpNoDelay"": ""TRUE"", ""threadPriority"": ""6"", ""threadsMaxIdleTime"": ""146463"", ""throughput__2"": ""2181.51"", ""useAsyncIO"": ""TRUE"", ""useVirtualThreads"": ""FALSE""}"
tomcat,tpe,3304,plain,false,200,2215.69,22.64,2215.69,10.062287092208862,"[8, 50, 10, False]",0.0,10.062198400497437,0.0,"{""acceptCount"": ""340"", ""allowBackslash"": ""FALSE"", ""compression"": ""off"", ""compressionMinSize"": ""6563"", ""connectionTimeout"": ""425694"", ""connectionUploadTimeout"": ""584224"", ""disableUploadTimeout"": ""FALSE"", ""executorTerminationTimeoutMillis"": ""273085"", ""keepAliveTimeout"": ""379143"", ""maxConnections"": ""1063"", ""maxHeaderCount"": ""774"", ""maxHttpHeaderSize"": ""64244"", ""maxHttpRequestHeaderSize"": ""3057"", ""maxHttpResponseHeaderSize"": ""63174"", ""maxKeepAliveRequests"": ""2074"", ""maxParameterCount"": ""52239"", ""maxSwallowSize"": ""15651361"", ""maxThreads"": ""2"", ""minSpareThreads"": ""887"", ""processorCache"": ""228"", ""tcpNoDelay"": ""FALSE"", ""threadPriority"": ""6"", ""threadsMaxIdleTime"": ""248379"", ""throughput__2"": ""2215.69"", ""useAsyncIO"": ""TRUE"", ""useVirtualThreads"": ""FALSE""}"
tomcat,tpe,3305,plain,false,1,1306.99,37.59,1306.99,10.110524892807007,"[8, 50, 10, False]",0.0,10.10964560508728,0.0,"{""acceptCount"": ""845"", ""allowBackslash"": ""TRUE"", ""compression"": ""force"", ""compressionMinSize"": ""973"", ""connectionTimeout"": ""551469"", ""connectionUploadTimeout"": ""137697"", ""disableUploadTimeout"": ""FALSE"", ""executorTerminationTimeoutMillis"": ""220475"", ""keepAliveTimeout"": ""199436"", ""maxConnections"": ""19257"", ""maxHeaderCount"": ""835"", ""maxHttpHeaderSize"": ""33484"", ""maxHttpRequestHeaderSize"": ""9148"", ""maxHttpResponseHeaderSize"": ""47738"", ""maxKeepAliveRequests"": ""435"", ""maxParameterCount"": ""15126"", ""maxSwallowSize"": ""16967467"", ""maxThreads"": ""115"", ""minSpareThreads"": ""175"", ""processorCache"": ""158"", ""tcpNoDelay"": ""FALSE"", ""threadPriority"": ""8"", ""threadsMaxIdleTime"": ""102183"", ""throughput__2"": ""1306.99"", ""useAsyncIO"": ""FALSE"", ""useVirtualThreads"": ""TRUE""}"
tomcat,tpe,3305,plain,false,2,1346.47,47.05,1346.47,10.025644779205322,"[8, 50, 10, False]",0.0,10.025502681732178,0.0,"{""acceptCount"": ""453"", ""allowBackslash"": ""FALSE"", ""compression"": ""off"", ""compressionMinSize"": ""5997"", ""connectionTimeout"": ""262036"", ""connectionUploadTimeout"": ""22183"", ""disableUploadTimeout"": ""TRUE"", ""executorTerminationTimeoutMillis"": ""482818"", ""keepAliveTimeout"": ""256612"", ""maxConnections"": ""8326"", ""maxHeaderCount"": ""116"", ""maxHttpHeaderSize"": ""24176"", ""maxHttpRequestHeaderSize"": ""16541"", ""maxHttpResponseHeaderSize"": ""42970"", ""maxKeepAliveRequests"": ""2270"", ""maxParameterCount"": ""54611"", ""maxSwallowSize"": ""8290502"", ""maxThreads"": ""109"", ""minSpareThreads"": ""251"", ""processorCache"": ""143"", ""tcpNoDelay"": ""TRUE"", ""threadPriority"": ""10"", ""threadsMaxIdleTime"": ""213612"", ""throughput__2"": ""1346.47"", ""useAsyncIO"": ""TRUE"", ""useVirtualThreads"": ""FALSE""}"
tomcat,tpe,3305,plain,false,3,1280.74,41.75,1280.74,10.020020008087158,"[8, 50, 10, False]",0.0,10.019909381866455,0.0,"{""acceptCount"": ""102"", ""allowBackslash"": ""TRUE"", ""compression"": ""off"", ""compressionMinSize"": ""6062"", ""connectionTimeout"": ""16616"", ""connectionUploadTimeout"": ""473159"", ""disableUploadTimeout"": ""TRUE"", ""executorTerminationTimeoutMillis"": ""529519"", ""keepAliveTimeout"": ""559460"", ""maxConnections"": ""12441"", ""maxHeaderCount"": ""791"", ""maxHttpHeaderSize"": ""44341"", ""maxHttpRequestHeaderSize"": ""50899"", ""maxHttpResponseHeaderSize"": ""61846"", ""maxKeepAliveRequests"": ""4297"", ""maxParameterCount"": ""41236"", ""maxSwallowSize"": ""2779421"", ""maxThreads"": ""304"", ""minSpareThreads"": ""586"", ""processorCache"": ""79"", ""tcpNoDelay"": ""FALSE"", ""threadPriority"": ""1"", ""threadsMaxIdleTime"": ""107787"", ""throughput__2"": ""1280.74"", ""useAsyncIO"": ""TRUE"", ""useVirtualThreads"": ""TRUE""}"
tomcat,tpe,3305,plain,false,4,1360.59,44.74,1360.59,10.027331113815308,"[8, 50, 10, False]",0.0,10.027232885360718,0.0,"{""acceptCount"": ""840"", ""allowBackslash"": ""FALSE"", ""compression"": ""force"", ""compressionMinSize"": ""2955"", ""connectionTimeout"": ""246070"", ""connectionUploadTimeout"": ""61666"", ""disableUploadTimeout"": ""TRUE"", ""executorTerminationTimeoutMillis"": ""449236"", ""keepAliveTimeout"": ""329661"", ""maxConnections"": ""19459"", ""maxHeaderCount"": ""879"", ""maxHttpHeaderSize"": ""51142"", ""maxHttpRequestHeaderSize"": ""35553"", ""maxHttpResponseHeaderSize"": ""6419"", ""maxKeepAliveRequests"": ""1257"", ""maxParameterCount"": ""57530"", ""maxSwallowSize"": ""7328660"", ""maxThreads"": ""80"", ""minSpareThreads"": ""345"", ""processorCache"": ""367"", ""tcpNoDelay"": ""TRUE"", ""threadPriority"": ""5"", ""threadsMaxIdleTime"": ""83336"", ""throughput__2"": ""1360.59"", ""useAsyncIO"": ""FALSE"", ""useVirtualThreads"": ""FALSE""}"
tomcat,tpe,3305,plain,false,5,1418.73,43.57,1418.73,10.028854846954346,"[8, 50, 10, False]",0.0,10.028769731521606,0.0,"{""acceptCount"": ""488"", ""allowBackslash"": ""FALSE"", ""compression"": ""force"", ""compressionMinSize"": ""4889"", ""connectionTimeout"": ""489062"", ""connectionUploadTimeout"": ""2847"", ""disableUploadTimeout"": ""TRUE"", ""executorTerminationTimeoutMillis"": ""530990"", ""keepAliveTimeout"": ""591060"", ""maxConnections"": ""7761"", ""maxHeaderCount"": ""905"", ""maxHttpHeaderSize"": ""9620"", ""maxHttpRequestHeaderSize"": ""19900"", ""maxHttpResponseHeaderSize"": ""41422"", ""maxKeepAliveRequests"": ""2436"", ""maxParameterCount"": ""56574"", ""maxSwallowSize"": ""1845649"", ""maxThreads"": ""103"", ""minSpareThreads"": ""208"", ""processorCache"": ""44"", ""tcpNoDelay"": ""TRUE"", ""threadPriority"": ""2"", ""threadsMaxIdleTime"": ""6990"", ""throughput__2"": ""1418.73"", ""useAsyncIO"": ""TRUE"", ""useVirtualThreads"": ""FALSE""}"
tomcat,tpe,3305,plain,false,6,1370.39,43.27,1370.39,10.028628826141357,"[8, 50, 10, False]",0.0,10.028541564941406,0.0,"{""acceptCount"": ""805"", ""allowBackslash"": ""FALSE"", ""compression"": ""off"", ""compressionMinSize"": ""2609"", ""connectionTimeout"": ""104204"", ""connectionUploadTimeout"": ""475825"", ""disableUploadTimeout"": ""FALSE"", ""executorTerminationTimeoutMillis"": ""371610"", ""keepAliveTimeout"": ""461528"", ""maxConnections"": ""11240"", ""maxHeaderCount"": ""241"", ""maxHttpHeaderSize"": ""26855"", ""maxHttpRequestHeaderSize"": ""34621"", ""maxHttpResponseHeaderSize"": ""57101"", ""maxKeepAliveRequests"": ""2386"", ""maxParameterCount"": ""85108"", ""maxSwallowSize"": ""2925141"", ""maxThreads"": ""370"", ""minSpareThreads"": ""241"", ""processorCache"": ""60"", ""tcpNoDelay"": ""TRUE"", ""threadPriority"": ""10"", ""threadsMaxIdleTime"": ""350002"", ""throughput__2"": ""1370.39"", ""useAsyncIO"": ""TRUE"", ""useVirtualThreads"": ""FALSE""}"
tomcat,tpe,3305,plain,false,7,1278.27,38.44,1278.27,10.029874086380005,"[8, 50, 10, False]",0.0,10.029748678207397,0.0,"{""acceptCount"": ""233"", ""allowBackslash"": ""FALSE"", ""compression"": ""force"", ""compressionMinSize"": ""555"", ""connectionTimeout"": ""212727"", ""connectionUploadTimeout"": ""136188"", ""disableUploadTimeout"": ""TRUE"", ""executorTerminationTimeoutMillis"": ""434783"", ""keepAliveTimeout"": ""509655"", ""maxConnections"": ""14167"", ""maxHeaderCount"": ""449"", ""maxHttpHeaderSize"": ""13363"", ""maxHttpRequestHeaderSize"": ""42834"", ""maxHttpResponseHeaderSize"": ""22578"", ""maxKeepAliveRequests"": ""3576"", ""maxParameterCount"": ""81015"", ""maxSwallowSize"": ""10224514"", ""maxThreads"": ""163"", ""minSpareThreads"": ""38"", ""processorCache"": ""41"", ""tcpNoDelay"": ""TRUE"", ""threadPriority"": ""3"", ""threadsMaxIdleTime"": ""388996"", ""throughput__2"": ""1278.27"", ""useAsyncIO"": ""FALSE"", ""useVirtualThreads"": ""TRUE""}"
tomcat,tpe,3305,plain,false,8,1377.57,42.12,1377.57,10.02578854560852,"[8, 50, 10, False]",0.0,10.025686502456665,0.0,"{""acceptCount"": ""28"", ""allowBackslash"": ""TRUE"", ""compression"": ""force"", ""compressionMinSize"": ""955"", ""connectionTimeout"": ""297476"", ""connectionUploadTimeout"": ""123785"", ""disableUploadTimeout"": ""FALSE"", ""executorTerminationTimeoutMillis"": ""170953"", ""keepAliveTimeout"": ""372326"", ""maxConnections"": ""17734"", ""maxHeaderCount"": ""524"", ""maxHttpHeaderSize"": ""33047"", ""maxHttpRequestHeaderSize"": ""50941"", ""maxHttpResponseHeaderSize"": ""49031"", ""maxKeepAliveRequests"": ""94"", ""maxParameterCount"": ""53624"", ""maxSwallowSize"": ""3387765"", ""maxThreads"": ""353"", ""minSpareThreads"": ""398"", ""processorCache"": ""159"", ""tcpNoDelay"": ""FALSE"", ""threadPriority"": ""6"", ""threadsMaxIdleTime"": ""197945"", ""throughput__2"": ""1377.57"", ""useAsyncIO"": ""FALSE"", ""useVirtualThreads"": ""FALSE""}"
tomcat,tpe,3305,plain,false,9,1336.85,36.67,1336.85,10.025301218032837,"[8, 50, 10, False]",0.0,10.025212526321411,0.0,"{""acceptCount"": ""317"", ""allowBackslash"": ""TRUE"", ""compression"": ""on"", ""compressionMinSize"": ""435"", ""connectionTimeout"": ""466271"", ""connectionUploadTimeout"": ""174376"", ""disableUploadTimeout"": ""TRUE"", ""executorTerminationTimeoutMillis"": ""251614"", ""keepAliveTimeout"": ""531851"", ""maxConnections"": ""13233"", ""maxHeaderCount"": ""551"", ""maxHttpHeaderSize"": ""51558"", ""maxHttpRequestHeaderSize"": ""42304"", ""maxHttpResponseHeaderSize"": ""49448"", ""maxKeepAliveRequests"": ""475"", ""maxParameterCount"": ""36092"", ""maxSwallowSize"": ""17089849"", ""maxThreads"": ""339"", ""minSpareThreads"": ""85"", ""processorCache"": ""196"", ""tcpNoDelay"": ""FALSE"", ""threadPriority"": ""10"", ""threadsMaxIdleTime"": ""571764"", ""throughput__2"": ""1336.85"", ""useAsyncIO"": ""FALSE"", ""useVirtualThreads"": ""TRUE""}"
tomcat,tpe,3305,plain,false,10,1300.37,37.6,1300.37,10.027547359466553,"[8, 50, 10, False]",0.0,10.027368545532227,0.0,"{""acceptCount"": ""659"", ""allowBackslash"": ""FALSE"", ""compression"": ""off"", ""compressionMinSize"": ""703"", ""connectionTimeout"": ""284849"", ""connectionUploadTimeout"": ""249926"", ""disableUploadTimeout"": ""TRUE"", ""executorTerminationTimeoutMillis"": ""325416"", ""keepAliveTimeout"": ""269441"", ""maxConnections"": ""13826"", ""maxHeaderCount"": ""520"", ""maxHttpHeaderSize"": ""31822"", ""maxHttpRequestHeaderSize"": ""37196"", ""maxHttpResponseHeaderSize"": ""13136"", ""maxKeepAliveRequests"": ""3641"", ""maxParameterCount"": ""68431"", ""maxSwallowSize"": ""313012"", ""maxThreads"": ""82"", ""minSpareThreads"": ""832"", ""processorCache"": ""35"", ""tcpNoDelay"": ""TRUE"", ""threadPriority"": ""6"", ""threadsMaxIdleTime"": ""196507"", ""throughput__2"": ""1300.37"", ""useAsyncIO"": ""TRUE"", ""useVirtualThreads"": ""TRUE""}"
tomcat,tpe,3305,plain,false,11,1322.9,37.24,1322.9,10.026007652282715,"[8, 50, 10, False]",0.0,10.025834083557129,0.0,"{""acceptCount"": ""234"", ""allowBackslash"": ""FALSE"", ""compression"": ""off"", ""compressionMinSize"": ""4864"", ""connectionTimeout"": ""435745"", ""connectionUploadTimeout"": ""262280"", ""disableUploadTimeout"": ""TRUE"", ""executorTerminationTimeoutMillis"": ""94093"", ""keepAliveTimeout"": ""100104"", ""maxConnections"": ""3114"", ""maxHeaderCount"": ""381"", ""maxHttpHeaderSize"": ""47376"", ""maxHttpRequestHeaderSize"": ""65438"", ""maxHttpResponseHeaderSize"": ""15834"", ""maxKeepAliveRequests"": ""3442"", ""maxParameterCount"": ""90048"", ""maxSwallowSize"": ""18901876"", ""maxThreads"": ""251"", ""minSpareThreads"": ""860"", ""processorCache"": ""365"", ""tcpNoDelay"": ""FALSE"", ""threadPriority"": ""2"", ""threadsMaxIdleTime"": ""138540"", ""throughput__2"": ""1322.9"", ""useAsyncIO"": ""TRUE"", ""useVirtualThreads"": ""TRUE""}"
tomcat,tpe,3305,plain,false,12,1423.11,34.31,1423.11,10.020978450775146,"[8, 50, 10, False]",0.0,10.020885944366455,0.0,"{""acceptCount"": ""395"", ""allowBackslash"": ""FALSE"", ""compression"": ""off"", ""compressionMinSize"": ""6460"", ""connectionTimeout"": ""582297"", ""connectionUploadTimeout"": ""505248"", ""disableUploadTimeout"": ""TRUE"", ""executorTerminationTimeoutMillis"": ""423609"", ""keepAliveTimeout"": ""96024"", ""maxConnections"": ""702"", ""maxHeaderCount"": ""901"", ""maxHttpHeaderSize"": ""10241"", ""maxHttpRequestHeaderSize"": ""47200"", ""maxHttpResponseHeaderSize"": ""27399"", ""maxKeepAliveRequests"": ""752"", ""maxParameterCount"": ""74454"", ""maxSwallowSize"": ""11527211"", ""maxThreads"": ""205"", ""minSpareThreads"": ""982"", ""processorCache"": ""25"", ""tcpNoDelay"": ""FALSE"", ""threadPriority"": ""2"", ""threadsMaxIdleTime"": ""381483"", ""throughput__2"": ""1423.11"", ""useAsyncIO"": ""TRUE"", ""useVirtualThreads"": ""TRUE""}"
tomcat,tpe,3305,plain,false,13,1476.46,37.23,1476.46,10.02319884300232,"[8, 50, 10, False]",0.0,10.023081302642822,0.0,"{""acceptCount"": ""345"", ""allowBackslash"": ""FALSE"", ""compression"": ""force"", ""compressionMinSize"": ""202"", ""connectionTimeout"": ""528185"", ""connectionUploadTimeout"": ""10253"", ""disableUploadTimeout"": ""TRUE"", ""executorTerminationTimeoutMillis"": ""66327"", ""keepAliveTimeout"": ""165066"", ""maxConnections"": ""2856"", ""maxHeaderCount"": ""324"", ""maxHttpHeaderSize"": ""2568"", ""maxHttpRequestHeaderSize"": ""59655"", ""maxHttpResponseHeaderSize"": ""22397"", ""maxKeepAliveRequests"": ""3057"", ""maxParameterCount"": ""43863"", ""maxSwallowSize"": ""14223760"", ""maxThreads"": ""244"", ""minSpareThreads"": ""661"", ""processorCache"": ""62"", ""tcpNoDelay"": ""FALSE"", ""threadPriority"": ""8"", ""threadsMaxIdleTime"": ""103356"", ""throughput__2"": ""1476.46"", ""useAsyncIO"": ""TRUE"", ""useVirtualThreads"": ""FALSE""}"
tomcat,tpe,3305,plain,false,14,1398.88,34.9,1398.88,10.018941402435303,"[8, 50, 10, False]",0.0,10.018824815750122,0.0,"{""acceptCount"": ""128"", ""allowBackslash"": ""FALSE"", ""compression"": ""on"", ""compressionMinSize"": ""8503"", ""connectionTimeout"": ""54446"", ""connectionUploadTimeout"": ""235857"", ""disableUploadTimeout"": ""FALSE"", ""executorTerminationTimeoutMillis"": ""128340"", ""keepAliveTimeout"": ""120595"", ""maxConnections"": ""2986"", ""maxHeaderCount"": ""577"", ""maxHttpHeaderSize"": ""60788"", ""maxHttpRequestHeaderSize"": ""35625"", ""maxHttpResponseHeaderSize"": ""49521"", ""maxKeepAliveRequests"": ""783"", ""maxParameterCount"": ""77377"", ""maxSwallowSize"": ""16176161"", ""maxThreads"": ""141"", ""minSpareThreads"": ""314"", ""processorCache"": ""215"", ""tcpNoDelay"": ""TRUE"", ""threadPriority"": ""9"", ""threadsMaxIdleTime"": ""444663"", ""throughput__2"": ""1398.88"", ""useAsyncIO"": ""FALSE"", ""useVirtualThreads"": ""TRUE""}"
tomcat,tpe,3305,plain,false,15,1470.92,36.13,1470.92,10.03269910812378,"[8, 50, 10, False]",0.0,10.032568454742432,0.0,"{""acceptCount"": ""479"", ""allowBackslash"": ""TRUE"", ""compression"": ""force"", ""compressionMinSize"": ""5392"", ""connectionTimeout"": ""337831"", ""connectionUploadTimeout"": ""508143"", ""disableUploadTimeout"": ""FALSE"", ""executorTerminationTimeoutMillis"": ""364265"", ""keepAliveTimeout"": ""533590"", ""maxConnections"": ""3044"", ""maxHeaderCount"": ""886"", ""maxHttpHeaderSize"": ""20969"", ""maxHttpRequestHeaderSize"": ""19144"", ""maxHttpResponseHeaderSize"": ""4809"", ""maxKeepAliveRequests"": ""4386"", ""maxParameterCount"": ""97323"", ""maxSwallowSize"": ""9734656"", ""maxThreads"": ""289"", ""minSpareThreads"": ""595"", ""processorCache"": ""330"", ""tcpNoDelay"": ""FALSE"", ""threadPriority"": ""1"", ""threadsMaxIdleTime"": ""254327"", ""throughput__2"": ""1470.92"", ""useAsyncIO"": ""FALSE"", ""useVirtualThreads"": ""FALSE""}"
tomcat,tpe,3305,plain,false,16,1450.9,41.8,1450.9,10.027267694473267,"[8, 50, 10, False]",0.0,10.027080297470093,0.0,"{""acceptCount"": ""101"", ""allowBackslash"": ""TRUE"", ""compression"": ""on"", ""compressionMinSize"": ""7326"", ""connectionTimeout"": ""545023"", ""connectionUploadTimeout"": ""259076"", ""disableUploadTimeout"": ""FALSE"", ""executorTerminationTimeoutMillis"": ""81158"", ""keepAliveTimeout"": ""501483"", ""maxConnections"": ""12370"", ""maxHeaderCount"": ""847"", ""maxHttpHeaderSize"": ""51569"", ""maxHttpRequestHeaderSize"": ""8094"", ""maxHttpResponseHeaderSize"": ""18531"", ""maxKeepAliveRequests"": ""4562"", ""maxParameterCount"": ""18503"", ""maxSwallowSize"": ""8072849"", ""maxThreads"": ""153"", ""minSpareThreads"": ""136"", ""processorCache"": ""257"", ""tcpNoDelay"": ""FALSE"", ""threadPriority"": ""2"", ""threadsMaxIdleTime"": ""525485"", ""throughput__2"": ""1450.9"", ""useAsyncIO"": ""TRUE"", ""useVirtualThreads"": ""FALSE""}"
tomcat,tpe,3305,plain,false,17,1322.24,37.2,1322.24,10.017763137817383,"[8, 50, 10, False]",0.0,10.017677307128906,0.0,"{""acceptCount"": ""136"", ""allowBackslash"": ""TRUE"", ""compression"": ""force"", ""compressionMinSize"": ""5383"", ""connectionTimeout"": ""326664"", ""connectionUploadTimeout"": ""269514"", ""disableUploadTimeout"": ""TRUE"", ""executorTerminationTimeoutMillis"": ""2389"", ""keepAliveTimeout"": ""151420"", ""maxConnections"": ""14992"", ""maxHeaderCount"": ""783"", ""maxHttpHeaderSize"": ""41465"", ""maxHttpRequestHeaderSize"": ""33520"", ""maxHttpResponseHeaderSize"": ""41474"", ""maxKeepAliveRequests"": ""2031"", ""maxParameterCount"": ""51341"", ""maxSwallowSize"": ""19204432"", ""maxThreads"": ""205"", ""minSpareThreads"": ""279"", ""processorCache"": ""9"", ""tcpNoDelay"": ""FALSE"", ""threadPriority"": ""4"", ""threadsMaxIdleTime"": ""338582"", ""throughput__2"": ""1322.24"", ""useAsyncIO"": ""TRUE"", ""useVirtualThreads"": ""TRUE""}"
tomcat,tpe,3305,plain,false,18,1361.94,35.97,1361.94,10.018569469451904,"[8, 50, 10, False]",0.0,10.018447399139404,0.0,"{""acceptCount"": ""931"", ""allowBackslash"": ""TRUE"", ""compression"": ""force"", ""compressionMinSize"": ""3964"", ""connectionTimeout"": ""65003"", ""connectionUploadTimeout"": ""538993"", ""disableUploadTimeout"": ""TRUE"", ""executorTerminationTimeoutMillis"": ""578288"", ""keepAliveTimeout"": ""405153"", ""maxConnections"": ""13087"", ""maxHeaderCount"": ""789"", ""maxHttpHeaderSize"": ""14268"", ""maxHttpRequestHeaderSize"": ""53099"", ""maxHttpResponseHeaderSize"": ""23023"", ""maxKeepAliveRequests"": ""1374"", ""maxParameterCount"": ""10101"", ""maxSwallowSize"": ""20326797"", ""maxThreads"": ""1"", ""minSpareThreads"": ""872"", ""processorCache"": ""228"", ""tcpNoDelay"": ""FALSE"", ""threadPriority"": ""9"", ""threadsMaxIdleTime"": ""314849"", ""throughput__2"": ""1361.94"", ""useAsyncIO"": ""FALSE"", ""useVirtualThreads"": ""TRUE""}"
tomcat,tpe,3305,plain,false,19,1321.15,37.15,1321.15,10.019773483276367,"[8, 50, 10, False]",0.0,10.019655466079712,0.0,"{""acceptCount"": ""244"", ""allowBackslash"": ""TRUE"", ""compression"": ""force"", ""compressionMinSize"": ""994"", ""connectionTimeout"": ""150242"", ""connectionUploadTimeout"": ""580512"", ""disableUploadTimeout"": ""FALSE"", ""executorTerminationTimeoutMillis"": ""257782"", ""keepAliveTimeout"": ""128166"", ""maxConnections"": ""14482"", ""maxHeaderCount"": ""285"", ""maxHttpHeaderSize"": ""21162"", ""maxHttpRequestHeaderSize"": ""35020"", ""maxHttpResponseHeaderSize"": ""21576"", ""maxKeepAliveRequests"": ""3776"", ""maxParameterCount"": ""17771"", ""maxSwallowSize"": ""723981"", ""maxThreads"": ""159"", ""minSpareThreads"": ""217"", ""processorCache"": ""388"", ""tcpNoDelay"": ""FALSE"", ""threadPriority"": ""7"", ""threadsMaxIdleTime"": ""20630"", ""throughput__2"": ""1321.15"", ""useAsyncIO"": ""TRUE"", ""useVirtualThreads"": ""TRUE""}"
tomcat,tpe,3305,plain,false,20,1356.14,36.12,1356.14,10.01788592338562,"[8, 50, 10, False]",0.0,10.017766237258911,0.0,"{""acceptCount"": ""672"", ""allowBackslash"": ""TRUE"", ""compression"": ""off"", ""compressionMinSize"": ""1911"", ""connectionTimeout"": ""536081"", ""connectionUploadTimeout"": ""7224"", ""disableUploadTimeout"": ""TRUE"", ""executorTerminationTimeoutMillis"": ""295462"", ""keepAliveTimeout"": ""356999"", ""maxConnections"": ""19574"", ""maxHeaderCount"": ""538"", ""maxHttpHeaderSize"": ""60754"", ""maxHttpRequestHeaderSize"": ""5239"", ""maxHttpResponseHeaderSize"": ""57403"", ""maxKeepAliveRequests"": ""3584"", ""maxParameterCount"": ""50112"", ""maxSwallowSize"": ""3865051"", ""maxThreads"": ""119"", ""minSpareThreads"": ""939"", ""processorCache"": ""357"", ""tcpNoDelay"": ""FALSE"", ""threadPriority"": ""8"", ""threadsMaxIdleTime"": ""563281"", ""throughput__2"": ""1356.14"", ""useAsyncIO"": ""TRUE"", ""useVirtualThreads"": ""TRUE""}"
tomcat,tpe,3305,plain,false,21,1466.46,43.39,1466.46,10.032435655593872,"[8, 50, 10, False]",0.0,10.032316207885742,0.0,"{""acceptCount"": ""751"", ""allowBackslash"": ""FALSE"", ""compression"": ""force"", ""compressionMinSize"": ""1129"", ""connectionTimeout"": ""437574"", ""connectionUploadTimeout"": ""137398"", ""disableUploadTimeout"": ""FALSE"", ""executorTerminationTimeoutMillis"": ""239230"", ""keepAliveTimeout"": ""106892"", ""maxConnections"": ""7916"", ""maxHeaderCount"": ""168"", ""maxHttpHeaderSize"": ""38607"", ""maxHttpRequestHeaderSize"": ""57272"", ""maxHttpResponseHeaderSize"": ""34834"", ""maxKeepAliveRequests"": ""4422"", ""maxParameterCount"": ""51727"", ""maxSwallowSize"": ""20139780"", ""maxThreads"": ""338"", ""minSpareThreads"": ""99"", ""processorCache"": ""58"", ""tcpNoDelay"": ""FALSE"", ""threadPriority"": ""10"", ""threadsMaxIdleTime"": ""3867"", ""throughput__2"": ""1466.46"", ""useAsyncIO"": ""TRUE"", ""useVirtualThreads"": ""FALSE""}"
tomcat,tpe,3305,plain,false,22,1387.07,43.76,1387.07,10.01921272277832,"[8, 50, 10, False]",0.0,10.019120931625366,0.0,"{""acceptCount"": ""969"", ""allowBackslash"": ""TRUE"", ""compression"": ""force"", ""compressionMinSize"": ""4877"", ""connectionTimeout"": ""65561"", ""connectionUploadTimeout"": ""586913"", ""disableUploadTimeout"": ""FALSE"", ""executorTerminationTimeoutMillis"": ""162617"", ""keepAliveTimeout"": ""578458"", ""maxConnections"": ""2187"", ""maxHeaderCount"": ""964"", ""maxHttpHeaderSize"": ""38157"", ""maxHttpRequestHeaderSize"": ""28301"", ""maxHttpResponseHeaderSize"": ""25791"", ""maxKeepAliveRequests"": ""2677"", ""maxParameterCount"": ""79592"", ""maxSwallowSize"": ""11468118"", ""maxThreads"": ""149"", ""minSpareThreads"": ""939"", ""processorCache"": ""302"", ""tcpNoDelay"": ""FALSE"", ""threadPriority"": ""8"", ""threadsMaxIdleTime"": ""411783"", ""throughput__2"": ""1387.07"", ""useAsyncIO"": ""TRUE"", ""useVirtualThreads"": ""FALSE""}"
tomcat,tpe,3305,plain,false,23,1420.99,42.35,1420.99,10.023693561553955,"[8, 50, 10, False]",0.0,10.023612022399902,0.0,"{""acceptCount"": ""550"", ""allowBackslash"": ""FALSE"", ""compression"": ""on"", ""compressionMinSize"": ""9297"", ""connectionTimeout"": ""561751"", ""connectionUploadTimeout"": ""317484"", ""disableUploadTimeout"": ""FALSE"", ""executorTerminationTimeoutMillis"": ""175380"", ""keepAliveTimeout"": ""533163"", ""maxConnections"": ""10482"", ""maxHeaderCount"": ""253"", ""maxHttpHeaderSize"": ""25432"", ""maxHttpRequestHeaderSize"": ""5603"", ""maxHttpResponseHeaderSize"": ""45449"", ""maxKeepAliveRequests"": ""1997"", ""maxParameterCount"": ""50367"", ""maxSwallowSize"": ""15508458"", ""maxThreads"": ""107"", ""minSpareThreads"": ""62"", ""processorCache"": ""229"", ""tcpNoDelay"": ""FALSE"", ""threadPriority"": ""2"", ""threadsMaxIdleTime"": ""395125"", ""throughput__2"": ""1420.99"", ""useAsyncIO"": ""TRUE"", ""useVirtualThreads"": ""FALSE""}"
tomcat,tpe,3305,plain,false,24,1409.91,44.17,1409.91,10.024959087371826,"[8, 50, 10, False]",0.0,10.024852514266968,0.0,"{""acceptCount"": ""103"", ""allowBackslash"": ""TRUE"", ""compression"": ""on"", ""compressionMinSize"": ""2055"", ""connectionTimeout"": ""193832"", ""connectionUploadTimeout"": ""362380"", ""disableUploadTimeout"": ""FALSE"", ""executorTerminationTimeoutMillis"": ""74607"", ""keepAliveTimeout"": ""186180"", ""maxConnections"": ""12410"", ""maxHeaderCount"": ""491"", ""maxHttpHeaderSize"": ""33963"", ""maxHttpRequestHeaderSize"": ""5659"", ""maxHttpResponseHeaderSize"": ""12934"", ""maxKeepAliveRequests"": ""4398"", ""maxParameterCount"": ""21053"", ""maxSwallowSize"": ""15550524"", ""maxThreads"": ""280"", ""minSpareThreads"": ""720"", ""processorCache"": ""148"", ""tcpNoDelay"": ""FALSE"", ""threadPriority"": ""5"", ""threadsMaxIdleTime"": ""372040"", ""throughput__2"": ""1409.91"", ""useAsyncIO"": ""TRUE"", ""useVirtualThreads"": ""FALSE""}"
tomcat,tpe,3305,plain,false,25,1281.58,42.76,1281.58,10.01971697807312,"[8, 50, 10, False]",0.0,10.019613265991211,0.0,"{""acceptCount"": ""618"", ""allowBackslash"": ""TRUE"", ""compression"": ""off"", ""compressionMinSize"": ""143"", ""connectionTimeout"": ""525140"", ""connectionUploadTimeout"": ""411798"", ""disableUploadTimeout"": ""TRUE"", ""executorTerminationTimeoutMillis"": ""527902"", ""keepAliveTimeout"": ""588302"", ""maxConnections"": ""2590"", ""maxHeaderCount"": ""526"", ""maxHttpHeaderSize"": ""8776"", ""maxHttpRequestHeaderSize"": ""17696"", ""maxHttpResponseHeaderSize"": ""5371"", ""maxKeepAliveRequests"": ""4122"", ""maxParameterCount"": ""7409"", ""maxSwallowSize"": ""18188369"", ""maxThreads"": ""366"", ""minSpareThreads"": ""458"", ""processorCache"": ""192"", ""tcpNoDelay"": ""FALSE"", ""threadPriority"": ""4"", ""threadsMaxIdleTime"": ""482214"", ""throughput__2"": ""1281.58"", ""useAsyncIO"": ""FALSE"", ""useVirtualThreads"": ""FALSE""}"
tomcat,tpe,3305,plain,false,26,1301.82,50.22,1301.82,10.024647235870361,"[8, 50, 10, False]",0.0,10.024558782577515,0.0,"{""acceptCount"": ""76"", ""allowBackslash"": ""TRUE"", ""compression"": ""force"", ""compressionMinSize"": ""9416"", ""connectionTimeout"": ""123481"", ""connectionUploadTimeout"": ""423085"", ""disableUploadTimeout"": ""FALSE"", ""executorTerminationTimeoutMillis"": ""443265"", ""keepAliveTimeout"": ""142957"", ""maxConnections"": ""8747"", ""maxHeaderCount"": ""735"", ""maxHttpHeaderSize"": ""6235"", ""maxHttpRequestHeaderSize"": ""8241"", ""maxHttpResponseHeaderSize"": ""24441"", ""maxKeepAliveRequests"": ""4793"", ""maxParameterCount"": ""81564"", ""maxSwallowSize"": ""4957737"", ""maxThreads"": ""268"", ""minSpareThreads"": ""96"", ""processorCache"": ""291"", ""tcpNoDelay"": ""TRUE"", ""threadPriority"": ""3"", ""threadsMaxIdleTime"": ""277420"", ""throughput__2"": ""1301.82"", ""useAsyncIO"": ""FALSE"", ""useVirtualThreads"": ""FALSE""}"
tomcat,tpe,3305,plain,false,27,1290.37,38.07,1290.37,10.019906282424927,"[8, 50, 10, False]",0.0,10.019824266433716,0.0,"{""acceptCount"": ""648"", ""allowBackslash"": ""FALSE"", ""compression"": ""on"", ""compressionMinSize"": ""1901"", ""connectionTimeout"": ""560633"", ""connectionUploadTimeout"": ""482043"", ""disableUploadTimeout"": ""FALSE"", ""executorTerminationTimeoutMillis"": ""266571"", ""keepAliveTimeout"": ""526378"", ""maxConnections"": ""16859"", ""maxHeaderCount"": ""304"", ""maxHttpHeaderSize"": ""52052"", ""maxHttpRequestHeaderSize"": ""40082"", ""maxHttpResponseHeaderSize"": ""56295"", ""maxKeepAliveRequests"": ""1800"", ""maxParameterCount"": ""84976"", ""maxSwallowSize"": ""12001488"", ""maxThreads"": ""79"", ""minSpareThreads"": ""354"", ""processorCache"": ""17"", ""tcpNoDelay"": ""FALSE"", ""threadPriority"": ""3"", ""threadsMaxIdleTime"": ""544313"", ""throughput__2"": ""1290.37"", ""useAsyncIO"": ""TRUE"", ""useVirtualThreads"": ""TRUE""}"
tomcat,tpe,3305,plain,false,28,1343.36,36.32,1343.36,10.018022298812866,"[8, 50, 10, False]",0.0,10.017895698547363,0.0,"{""acceptCount"": ""436"", ""allowBackslash"": ""FALSE"", ""compression"": ""on"", ""compressionMinSize"": ""5280"", ""connectionTimeout"": ""509871"", ""connectionUploadTimeout"": ""47485"", ""disableUploadTimeout"": ""FALSE"", ""executorTerminationTimeoutMillis"": ""447646"", ""keepAliveTimeout"": ""306778"", ""maxConnections"": ""3604"", ""maxHeaderCount"": ""120"", ""maxHttpHeaderSize"": ""30555"", ""maxHttpRequestHeaderSize"": ""32953"", ""maxHttpResponseHeaderSize"": ""25377"", ""maxKeepAliveRequests"": ""2980"", ""maxParameterCount"": ""47099"", ""maxSwallowSize"": ""15278424"", ""maxThreads"": ""10"", ""minSpareThreads"": ""288"", ""processorCache"": ""245"", ""tcpNoDelay"": ""FALSE"", ""threadPriority"": ""6"", ""threadsMaxIdleTime"": ""449238"", ""throughput__2"": ""1343.36"", ""useAsyncIO"": ""FALSE"", ""useVirtualThreads"": ""FALSE""}"
tomcat,tpe,3305,plain,false,29,1390.62,39.85,1390.62,10.022938013076782,"[8, 50, 10, False]",0.0,10.022854566574097,0.0,"{""acceptCount"": ""903"", ""allowBackslash"": ""FALSE"", ""compression"": ""on"", ""compressionMinSize"": ""9441"", ""connectionTimeout"": ""369433"", ""connectionUploadTimeout"": ""399684"", ""disableUploadTimeout"": ""FALSE"", ""executorTerminationTimeoutMillis"": ""160732"", ""keepAliveTimeout"": ""560629"", ""maxConnections"": ""7813"", ""maxHeaderCount"": ""904"", ""maxHttpHeaderSize"": ""31826"", ""maxHttpRequestHeaderSize"": ""14704"", ""maxHttpResponseHeaderSize"": ""16483"", ""maxKeepAliveRequests"": ""1837"", ""maxParameterCount"": ""74667"", ""maxSwallowSize"": ""4337867"", ""maxThreads"": ""80"", ""minSpareThreads"": ""79"", ""processorCache"": ""269"", ""tcpNoDelay"": ""FALSE"", ""threadPriority"": ""7"", ""threadsMaxIdleTime"": ""430887"", ""throughput__2"": ""1390.62"", ""useAsyncIO"": ""TRUE"", ""useVirtualThreads"": ""FALSE""}"
tomcat,tpe,3305,plain,false,30,1346.5,36.88,1346.5,10.020505905151367,"[8, 50, 10, False]",0.0,10.020411968231201,0.0,"{""acceptCount"": ""957"", ""allowBackslash"": ""FALSE"", ""compression"": ""off"", ""compressionMinSize"": ""7579"", ""connectionTimeout"": ""354756"", ""connectionUploadTimeout"": ""449191"", ""disableUploadTimeout"": ""TRUE"", ""executorTerminationTimeoutMillis"": ""576928"", ""keepAliveTimeout"": ""11489"", ""maxConnections"": ""8455"", ""maxHeaderCount"": ""882"", ""maxHttpHeaderSize"": ""32314"", ""maxHttpRequestHeaderSize"": ""3888"", ""maxHttpResponseHeaderSize"": ""17444"", ""maxKeepAliveRequests"": ""1673"", ""maxParameterCount"": ""51286"", ""maxSwallowSize"": ""8338246"", ""maxThreads"": ""358"", ""minSpareThreads"": ""67"", ""processorCache"": ""66"", ""tcpNoDelay"": ""FALSE"", ""threadPriority"": ""1"", ""threadsMaxIdleTime"": ""319861"", ""throughput__2"": ""1346.5"", ""useAsyncIO"": ""TRUE"", ""useVirtualThreads"": ""TRUE""}"
tomcat,tpe,3305,plain,false,31,1339.99,41.02,1339.99,10.018890142440796,"[8, 50, 10, False]",0.0,10.018813133239746,0.0,"{""acceptCount"": ""900"", ""allowBackslash"": ""FALSE"", ""compression"": ""off"", ""compressionMinSize"": ""597"", ""connectionTimeout"": ""490124"", ""connectionUploadTimeout"": ""316833"", ""disableUploadTimeout"": ""FALSE"", ""executorTerminationTimeoutMillis"": ""91249"", ""keepAliveTimeout"": ""8993"", ""maxConnections"": ""3121"", ""maxHeaderCount"": ""771"", ""maxHttpHeaderSize"": ""42216"", ""maxHttpRequestHeaderSize"": ""53842"", ""maxHttpResponseHeaderSize"": ""35605"", ""maxKeepAliveRequests"": ""4039"", ""maxParameterCount"": ""78747"", ""maxSwallowSize"": ""14129112"", ""maxThreads"": ""372"", ""minSpareThreads"": ""131"", ""processorCache"": ""189"", ""tcpNoDelay"": ""FALSE"", ""threadPriority"": ""3"", ""threadsMaxIdleTime"": ""39488"", ""throughput__2"": ""1339.99"", ""useAsyncIO"": ""TRUE"", ""useVirtualThreads"": ""FALSE""}"
tomcat,tpe,3305,plain,false,32,1448.71,44.21,1448.71,10.022421598434448,"[8, 50, 10, False]",0.0,10.022328615188599,0.0,"{""acceptCount"": ""139"", ""allowBackslash"": ""FALSE"", ""compression"": ""on"", ""compressionMinSize"": ""3773"", ""connectionTimeout"": ""367324"", ""connectionUploadTimeout"": ""257257"", ""disableUploadTimeout"": ""TRUE"", ""executorTerminationTimeoutMillis"": ""327490"", ""keepAliveTimeout"": ""218569"", ""maxConnections"": ""7694"", ""maxHeaderCount"": ""252"", ""maxHttpHeaderSize"": ""38031"", ""maxHttpRequestHeaderSize"": ""57285"", ""maxHttpResponseHeaderSize"": ""37563"", ""maxKeepAliveRequests"": ""952"", ""maxParameterCount"": ""18461"", ""maxSwallowSize"": ""8548913"", ""maxThreads"": ""177"", ""minSpareThreads"": ""41"", ""processorCache"": ""147"", ""tcpNoDelay"": ""FALSE"", ""threadPriority"": ""3"", ""threadsMaxIdleTime"": ""71712"", ""throughput__2"": ""1448.71"", ""useAsyncIO"": ""TRUE"", ""useVirtualThreads"": ""FALSE""}"
tomcat,tpe,3305,plain,false,33,1430.26,41.84,1430.26,10.025155782699585,"[8, 50, 10, False]",0.0,10.025074481964111,0.0,"{""acceptCount"": ""129"", ""allowBackslash"": ""TRUE"", ""compression"": ""on"", ""compressionMinSize"": ""9285"", ""connectionTimeout"": ""403951"", ""connectionUploadTimeout"": ""242911"", ""disableUploadTimeout"": ""TRUE"", ""executorTerminationTimeoutMillis"": ""362099"", ""keepAliveTimeout"": ""590089"", ""maxConnections"": ""8196"", ""maxHeaderCount"": ""100"", ""maxHttpHeaderSize"": ""34365"", ""maxHttpRequestHeaderSize"": ""39005"", ""maxHttpResponseHeaderSize"": ""54958"", ""maxKeepAliveRequests"": ""4281"", ""maxParameterCount"": ""3932"", ""maxSwallowSize"": ""3936589"", ""maxThreads"": ""97"", ""minSpareThreads"": ""357"", ""processorCache"": ""357"", ""tcpNoDelay"": ""FALSE"", ""threadPriority"": ""3"", ""threadsMaxIdleTime"": ""465847"", ""throughput__2"": ""1430.26"", ""useAsyncIO"": ""TRUE"", ""useVirtualThreads"": ""FALSE""}"
tomcat,tpe,3305,plain,false,34,1362.8,47.96,1362.8,10.02877950668335,"[8, 50, 10, False]",0.0,10.028693675994873,0.0,"{""acceptCount"": ""204"", ""allowBackslash"": ""FALSE"", ""compression"": ""on"", ""compressionMinSize"": ""1235"", ""connectionTimeout"": ""361404"", ""connectionUploadTimeout"": ""400076"", ""disableUploadTimeout"": ""TRUE"", ""executorTerminationTimeoutMillis"": ""185161"", ""keepAliveTimeout"": ""240348"", ""maxConnections"": ""13424"", ""maxHeaderCount"": ""686"", ""maxHttpHeaderSize"": ""9223"", ""maxHttpRequestHeaderSize"": ""48605"", ""maxHttpResponseHeaderSize"": ""25528"", ""maxKeepAliveRequests"": ""45"", ""maxParameterCount"": ""38682"", ""maxSwallowSize"": ""3166900"", ""maxThreads"": ""399"", ""minSpareThreads"": ""151"", ""processorCache"": ""176"", ""tcpNoDelay"": ""FALSE"", ""threadPriority"": ""9"", ""threadsMaxIdleTime"": ""378904"", ""throughput__2"": ""1362.8"", ""useAsyncIO"": ""TRUE"", ""useVirtualThreads"": ""FALSE""}"
tomcat,tpe,3305,plain,false,35,1406.18,42.27,1406.18,10.028614044189453,"[8, 50, 10, False]",0.0,10.028520107269287,0.0,"{""acceptCount"": ""580"", ""allowBackslash"": ""TRUE"", ""compression"": ""force"", ""compressionMinSize"": ""4125"", ""connectionTimeout"": ""305178"", ""connectionUploadTimeout"": ""242103"", ""disableUploadTimeout"": ""TRUE"", ""executorTerminationTimeoutMillis"": ""449283"", ""keepAliveTimeout"": ""206278"", ""maxConnections"": ""15771"", ""maxHeaderCount"": ""19"", ""maxHttpHeaderSize"": ""13123"", ""maxHttpRequestHeaderSize"": ""14320"", ""maxHttpResponseHeaderSize"": ""59106"", ""maxKeepAliveRequests"": ""4925"", ""maxParameterCount"": ""51413"", ""maxSwallowSize"": ""17033301"", ""maxThreads"": ""291"", ""minSpareThreads"": ""238"", ""processorCache"": ""369"", ""tcpNoDelay"": ""FALSE"", ""threadPriority"": ""1"", ""threadsMaxIdleTime"": ""518828"", ""throughput__2"": ""1406.18"", ""useAsyncIO"": ""TRUE"", ""useVirtualThreads"": ""FALSE""}"
tomcat,tpe,3305,plain,false,36,1332.13,43.78,1332.13,10.029587030410767,"[8, 50, 10, False]",0.0,10.029465198516846,0.0,"{""acceptCount"": ""760"", ""allowBackslash"": ""TRUE"", ""compression"": ""on"", ""compressionMinSize"": ""6970"", ""connectionTimeout"": ""553938"", ""connectionUploadTimeout"": ""187745"", ""disableUploadTimeout"": ""TRUE"", ""executorTerminationTimeoutMillis"": ""118595"", ""keepAliveTimeout"": ""541859"", ""maxConnections"": ""15204"", ""maxHeaderCount"": ""393"", ""maxHttpHeaderSize"": ""63128"", ""maxHttpRequestHeaderSize"": ""58623"", ""maxHttpResponseHeaderSize"": ""42590"", ""maxKeepAliveRequests"": ""4752"", ""maxParameterCount"": ""20271"", ""maxSwallowSize"": ""616762"", ""maxThreads"": ""263"", ""minSpareThreads"": ""674"", ""processorCache"": ""253"", ""tcpNoDelay"": ""FALSE"", ""threadPriority"": ""10"", ""threadsMaxIdleTime"": ""576401"", ""throughput__2"": ""1332.13"", ""useAsyncIO"": ""TRUE"", ""useVirtualThreads"": ""FALSE""}"
tomcat,tpe,3305,plain,false,37,1335.47,42.78,1335.47,10.023925065994263,"[8, 50, 10, False]",0.0,10.023839473724365,0.0,"{""acceptCount"": ""219"", ""allowBackslash"": ""FALSE"", ""compression"": ""force"", ""compressionMinSize"": ""7013"", ""connectionTimeout"": ""130058"", ""connectionUploadTimeout"": ""358246"", ""disableUploadTimeout"": ""FALSE"", ""executorTerminationTimeoutMillis"": ""564298"", ""keepAliveTimeout"": ""45278"", ""maxConnections"": ""630"", ""maxHeaderCount"": ""246"", ""maxHttpHeaderSize"": ""47968"", ""maxHttpRequestHeaderSize"": ""12429"", ""maxHttpResponseHeaderSize"": ""53721"", ""maxKeepAliveRequests"": ""441"", ""maxParameterCount"": ""18506"", ""maxSwallowSize"": ""11891937"", ""maxThreads"": ""32"", ""minSpareThreads"": ""277"", ""processorCache"": ""35"", ""tcpNoDelay"": ""FALSE"", ""threadPriority"": ""2"", ""threadsMaxIdleTime"": ""83095"", ""throughput__2"": ""1335.47"", ""useAsyncIO"": ""TRUE"", ""useVirtualThreads"": ""FALSE""}"
tomcat,tpe,3305,plain,false,38,1394.12,45.36,1394.12,10.026252746582031,"[8, 50, 10, False]",0.0,10.026171207427979,0.0,"{""acceptCount"": ""212"", ""allowBackslash"": ""TRUE"", ""compression"": ""on"", ""compressionMinSize"": ""6700"", ""connectionTimeout"": ""458916"", ""connectionUploadTimeout"": ""64614"", ""disableUploadTimeout"": ""FALSE"", ""executorTerminationTimeoutMillis"": ""322257"", ""keepAliveTimeout"": ""575218"", ""maxConnections"": ""12449"", ""maxHeaderCount"": ""890"", ""maxHttpHeaderSize"": ""34995"", ""maxHttpRequestHeaderSize"": ""38820"", ""maxHttpResponseHeaderSize"": ""50682"", ""maxKeepAliveRequests"": ""2688"", ""maxParameterCount"": ""72542"", ""maxSwallowSize"": ""700600"", ""maxThreads"": ""280"", ""minSpareThreads"": ""551"", ""processorCache"": ""365"", ""tcpNoDelay"": ""FALSE"", ""threadPriority"": ""2"", ""threadsMaxIdleTime"": ""524580"", ""throughput__2"": ""1394.12"", ""useAsyncIO"": ""TRUE"", ""useVirtualThreads"": ""FALSE""}"
tomcat,tpe,3305,plain,false,39,1369.74,47.46,1369.74,10.028672218322754,"[8, 50, 10, False]",0.0,10.028578042984009,0.0,"{""acceptCount"": ""719"", ""allowBackslash"": ""TRUE"", ""compression"": ""off"", ""compressionMinSize"": ""7051"", ""connectionTimeout"": ""553127"", ""connectionUploadTimeout"": ""523654"", ""disableUploadTimeout"": ""FALSE"", ""executorTerminationTimeoutMillis"": ""504211"", ""keepAliveTimeout"": ""550662"", ""maxConnections"": ""18390"", ""maxHeaderCount"": ""696"", ""maxHttpHeaderSize"": ""25204"", ""maxHttpRequestHeaderSize"": ""20103"", ""maxHttpResponseHeaderSize"": ""39490"", ""maxKeepAliveRequests"": ""1797"", ""maxParameterCount"": ""94740"", ""maxSwallowSize"": ""20725516"", ""maxThreads"": ""321"", ""minSpareThreads"": ""269"", ""processorCache"": ""187"", ""tcpNoDelay"": ""FALSE"", ""threadPriority"": ""2"", ""threadsMaxIdleTime"": ""25478"", ""throughput__2"": ""1369.74"", ""useAsyncIO"": ""FALSE"", ""useVirtualThreads"": ""FALSE""}"
tomcat,tpe,3305,plain,false,40,1373.53,41.48,1373.53,10.02408766746521,"[8, 50, 10, False]",0.0,10.023994445800781,0.0,"{""acceptCount"": ""202"", ""allowBackslash"": ""FALSE"", ""compression"": ""force"", ""compressionMinSize"": ""7723"", ""connectionTimeout"": ""592838"", ""connectionUploadTimeout"": ""44083"", ""disableUploadTimeout"": ""TRUE"", ""executorTerminationTimeoutMillis"": ""400923"", ""keepAliveTimeout"": ""403492"", ""maxConnections"": ""6797"", ""maxHeaderCount"": ""243"", ""maxHttpHeaderSize"": ""28289"", ""maxHttpRequestHeaderSize"": ""62232"", ""maxHttpResponseHeaderSize"": ""53061"", ""maxKeepAliveRequests"": ""179"", ""maxParameterCount"": ""63069"", ""maxSwallowSize"": ""13506871"", ""maxThreads"": ""96"", ""minSpareThreads"": ""971"", ""processorCache"": ""41"", ""tcpNoDelay"": ""FALSE"", ""threadPriority"": ""2"", ""threadsMaxIdleTime"": ""186405"", ""throughput__2"": ""1373.53"", ""useAsyncIO"": ""TRUE"", ""useVirtualThreads"": ""FALSE""}"
tomcat,tpe,3305,plain,false,41,1463.94,39.98,1463.94,10.016865968704224,"[8, 50, 10, False]",0.0,10.016775846481323,0.0,"{""acceptCount"": ""635"", ""allowBackslash"": ""TRUE"", ""compression"": ""on"", ""compressionMinSize"": ""8620"", ""connectionTimeout"": ""76268"", ""connectionUploadTimeout"": ""430473"", ""disableUploadTimeout"": ""TRUE"", ""executorTerminationTimeoutMillis"": ""404954"", ""keepAliveTimeout"": ""553014"", ""maxConnections"": ""8768"", ""maxHeaderCount"": ""367"", ""maxHttpHeaderSize"": ""3776"", ""maxHttpRequestHeaderSize"": ""27181"", ""maxHttpResponseHeaderSize"": ""25827"", ""maxKeepAliveRequests"": ""3624"", ""maxParameterCount"": ""1808"", ""maxSwallowSize"": ""7661302"", ""maxThreads"": ""145"", ""minSpareThreads"": ""853"", ""processorCache"": ""226"", ""tcpNoDelay"": ""FALSE"", ""threadPriority"": ""3"", ""threadsMaxIdleTime"": ""561501"", ""throughput__2"": ""1463.94"", ""useAsyncIO"": ""TRUE"", ""useVirtualThreads"": ""FALSE""}"
tomcat,tpe,3305,plain,false,42,1365.85,43.88,1365.85,10.047367095947266,"[8, 50, 10, False]",0.0,10.047280311584473,0.0,"{""acceptCount"": ""928"", ""allowBackslash"": ""TRUE"", ""compression"": ""force"", ""compressionMinSize"": ""7677"", ""connectionTimeout"": ""283342"", ""connectionUploadTimeout"": ""455746"", ""disableUploadTimeout"": ""TRUE"", ""executorTerminationTimeoutMillis"": ""577556"", ""keepAliveTimeout"": ""597345"", ""maxConnections"": ""17894"", ""maxHeaderCount"": ""780"", ""maxHttpHeaderSize"": ""12669"", ""maxHttpRequestHeaderSize"": ""7028"", ""maxHttpResponseHeaderSize"": ""28138"", ""maxKeepAliveRequests"": ""1780"", ""maxParameterCount"": ""24836"", ""maxSwallowSize"": ""6361001"", ""maxThreads"": ""214"", ""minSpareThreads"": ""506"", ""processorCache"": ""138"", ""tcpNoDelay"": ""FALSE"", ""threadPriority"": ""8"", ""threadsMaxIdleTime"": ""399137"", ""throughput__2"": ""1365.85"", ""useAsyncIO"": ""TRUE"", ""useVirtualThreads"": ""FALSE""}"
tomcat,tpe,3305,plain,false,43,1398.51,41.97,1398.51,10.054386615753174,"[8, 50, 10, False]",0.0,10.054298639297485,0.0,"{""acceptCount"": ""283"", ""allowBackslash"": ""FALSE"", ""compression"": ""on"", ""compressionMinSize"": ""629"", ""connectionTimeout"": ""236690"", ""connectionUploadTimeout"": ""463614"", ""disableUploadTimeout"": ""FALSE"", ""executorTerminationTimeoutMillis"": ""559449"", ""keepAliveTimeout"": ""117638"", ""maxConnections"": ""15220"", ""maxHeaderCount"": ""728"", ""maxHttpHeaderSize"": ""52542"", ""maxHttpRequestHeaderSize"": ""61925"", ""maxHttpResponseHeaderSize"": ""25789"", ""maxKeepAliveRequests"": ""3787"", ""maxParameterCount"": ""61044"", ""maxSwallowSize"": ""15106673"", ""maxThreads"": ""343"", ""minSpareThreads"": ""632"", ""processorCache"": ""116"", ""tcpNoDelay"": ""FALSE"", ""threadPriority"": ""7"", ""threadsMaxIdleTime"": ""102625"", ""throughput__2"": ""1398.51"", ""useAsyncIO"": ""TRUE"", ""useVirtualThreads"": ""FALSE""}"
tomcat,tpe,3305,plain,false,44,1268.11,38.77,1268.11,10.031223773956299,"[8, 50, 10, False]",0.0,10.03111982345581,0.0,"{""acceptCount"": ""386"", ""allowBackslash"": ""TRUE"", ""compression"": ""on"", ""compressionMinSize"": ""9584"", ""connectionTimeout"": ""173634"", ""connectionUploadTimeout"": ""581327"", ""disableUploadTimeout"": ""TRUE"", ""executorTerminationTimeoutMillis"": ""434175"", ""keepAliveTimeout"": ""333657"", ""maxConnections"": ""18608"", ""maxHeaderCount"": ""34"", ""maxHttpHeaderSize"": ""45383"", ""maxHttpRequestHeaderSize"": ""60041"", ""maxHttpResponseHeaderSize"": ""16164"", ""maxKeepAliveRequests"": ""2772"", ""maxParameterCount"": ""13220"", ""maxSwallowSize"": ""3400466"", ""maxThreads"": ""160"", ""minSpareThreads"": ""384"", ""processorCache"": ""319"", ""tcpNoDelay"": ""TRUE"", ""threadPriority"": ""4"", ""threadsMaxIdleTime"": ""573890"", ""throughput__2"": ""1268.11"", ""useAsyncIO"": ""TRUE"", ""useVirtualThreads"": ""TRUE""}"
tomcat,tpe,3305,plain,false,45,1486.39,37.74,1486.39,10.016720294952393,"[8, 50, 10, False]",0.0,10.016640186309814,0.0,"{""acceptCount"": ""210"", ""allowBackslash"": ""FALSE"", ""compression"": ""on"", ""compressionMinSize"": ""2083"", ""connectionTimeout"": ""215174"", ""connectionUploadTimeout"": ""145714"", ""disableUploadTimeout"": ""TRUE"", ""executorTerminationTimeoutMillis"": ""416912"", ""keepAliveTimeout"": ""242222"", ""maxConnections"": ""18672"", ""maxHeaderCount"": ""520"", ""maxHttpHeaderSize"": ""65179"", ""maxHttpRequestHeaderSize"": ""60393"", ""maxHttpResponseHeaderSize"": ""45786"", ""maxKeepAliveRequests"": ""4468"", ""maxParameterCount"": ""2592"", ""maxSwallowSize"": ""253147"", ""maxThreads"": ""87"", ""minSpareThreads"": ""218"", ""processorCache"": ""133"", ""tcpNoDelay"": ""FALSE"", ""threadPriority"": ""2"", ""threadsMaxIdleTime"": ""256473"", ""throughput__2"": ""1486.39"", ""useAsyncIO"": ""TRUE"", ""useVirtualThreads"": ""FALSE""}"
tomcat,tpe,3305,plain,false,46,1450.09,42.98,1450.09,10.021153450012207,"[8, 50, 10, False]",0.0,10.021069049835205,0.0,"{""acceptCount"": ""176"", ""allowBackslash"": ""FALSE"", ""compression"": ""force"", ""compressionMinSize"": ""7008"", ""connectionTimeout"": ""86926"", ""connectionUploadTimeout"": ""102465"", ""disableUploadTimeout"": ""TRUE"", ""executorTerminationTimeoutMillis"": ""386376"", ""keepAliveTimeout"": ""275512"", ""maxConnections"": ""16698"", ""maxHeaderCount"": ""759"", ""maxHttpHeaderSize"": ""64222"", ""maxHttpRequestHeaderSize"": ""6694"", ""maxHttpResponseHeaderSize"": ""34796"", ""maxKeepAliveRequests"": ""3695"", ""maxParameterCount"": ""56983"", ""maxSwallowSize"": ""54445"", ""maxThreads"": ""317"", ""minSpareThreads"": ""334"", ""processorCache"": ""52"", ""tcpNoDelay"": ""FALSE"", ""threadPriority"": ""7"", ""threadsMaxIdleTime"": ""304975"", ""throughput__2"": ""1450.09"", ""useAsyncIO"": ""TRUE"", ""useVirtualThreads"": ""FALSE""}"
tomcat,tpe,3305,plain,false,47,1257.99,39.05,1257.99,10.02114748954773,"[8, 50, 10, False]",0.0,10.021058797836304,0.0,"{""acceptCount"": ""135"", ""allowBackslash"": ""TRUE"", ""compression"": ""off"", ""compressionMinSize"": ""10141"", ""connectionTimeout"": ""69664"", ""connectionUploadTimeout"": ""244200"", ""disableUploadTimeout"": ""FALSE"", ""executorTerminationTimeoutMillis"": ""398596"", ""keepAliveTimeout"": ""533724"", ""maxConnections"": ""5362"", ""maxHeaderCount"": ""740"", ""maxHttpHeaderSize"": ""60993"", ""maxHttpRequestHeaderSize"": ""55033"", ""maxHttpResponseHeaderSize"": ""14082"", ""maxKeepAliveRequests"": ""2663"", ""maxParameterCount"": ""59157"", ""maxSwallowSize"": ""12992614"", ""maxThreads"": ""220"", ""minSpareThreads"": ""418"", ""processorCache"": ""346"", ""tcpNoDelay"": ""FALSE"", ""threadPriority"": ""1"", ""threadsMaxIdleTime"": ""207264"", ""throughput__2"": ""1257.99"", ""useAsyncIO"": ""FALSE"", ""useVirtualThreads"": ""TRUE""}"
tomcat,tpe,3305,plain,false,48,1315.17,47.68,1315.17,10.03735065460205,"[8, 50, 10, False]",0.0,10.037260293960571,0.0,"{""acceptCount"": ""382"", ""allowBackslash"": ""FALSE"", ""compression"": ""force"", ""compressionMinSize"": ""9232"", ""connectionTimeout"": ""67207"", ""connectionUploadTimeout"": ""346623"", ""disableUploadTimeout"": ""TRUE"", ""executorTerminationTimeoutMillis"": ""536392"", ""keepAliveTimeout"": ""393220"", ""maxConnections"": ""13232"", ""maxHeaderCount"": ""752"", ""maxHttpHeaderSize"": ""47747"", ""maxHttpRequestHeaderSize"": ""48002"", ""maxHttpResponseHeaderSize"": ""62145"", ""maxKeepAliveRequests"": ""4980"", ""maxParameterCount"": ""56448"", ""maxSwallowSize"": ""9559754"", ""maxThreads"": ""189"", ""minSpareThreads"": ""289"", ""processorCache"": ""39"", ""tcpNoDelay"": ""FALSE"", ""threadPriority"": ""4"", ""threadsMaxIdleTime"": ""111584"", ""throughput__2"": ""1315.17"", ""useAsyncIO"": ""TRUE"", ""useVirtualThreads"": ""FALSE""}"
tomcat,tpe,3305,plain,false,49,1377.51,45.23,1377.51,10.037452220916748,"[8, 50, 10, False]",0.0,10.03731083869934,0.0,"{""acceptCount"": ""236"", ""allowBackslash"": ""FALSE"", ""compression"": ""force"", ""compressionMinSize"": ""4481"", ""connectionTimeout"": ""26223"", ""connectionUploadTimeout"": ""140706"", ""disableUploadTimeout"": ""TRUE"", ""executorTerminationTimeoutMillis"": ""339378"", ""keepAliveTimeout"": ""344307"", ""maxConnections"": ""19163"", ""maxHeaderCount"": ""387"", ""maxHttpHeaderSize"": ""51942"", ""maxHttpRequestHeaderSize"": ""5884"", ""maxHttpResponseHeaderSize"": ""6479"", ""maxKeepAliveRequests"": ""4926"", ""maxParameterCount"": ""70128"", ""maxSwallowSize"": ""8451938"", ""maxThreads"": ""247"", ""minSpareThreads"": ""945"", ""processorCache"": ""157"", ""tcpNoDelay"": ""FALSE"", ""threadPriority"": ""8"", ""threadsMaxIdleTime"": ""37599"", ""throughput__2"": ""1377.51"", ""useAsyncIO"": ""TRUE"", ""useVirtualThreads"": ""FALSE""}"
tomcat,tpe,3305,plain,false,50,1376.95,65.77,1376.95,10.035531759262085,"[8, 50, 10, False]",0.0,10.035444498062134,0.0,"{""acceptCount"": ""11"", ""allowBackslash"": ""FALSE"", ""compression"": ""force"", ""compressionMinSize"": ""4034"", ""connectionTimeout"": ""157120"", ""connectionUploadTimeout"": ""378662"", ""disableUploadTimeout"": ""TRUE"", ""executorTerminationTimeoutMillis"": ""83300"", ""keepAliveTimeout"": ""535142"", ""maxConnections"": ""12564"", ""maxHeaderCount"": ""86"", ""maxHttpHeaderSize"": ""61434"", ""maxHttpRequestHeaderSize"": ""64649"", ""maxHttpResponseHeaderSize"": ""1925"", ""maxKeepAliveRequests"": ""542"", ""maxParameterCount"": ""46657"", ""maxSwallowSize"": ""9228450"", ""maxThreads"": ""38"", ""minSpareThreads"": ""280"", ""processorCache"": ""320"", ""tcpNoDelay"": ""TRUE"", ""threadPriority"": ""3"", ""threadsMaxIdleTime"": ""380386"", ""throughput__2"": ""1376.95"", ""useAsyncIO"": ""TRUE"", ""useVirtualThreads"": ""FALSE""}"
tomcat,tpe,3305,plain,false,51,1318.39,42.04,1318.39,10.018745183944702,"[8, 50, 10, False]",0.0,10.018651247024536,0.0,"{""acceptCount"": ""622"", ""allowBackslash"": ""TRUE"", ""compression"": ""on"", ""compressionMinSize"": ""4807"", ""connectionTimeout"": ""404609"", ""connectionUploadTimeout"": ""154637"", ""disableUploadTimeout"": ""TRUE"", ""executorTerminationTimeoutMillis"": ""210445"", ""keepAliveTimeout"": ""100967"", ""maxConnections"": ""4347"", ""maxHeaderCount"": ""671"", ""maxHttpHeaderSize"": ""49416"", ""maxHttpRequestHeaderSize"": ""63576"", ""maxHttpResponseHeaderSize"": ""31070"", ""maxKeepAliveRequests"": ""2153"", ""maxParameterCount"": ""27384"", ""maxSwallowSize"": ""20090969"", ""maxThreads"": ""73"", ""minSpareThreads"": ""361"", ""processorCache"": ""196"", ""tcpNoDelay"": ""TRUE"", ""threadPriority"": ""1"", ""threadsMaxIdleTime"": ""55335"", ""throughput__2"": ""1318.39"", ""useAsyncIO"": ""TRUE"", ""useVirtualThreads"": ""FALSE""}"
tomcat,tpe,3305,plain,false,52,1374.14,46.43,1374.14,10.052148342132568,"[8, 50, 10, False]",0.0,10.052031993865967,0.0,"{""acceptCount"": ""211"", ""allowBackslash"": ""FALSE"", ""compression"": ""on"", ""compressionMinSize"": ""1888"", ""connectionTimeout"": ""245541"", ""connectionUploadTimeout"": ""7953"", ""disableUploadTimeout"": ""TRUE"", ""executorTerminationTimeoutMillis"": ""347790"", ""keepAliveTimeout"": ""7968"", ""maxConnections"": ""4902"", ""maxHeaderCount"": ""396"", ""maxHttpHeaderSize"": ""61990"", ""maxHttpRequestHeaderSize"": ""58628"", ""maxHttpResponseHeaderSize"": ""60601"", ""maxKeepAliveRequests"": ""2275"", ""maxParameterCount"": ""18359"", ""maxSwallowSize"": ""1534866"", ""maxThreads"": ""276"", ""minSpareThreads"": ""49"", ""processorCache"": ""104"", ""tcpNoDelay"": ""FALSE"", ""threadPriority"": ""1"", ""threadsMaxIdleTime"": ""469196"", ""throughput__2"": ""1374.14"", ""useAsyncIO"": ""FALSE"", ""useVirtualThreads"": ""FALSE""}"
tomcat,tpe,3305,plain,false,53,1466.25,40.28,1466.25,10.02960991859436,"[8, 50, 10, False]",0.0,10.029520988464355,0.0,"{""acceptCount"": ""169"", ""allowBackslash"": ""FALSE"", ""compression"": ""off"", ""compressionMinSize"": ""1400"", ""connectionTimeout"": ""234276"", ""connectionUploadTimeout"": ""89796"", ""disableUploadTimeout"": ""FALSE"", ""executorTerminationTimeoutMillis"": ""212595"", ""keepAliveTimeout"": ""4244"", ""maxConnections"": ""16140"", ""maxHeaderCount"": ""555"", ""maxHttpHeaderSize"": ""63608"", ""maxHttpRequestHeaderSize"": ""1000"", ""maxHttpResponseHeaderSize"": ""53500"", ""maxKeepAliveRequests"": ""4593"", ""maxParameterCount"": ""88970"", ""maxSwallowSize"": ""7958757"", ""maxThreads"": ""276"", ""minSpareThreads"": ""240"", ""processorCache"": ""211"", ""tcpNoDelay"": ""FALSE"", ""threadPriority"": ""10"", ""threadsMaxIdleTime"": ""509188"", ""throughput__2"": ""1466.25"", ""useAsyncIO"": ""TRUE"", ""useVirtualThreads"": ""FALSE""}"
tomcat,tpe,3305,plain,false,54,1452.92,39.07,1452.92,10.01585578918457,"[8, 50, 10, False]",0.0,10.01577615737915,0.0,"{""acceptCount"": ""705"", ""allowBackslash"": ""TRUE"", ""compression"": ""on"", ""compressionMinSize"": ""3098"", ""connectionTimeout"": ""118540"", ""connectionUploadTimeout"": ""479148"", ""disableUploadTimeout"": ""FALSE"", ""executorTerminationTimeoutMillis"": ""390689"", ""keepAliveTimeout"": ""454714"", ""maxConnections"": ""4803"", ""maxHeaderCount"": ""8"", ""maxHttpHeaderSize"": ""21292"", ""maxHttpRequestHeaderSize"": ""35830"", ""maxHttpResponseHeaderSize"": ""14964"", ""maxKeepAliveRequests"": ""4388"", ""maxParameterCount"": ""58467"", ""maxSwallowSize"": ""17484914"", ""maxThreads"": ""316"", ""minSpareThreads"": ""399"", ""processorCache"": ""345"", ""tcpNoDelay"": ""FALSE"", ""threadPriority"": ""3"", ""threadsMaxIdleTime"": ""279690"", ""throughput__2"": ""1452.92"", ""useAsyncIO"": ""FALSE"", ""useVirtualThreads"": ""FALSE""}"
tomcat,tpe,3305,plain,false,55,1371.47,45.68,1371.47,10.105438232421875,"[8, 50, 10, False]",0.0,10.105337381362915,0.0,"{""acceptCount"": ""654"", ""allowBackslash"": ""TRUE"", ""compression"": ""force"", ""compressionMinSize"": ""4043"", ""connectionTimeout"": ""542217"", ""connectionUploadTimeout"": ""483546"", ""disableUploadTimeout"": ""TRUE"", ""executorTerminationTimeoutMillis"": ""174293"", ""keepAliveTimeout"": ""165178"", ""maxConnections"": ""4310"", ""maxHeaderCount"": ""732"", ""maxHttpHeaderSize"": ""14786"", ""maxHttpRequestHeaderSize"": ""10479"", ""maxHttpResponseHeaderSize"": ""6734"", ""maxKeepAliveRequests"": ""2990"", ""maxParameterCount"": ""75155"", ""maxSwallowSize"": ""5042839"", ""maxThreads"": ""263"", ""minSpareThreads"": ""302"", ""processorCache"": ""333"", ""tcpNoDelay"": ""FALSE"", ""threadPriority"": ""3"", ""threadsMaxIdleTime"": ""33648"", ""throughput__2"": ""1371.47"", ""useAsyncIO"": ""FALSE"", ""useVirtualThreads"": ""FALSE""}"
tomcat,tpe,3305,plain,false,56,1166.57,45.09,1166.57,10.057786464691162,"[8, 50, 10, False]",0.0,10.057699203491211,0.0,"{""acceptCount"": ""469"", ""allowBackslash"": ""FALSE"", ""compression"": ""on"", ""compressionMinSize"": ""3381"", ""connectionTimeout"": ""16950"", ""connectionUploadTimeout"": ""291454"", ""disableUploadTimeout"": ""TRUE"", ""executorTerminationTimeoutMillis"": ""70206"", ""keepAliveTimeout"": ""122032"", ""maxConnections"": ""4981"", ""maxHeaderCount"": ""154"", ""maxHttpHeaderSize"": ""10429"", ""maxHttpRequestHeaderSize"": ""37342"", ""maxHttpResponseHeaderSize"": ""63738"", ""maxKeepAliveRequests"": ""454"", ""maxParameterCount"": ""5347"", ""maxSwallowSize"": ""13087644"", ""maxThreads"": ""84"", ""minSpareThreads"": ""378"", ""processorCache"": ""375"", ""tcpNoDelay"": ""FALSE"", ""threadPriority"": ""1"", ""threadsMaxIdleTime"": ""281832"", ""throughput__2"": ""1166.57"", ""useAsyncIO"": ""TRUE"", ""useVirtualThreads"": ""TRUE""}"
tomcat,tpe,3305,plain,false,57,1373.16,42.12,1373.16,10.028207778930664,"[8, 50, 10, False]",0.0,10.028090953826904,0.0,"{""acceptCount"": ""943"", ""allowBackslash"": ""TRUE"", ""compression"": ""on"", ""compressionMinSize"": ""5247"", ""connectionTimeout"": ""359380"", ""connectionUploadTimeout"": ""225770"", ""disableUploadTimeout"": ""FALSE"", ""executorTerminationTimeoutMillis"": ""233602"", ""keepAliveTimeout"": ""558333"", ""maxConnections"": ""10457"", ""maxHeaderCount"": ""370"", ""maxHttpHeaderSize"": ""64432"", ""maxHttpRequestHeaderSize"": ""55063"", ""maxHttpResponseHeaderSize"": ""12560"", ""maxKeepAliveRequests"": ""2669"", ""maxParameterCount"": ""23705"", ""maxSwallowSize"": ""15376323"", ""maxThreads"": ""189"", ""minSpareThreads"": ""96"", ""processorCache"": ""384"", ""tcpNoDelay"": ""TRUE"", ""threadPriority"": ""2"", ""threadsMaxIdleTime"": ""470503"", ""throughput__2"": ""1373.16"", ""useAsyncIO"": ""FALSE"", ""useVirtualThreads"": ""FALSE""}"
tomcat,tpe,3305,plain,false,58,1472.49,42.95,1472.49,10.111684799194336,"[8, 50, 10, False]",0.0,10.111592531204224,0.0,"{""acceptCount"": ""128"", ""allowBackslash"": ""FALSE"", ""compression"": ""off"", ""compressionMinSize"": ""984"", ""connectionTimeout"": ""508340"", ""connectionUploadTimeout"": ""10880"", ""disableUploadTimeout"": ""TRUE"", ""executorTerminationTimeoutMillis"": ""368592"", ""keepAliveTimeout"": ""372012"", ""maxConnections"": ""7369"", ""maxHeaderCount"": ""190"", ""maxHttpHeaderSize"": ""19116"", ""maxHttpRequestHeaderSize"": ""50063"", ""maxHttpResponseHeaderSize"": ""7249"", ""maxKeepAliveRequests"": ""1051"", ""maxParameterCount"": ""26225"", ""maxSwallowSize"": ""3780012"", ""maxThreads"": ""258"", ""minSpareThreads"": ""836"", ""processorCache"": ""304"", ""tcpNoDelay"": ""FALSE"", ""threadPriority"": ""8"", ""threadsMaxIdleTime"": ""187596"", ""throughput__2"": ""1472.49"", ""useAsyncIO"": ""TRUE"", ""useVirtualThreads"": ""FALSE""}"
tomcat,tpe,3305,plain,false,59,1315.53,47.42,1315.53,10.030406951904297,"[8, 50, 10, False]",0.0,10.030322551727295,0.0,"{""acceptCount"": ""948"", ""allowBackslash"": ""TRUE"", ""compression"": ""off"", ""compressionMinSize"": ""2404"", ""connectionTimeout"": ""28101"", ""connectionUploadTimeout"": ""377310"", ""disableUploadTimeout"": ""FALSE"", ""executorTerminationTimeoutMillis"": ""308618"", ""keepAliveTimeout"": ""246943"", ""maxConnections"": ""6382"", ""maxHeaderCount"": ""36"", ""maxHttpHeaderSize"": ""51296"", ""maxHttpRequestHeaderSize"": ""4850"", ""maxHttpResponseHeaderSize"": ""51250"", ""maxKeepAliveRequests"": ""4790"", ""maxParameterCount"": ""31707"", ""maxSwallowSize"": ""17442066"", ""maxThreads"": ""157"", ""minSpareThreads"": ""890"", ""processorCache"": ""182"", ""tcpNoDelay"": ""FALSE"", ""threadPriority"": ""5"", ""threadsMaxIdleTime"": ""355972"", ""throughput__2"": ""1315.53"", ""useAsyncIO"": ""FALSE"", ""useVirtualThreads"": ""FALSE""}"
tomcat,tpe,3305,plain,false,60,1341.49,45.06,1341.49,10.02092456817627,"[8, 50, 10, False]",0.0,10.020848035812378,0.0,"{""acceptCount"": ""133"", ""allowBackslash"": ""TRUE"", ""compression"": ""on"", ""compressionMinSize"": ""9813"", ""connectionTimeout"": ""44778"", ""connectionUploadTimeout"": ""589718"", ""disableUploadTimeout"": ""TRUE"", ""executorTerminationTimeoutMillis"": ""416811"", ""keepAliveTimeout"": ""429394"", ""maxConnections"": ""4999"", ""maxHeaderCount"": ""403"", ""maxHttpHeaderSize"": ""15585"", ""maxHttpRequestHeaderSize"": ""50461"", ""maxHttpResponseHeaderSize"": ""14974"", ""maxKeepAliveRequests"": ""4162"", ""maxParameterCount"": ""81686"", ""maxSwallowSize"": ""5333277"", ""maxThreads"": ""157"", ""minSpareThreads"": ""402"", ""processorCache"": ""79"", ""tcpNoDelay"": ""FALSE"", ""threadPriority"": ""8"", ""threadsMaxIdleTime"": ""484609"", ""throughput__2"": ""1341.49"", ""useAsyncIO"": ""TRUE"", ""useVirtualThreads"": ""FALSE""}"
tomcat,tpe,3305,plain,false,61,1405.76,34.72,1405.76,10.023812055587769,"[8, 50, 10, False]",0.0,10.02372407913208,0.0,"{""acceptCount"": ""126"", ""allowBackslash"": ""TRUE"", ""compression"": ""on"", ""compressionMinSize"": ""9246"", ""connectionTimeout"": ""468332"", ""connectionUploadTimeout"": ""11753"", ""disableUploadTimeout"": ""TRUE"", ""executorTerminationTimeoutMillis"": ""370395"", ""keepAliveTimeout"": ""384242"", ""maxConnections"": ""12559"", ""maxHeaderCount"": ""143"", ""maxHttpHeaderSize"": ""33032"", ""maxHttpRequestHeaderSize"": ""25347"", ""maxHttpResponseHeaderSize"": ""57214"", ""maxKeepAliveRequests"": ""4214"", ""maxParameterCount"": ""65449"", ""maxSwallowSize"": ""4383408"", ""maxThreads"": ""13"", ""minSpareThreads"": ""747"", ""processorCache"": ""243"", ""tcpNoDelay"": ""FALSE"", ""threadPriority"": ""7"", ""threadsMaxIdleTime"": ""301278"", ""throughput__2"": ""1405.76"", ""useAsyncIO"": ""FALSE"", ""useVirtualThreads"": ""FALSE""}"
tomcat,tpe,3305,plain,false,62,1229.43,39.83,1229.43,10.032847881317139,"[8, 50, 10, False]",0.0,10.032733917236328,0.0,"{""acceptCount"": ""54"", ""allowBackslash"": ""FALSE"", ""compression"": ""on"", ""compressionMinSize"": ""2206"", ""connectionTimeout"": ""161622"", ""connectionUploadTimeout"": ""585806"", ""disableUploadTimeout"": ""TRUE"", ""executorTerminationTimeoutMillis"": ""437553"", ""keepAliveTimeout"": ""373434"", ""maxConnections"": ""1408"", ""maxHeaderCount"": ""224"", ""maxHttpHeaderSize"": ""62594"", ""maxHttpRequestHeaderSize"": ""60653"", ""maxHttpResponseHeaderSize"": ""2049"", ""maxKeepAliveRequests"": ""106"", ""maxParameterCount"": ""28564"", ""maxSwallowSize"": ""19233487"", ""maxThreads"": ""180"", ""minSpareThreads"": ""73"", ""processorCache"": ""274"", ""tcpNoDelay"": ""FALSE"", ""threadPriority"": ""10"", ""threadsMaxIdleTime"": ""71328"", ""throughput__2"": ""1229.43"", ""useAsyncIO"": ""TRUE"", ""useVirtualThreads"": ""TRUE""}"
tomcat,tpe,3305,plain,false,63,1326.46,44.04,1326.46,10.039113283157349,"[8, 50, 10, False]",0.0,10.039023876190186,0.0,"{""acceptCount"": ""114"", ""allowBackslash"": ""FALSE"", ""compression"": ""off"", ""compressionMinSize"": ""7915"", ""connectionTimeout"": ""299352"", ""connectionUploadTimeout"": ""534041"", ""disableUploadTimeout"": ""TRUE"", ""executorTerminationTimeoutMillis"": ""111551"", ""keepAliveTimeout"": ""57477"", ""maxConnections"": ""11971"", ""maxHeaderCount"": ""439"", ""maxHttpHeaderSize"": ""45659"", ""maxHttpRequestHeaderSize"": ""2503"", ""maxHttpResponseHeaderSize"": ""11299"", ""maxKeepAliveRequests"": ""3403"", ""maxParameterCount"": ""42317"", ""maxSwallowSize"": ""3188539"", ""maxThreads"": ""319"", ""minSpareThreads"": ""439"", ""processorCache"": ""183"", ""tcpNoDelay"": ""FALSE"", ""threadPriority"": ""1"", ""threadsMaxIdleTime"": ""552803"", ""throughput__2"": ""1326.46"", ""useAsyncIO"": ""TRUE"", ""useVirtualThreads"": ""FALSE""}"
tomcat,tpe,3305,plain,false,64,1479.96,37.88,1479.96,10.016317367553711,"[8, 50, 10, False]",0.0,10.016231775283813,0.0,"{""acceptCount"": ""50"", ""allowBackslash"": ""TRUE"", ""compression"": ""force"", ""compressionMinSize"": ""3835"", ""connectionTimeout"": ""96894"", ""connectionUploadTimeout"": ""100365"", ""disableUploadTimeout"": ""FALSE"", ""executorTerminationTimeoutMillis"": ""414901"", ""keepAliveTimeout"": ""471675"", ""maxConnections"": ""7059"", ""maxHeaderCount"": ""728"", ""maxHttpHeaderSize"": ""34292"", ""maxHttpRequestHeaderSize"": ""8229"", ""maxHttpResponseHeaderSize"": ""17006"", ""maxKeepAliveRequests"": ""4551"", ""maxParameterCount"": ""95830"", ""maxSwallowSize"": ""18057218"", ""maxThreads"": ""284"", ""minSpareThreads"": ""527"", ""processorCache"": ""282"", ""tcpNoDelay"": ""FALSE"", ""threadPriority"": ""5"", ""threadsMaxIdleTime"": ""520830"", ""throughput__2"": ""1479.96"", ""useAsyncIO"": ""FALSE"", ""useVirtualThreads"": ""FALSE""}"
tomcat,tpe,3305,plain,false,65,1325.28,43.99,1325.28,10.02413535118103,"[8, 50, 10, False]",0.0,10.024052619934082,0.0,"{""acceptCount"": ""214"", ""allowBackslash"": ""TRUE"", ""compression"": ""force"", ""compressionMinSize"": ""7417"", ""connectionTimeout"": ""378704"", ""connectionUploadTimeout"": ""48008"", ""disableUploadTimeout"": ""FALSE"", ""executorTerminationTimeoutMillis"": ""571774"", ""keepAliveTimeout"": ""148904"", ""maxConnections"": ""5141"", ""maxHeaderCount"": ""752"", ""maxHttpHeaderSize"": ""11049"", ""maxHttpRequestHeaderSize"": ""61825"", ""maxHttpResponseHeaderSize"": ""14956"", ""maxKeepAliveRequests"": ""3312"", ""maxParameterCount"": ""94746"", ""maxSwallowSize"": ""20265195"", ""maxThreads"": ""298"", ""minSpareThreads"": ""304"", ""processorCache"": ""307"", ""tcpNoDelay"": ""FALSE"", ""threadPriority"": ""8"", ""threadsMaxIdleTime"": ""406052"", ""throughput__2"": ""1325.28"", ""useAsyncIO"": ""FALSE"", ""useVirtualThreads"": ""FALSE""}"
tomcat,tpe,3305,plain,false,66,1340.0,48.13,1340.0,10.030724287033081,"[8, 50, 10, False]",0.0,10.030604124069214,0.0,"{""acceptCount"": ""53"", ""allowBackslash"": ""FALSE"", ""compression"": ""on"", ""compressionMinSize"": ""1880"", ""connectionTimeout"": ""243230"", ""connectionUploadTimeout"": ""384339"", ""disableUploadTimeout"": ""TRUE"", ""executorTerminationTimeoutMillis"": ""529113"", ""keepAliveTimeout"": ""89344"", ""maxConnections"": ""9786"", ""maxHeaderCount"": ""426"", ""maxHttpHeaderSize"": ""36302"", ""maxHttpRequestHeaderSize"": ""63530"", ""maxHttpResponseHeaderSize"": ""16977"", ""maxKeepAliveRequests"": ""2177"", ""maxParameterCount"": ""4608"", ""maxSwallowSize"": ""6417439"", ""maxThreads"": ""80"", ""minSpareThreads"": ""642"", ""processorCache"": ""212"", ""tcpNoDelay"": ""FALSE"", ""threadPriority"": ""2"", ""threadsMaxIdleTime"": ""346007"", ""throughput__2"": ""1340.0"", ""useAsyncIO"": ""TRUE"", ""useVirtualThreads"": ""FALSE""}"
tomcat,tpe,3305,plain,false,67,1443.93,42.6,1443.93,10.024844884872437,"[8, 50, 10, False]",0.0,10.024732828140259,0.0,"{""acceptCount"": ""367"", ""allowBackslash"": ""FALSE"", ""compression"": ""off"", ""compressionMinSize"": ""7451"", ""connectionTimeout"": ""330605"", ""connectionUploadTimeout"": ""162179"", ""disableUploadTimeout"": ""TRUE"", ""executorTerminationTimeoutMillis"": ""390287"", ""keepAliveTimeout"": ""540691"", ""maxConnections"": ""4257"", ""maxHeaderCount"": ""136"", ""maxHttpHeaderSize"": ""24085"", ""maxHttpRequestHeaderSize"": ""17025"", ""maxHttpResponseHeaderSize"": ""21190"", ""maxKeepAliveRequests"": ""623"", ""maxParameterCount"": ""8172"", ""maxSwallowSize"": ""16514077"", ""maxThreads"": ""251"", ""minSpareThreads"": ""718"", ""processorCache"": ""363"", ""tcpNoDelay"": ""FALSE"", ""threadPriority"": ""7"", ""threadsMaxIdleTime"": ""438889"", ""throughput__2"": ""1443.93"", ""useAsyncIO"": ""TRUE"", ""useVirtualThreads"": ""FALSE""}"
tomcat,tpe,3305,plain,false,68,1398.94,40.92,1398.94,10.028106689453125,"[8, 50, 10, False]",0.0,10.028029203414917,0.0,"{""acceptCount"": ""312"", ""allowBackslash"": ""FALSE"", ""compression"": ""off"", ""compressionMinSize"": ""2917"", ""connectionTimeout"": ""311434"", ""connectionUploadTimeout"": ""48671"", ""disableUploadTimeout"": ""TRUE"", ""executorTerminationTimeoutMillis"": ""100331"", ""keepAliveTimeout"": ""238831"", ""maxConnections"": ""13288"", ""maxHeaderCount"": ""89"", ""maxHttpHeaderSize"": ""7742"", ""maxHttpRequestHeaderSize"": ""63482"", ""maxHttpResponseHeaderSize"": ""19912"", ""maxKeepAliveRequests"": ""2735"", ""maxParameterCount"": ""89029"", ""maxSwallowSize"": ""20524016"", ""maxThreads"": ""397"", ""minSpareThreads"": ""92"", ""processorCache"": ""329"", ""tcpNoDelay"": ""FALSE"", ""threadPriority"": ""10"", ""threadsMaxIdleTime"": ""197675"", ""throughput__2"": ""1398.94"", ""useAsyncIO"": ""TRUE"", ""useVirtualThreads"": ""FALSE""}"
tomcat,tpe,3305,plain,false,69,1242.55,39.76,1242.55,10.034212350845337,"[8, 50, 10, False]",0.0,10.03409457206726,0.0,"{""acceptCount"": ""772"", ""allowBackslash"": ""TRUE"", ""compression"": ""on"", ""compressionMinSize"": ""7234"", ""connectionTimeout"": ""428052"", ""connectionUploadTimeout"": ""495581"", ""disableUploadTimeout"": ""FALSE"", ""executorTerminationTimeoutMillis"": ""324552"", ""keepAliveTimeout"": ""431757"", ""maxConnections"": ""5513"", ""maxHeaderCount"": ""37"", ""maxHttpHeaderSize"": ""17487"", ""maxHttpRequestHeaderSize"": ""24300"", ""maxHttpResponseHeaderSize"": ""51528"", ""maxKeepAliveRequests"": ""2714"", ""maxParameterCount"": ""94929"", ""maxSwallowSize"": ""9085732"", ""maxThreads"": ""258"", ""minSpareThreads"": ""798"", ""processorCache"": ""290"", ""tcpNoDelay"": ""FALSE"", ""threadPriority"": ""9"", ""threadsMaxIdleTime"": ""431205"", ""throughput__2"": ""1242.55"", ""useAsyncIO"": ""FALSE"", ""useVirtualThreads"": ""TRUE""}"
tomcat,tpe,3305,plain,false,70,1342.06,42.78,1342.06,10.022956609725952,"[8, 50, 10, False]",0.0,10.022873878479004,0.0,"{""acceptCount"": ""334"", ""allowBackslash"": ""TRUE"", ""compression"": ""on"", ""compressionMinSize"": ""6716"", ""connectionTimeout"": ""554136"", ""connectionUploadTimeout"": ""351677"", ""disableUploadTimeout"": ""FALSE"", ""executorTerminationTimeoutMillis"": ""103190"", ""keepAliveTimeout"": ""414067"", ""maxConnections"": ""1415"", ""maxHeaderCount"": ""305"", ""maxHttpHeaderSize"": ""50435"", ""maxHttpRequestHeaderSize"": ""49994"", ""maxHttpResponseHeaderSize"": ""9186"", ""maxKeepAliveRequests"": ""4976"", ""maxParameterCount"": ""59679"", ""maxSwallowSize"": ""12954896"", ""maxThreads"": ""396"", ""minSpareThreads"": ""623"", ""processorCache"": ""123"", ""tcpNoDelay"": ""FALSE"", ""threadPriority"": ""6"", ""threadsMaxIdleTime"": ""234007"", ""throughput__2"": ""1342.06"", ""useAsyncIO"": ""FALSE"", ""useVirtualThreads"": ""FALSE""}"
tomcat,tpe,3305,plain,false,71,1345.21,42.98,1345.21,10.057779312133789,"[8, 50, 10, False]",0.0,10.057699203491211,0.0,"{""acceptCount"": ""162"", ""allowBackslash"": ""FALSE"", ""compression"": ""force"", ""compressionMinSize"": ""8424"", ""connectionTimeout"": ""99735"", ""connectionUploadTimeout"": ""422296"", ""disableUploadTimeout"": ""FALSE"", ""executorTerminationTimeoutMillis"": ""215823"", ""keepAliveTimeout"": ""582763"", ""maxConnections"": ""1051"", ""maxHeaderCount"": ""977"", ""maxHttpHeaderSize"": ""38036"", ""maxHttpRequestHeaderSize"": ""3078"", ""maxHttpResponseHeaderSize"": ""24987"", ""maxKeepAliveRequests"": ""3828"", ""maxParameterCount"": ""83561"", ""maxSwallowSize"": ""20695825"", ""maxThreads"": ""206"", ""minSpareThreads"": ""649"", ""processorCache"": ""213"", ""tcpNoDelay"": ""FALSE"", ""threadPriority"": ""10"", ""threadsMaxIdleTime"": ""413517"", ""throughput__2"": ""1345.21"", ""useAsyncIO"": ""FALSE"", ""useVirtualThreads"": ""FALSE""}"
tomcat,tpe,3305,plain,false,72,860.73,102.12,860.73,10.044066429138184,"[8, 50, 10, False]",0.0,10.043951272964478,0.0,"{""acceptCount"": ""4"", ""allowBackslash"": ""FALSE"", ""compression"": ""on"", ""compressionMinSize"": ""913"", ""connectionTimeout"": ""231272"", ""connectionUploadTimeout"": ""139244"", ""disableUploadTimeout"": ""TRUE"", ""executorTerminationTimeoutMillis"": ""42397"", ""keepAliveTimeout"": ""229663"", ""maxConnections"": ""6730"", ""maxHeaderCount"": ""130"", ""maxHttpHeaderSize"": ""63173"", ""maxHttpRequestHeaderSize"": ""46202"", ""maxHttpResponseHeaderSize"": ""65486"", ""maxKeepAliveRequests"": ""4336"", ""maxParameterCount"": ""42647"", ""maxSwallowSize"": ""13313336"", ""maxThreads"": ""1"", ""minSpareThreads"": ""129"", ""processorCache"": ""162"", ""tcpNoDelay"": ""FALSE"", ""threadPriority"": ""9"", ""threadsMaxIdleTime"": ""163443"", ""throughput__2"": ""860.73"", ""useAsyncIO"": ""TRUE"", ""useVirtualThreads"": ""FALSE""}"
tomcat,tpe,3305,plain,false,73,1229.05,40.27,1229.05,10.04984998703003,"[8, 50, 10, False]",0.0,10.049768447875977,0.0,"{""acceptCount"": ""79"", ""allowBackslash"": ""FALSE"", ""compression"": ""off"", ""compressionMinSize"": ""9527"", ""connectionTimeout"": ""579150"", ""connectionUploadTimeout"": ""556577"", ""disableUploadTimeout"": ""TRUE"", ""executorTerminationTimeoutMillis"": ""331704"", ""keepAliveTimeout"": ""36682"", ""maxConnections"": ""5330"", ""maxHeaderCount"": ""810"", ""maxHttpHeaderSize"": ""3438"", ""maxHttpRequestHeaderSize"": ""32103"", ""maxHttpResponseHeaderSize"": ""45064"", ""maxKeepAliveRequests"": ""116"", ""maxParameterCount"": ""13974"", ""maxSwallowSize"": ""14220949"", ""maxThreads"": ""165"", ""minSpareThreads"": ""457"", ""processorCache"": ""64"", ""tcpNoDelay"": ""FALSE"", ""threadPriority"": ""3"", ""threadsMaxIdleTime"": ""269787"", ""throughput__2"": ""1229.05"", ""useAsyncIO"": ""FALSE"", ""useVirtualThreads"": ""TRUE""}"
tomcat,tpe,3305,plain,false,74,1327.34,47.49,1327.34,10.059223651885986,"[8, 50, 10, False]",0.0,10.05913233757019,0.0,"{""acceptCount"": ""975"", ""allowBackslash"": ""FALSE"", ""compression"": ""on"", ""compressionMinSize"": ""8859"", ""connectionTimeout"": ""273513"", ""connectionUploadTimeout"": ""7797"", ""disableUploadTimeout"": ""FALSE"", ""executorTerminationTimeoutMillis"": ""267044"", ""keepAliveTimeout"": ""97321"", ""maxConnections"": ""3305"", ""maxHeaderCount"": ""841"", ""maxHttpHeaderSize"": ""7448"", ""maxHttpRequestHeaderSize"": ""49286"", ""maxHttpResponseHeaderSize"": ""10504"", ""maxKeepAliveRequests"": ""3156"", ""maxParameterCount"": ""1528"", ""maxSwallowSize"": ""10416044"", ""maxThreads"": ""360"", ""minSpareThreads"": ""229"", ""processorCache"": ""54"", ""tcpNoDelay"": ""TRUE"", ""threadPriority"": ""10"", ""threadsMaxIdleTime"": ""174546"", ""throughput__2"": ""1327.34"", ""useAsyncIO"": ""TRUE"", ""useVirtualThreads"": ""FALSE""}"
tomcat,tpe,3305,plain,false,75,1516.28,38.63,1516.28,10.0194571018219,"[8, 50, 10, False]",0.0,10.01936936378479,0.0,"{""acceptCount"": ""739"", ""allowBackslash"": ""TRUE"", ""compression"": ""on"", ""compressionMinSize"": ""6778"", ""connectionTimeout"": ""40137"", ""connectionUploadTimeout"": ""527807"", ""disableUploadTimeout"": ""TRUE"", ""executorTerminationTimeoutMillis"": ""177511"", ""keepAliveTimeout"": ""294003"", ""maxConnections"": ""11675"", ""maxHeaderCount"": ""583"", ""maxHttpHeaderSize"": ""10120"", ""maxHttpRequestHeaderSize"": ""25967"", ""maxHttpResponseHeaderSize"": ""59957"", ""maxKeepAliveRequests"": ""1783"", ""maxParameterCount"": ""59201"", ""maxSwallowSize"": ""6269315"", ""maxThreads"": ""191"", ""minSpareThreads"": ""945"", ""processorCache"": ""375"", ""tcpNoDelay"": ""FALSE"", ""threadPriority"": ""1"", ""threadsMaxIdleTime"": ""537722"", ""throughput__2"": ""1516.28"", ""useAsyncIO"": ""TRUE"", ""useVirtualThreads"": ""FALSE""}"
tomcat,tpe,3305,plain,false,76,1403.27,42.56,1403.27,10.023228645324707,"[8, 50, 10, False]",0.0,10.023147583007812,0.0,"{""acceptCount"": ""96"", ""allowBackslash"": ""TRUE"", ""compression"": ""force"", ""compressionMinSize"": ""7417"", ""connectionTimeout"": ""185706"", ""connectionUploadTimeout"": ""449483"", ""disableUploadTimeout"": ""FALSE"", ""executorTerminationTimeoutMillis"": ""507384"", ""keepAliveTimeout"": ""567799"", ""maxConnections"": ""13274"", ""maxHeaderCount"": ""284"", ""maxHttpHeaderSize"": ""31074"", ""maxHttpRequestHeaderSize"": ""16330"", ""maxHttpResponseHeaderSize"": ""47084"", ""maxKeepAliveRequests"": ""4102"", ""maxParameterCount"": ""76824"", ""maxSwallowSize"": ""19024199"", ""maxThreads"": ""82"", ""minSpareThreads"": ""805"", ""processorCache"": ""310"", ""tcpNoDelay"": ""FALSE"", ""threadPriority"": ""5"", ""threadsMaxIdleTime"": ""336339"", ""throughput__2"": ""1403.27"", ""useAsyncIO"": ""FALSE"", ""useVirtualThreads"": ""FALSE""}"
tomcat,tpe,3305,plain,false,77,1347.42,43.74,1347.42,10.065120935440063,"[8, 50, 10, False]",0.0,10.065035343170166,0.0,"{""acceptCount"": ""437"", ""allowBackslash"": ""FALSE"", ""compression"": ""force"", ""compressionMinSize"": ""1183"", ""connectionTimeout"": ""548192"", ""connectionUploadTimeout"": ""224041"", ""disableUploadTimeout"": ""FALSE"", ""executorTerminationTimeoutMillis"": ""193628"", ""keepAliveTimeout"": ""434299"", ""maxConnections"": ""76"", ""maxHeaderCount"": ""541"", ""maxHttpHeaderSize"": ""21926"", ""maxHttpRequestHeaderSize"": ""46678"", ""maxHttpResponseHeaderSize"": ""20144"", ""maxKeepAliveRequests"": ""4572"", ""maxParameterCount"": ""7586"", ""maxSwallowSize"": ""10041200"", ""maxThreads"": ""234"", ""minSpareThreads"": ""574"", ""processorCache"": ""40"", ""tcpNoDelay"": ""FALSE"", ""threadPriority"": ""9"", ""threadsMaxIdleTime"": ""221778"", ""throughput__2"": ""1347.42"", ""useAsyncIO"": ""TRUE"", ""useVirtualThreads"": ""FALSE""}"
tomcat,tpe,3305,plain,false,78,1442.35,40.99,1442.35,10.019805669784546,"[8, 50, 10, False]",0.0,10.0197172164917,0.0,"{""acceptCount"": ""383"", ""allowBackslash"": ""FALSE"", ""compression"": ""force"", ""compressionMinSize"": ""8089"", ""connectionTimeout"": ""397820"", ""connectionUploadTimeout"": ""470369"", ""disableUploadTimeout"": ""TRUE"", ""executorTerminationTimeoutMillis"": ""104465"", ""keepAliveTimeout"": ""563881"", ""maxConnections"": ""6319"", ""maxHeaderCount"": ""206"", ""maxHttpHeaderSize"": ""10576"", ""maxHttpRequestHeaderSize"": ""43950"", ""maxHttpResponseHeaderSize"": ""7844"", ""maxKeepAliveRequests"": ""4137"", ""maxParameterCount"": ""19974"", ""maxSwallowSize"": ""19285728"", ""maxThreads"": ""279"", ""minSpareThreads"": ""410"", ""processorCache"": ""182"", ""tcpNoDelay"": ""FALSE"", ""threadPriority"": ""7"", ""threadsMaxIdleTime"": ""535841"", ""throughput__2"": ""1442.35"", ""useAsyncIO"": ""TRUE"", ""useVirtualThreads"": ""FALSE""}"
tomcat,tpe,3305,plain,false,79,1338.22,36.68,1338.22,10.034136056900024,"[8, 50, 10, False]",0.0,10.03405213356018,0.0,"{""acceptCount"": ""992"", ""allowBackslash"": ""FALSE"", ""compression"": ""force"", ""compressionMinSize"": ""6264"", ""connectionTimeout"": ""147769"", ""connectionUploadTimeout"": ""73514"", ""disableUploadTimeout"": ""FALSE"", ""executorTerminationTimeoutMillis"": ""476677"", ""keepAliveTimeout"": ""246162"", ""maxConnections"": ""1103"", ""maxHeaderCount"": ""453"", ""maxHttpHeaderSize"": ""10987"", ""maxHttpRequestHeaderSize"": ""55856"", ""maxHttpResponseHeaderSize"": ""42770"", ""maxKeepAliveRequests"": ""340"", ""maxParameterCount"": ""89385"", ""maxSwallowSize"": ""20210215"", ""maxThreads"": ""277"", ""minSpareThreads"": ""351"", ""processorCache"": ""185"", ""tcpNoDelay"": ""FALSE"", ""threadPriority"": ""9"", ""threadsMaxIdleTime"": ""214525"", ""throughput__2"": ""1338.22"", ""useAsyncIO"": ""TRUE"", ""useVirtualThreads"": ""TRUE""}"
tomcat,tpe,3305,plain,false,80,1372.81,40.55,1372.81,10.033829689025879,"[8, 50, 10, False]",0.0,10.033734321594238,0.0,"{""acceptCount"": ""759"", ""allowBackslash"": ""FALSE"", ""compression"": ""off"", ""compressionMinSize"": ""3060"", ""connectionTimeout"": ""413349"", ""connectionUploadTimeout"": ""164314"", ""disableUploadTimeout"": ""TRUE"", ""executorTerminationTimeoutMillis"": ""387169"", ""keepAliveTimeout"": ""554617"", ""maxConnections"": ""7447"", ""maxHeaderCount"": ""648"", ""maxHttpHeaderSize"": ""25507"", ""maxHttpRequestHeaderSize"": ""7661"", ""maxHttpResponseHeaderSize"": ""13472"", ""maxKeepAliveRequests"": ""116"", ""maxParameterCount"": ""36147"", ""maxSwallowSize"": ""14561083"", ""maxThreads"": ""30"", ""minSpareThreads"": ""369"", ""processorCache"": ""177"", ""tcpNoDelay"": ""FALSE"", ""threadPriority"": ""8"", ""threadsMaxIdleTime"": ""438882"", ""throughput__2"": ""1372.81"", ""useAsyncIO"": ""TRUE"", ""useVirtualThreads"": ""FALSE""}"
tomcat,tpe,3305,plain,false,81,1428.95,44.0,1428.95,10.020879030227661,"[8, 50, 10, False]",0.0,10.020798444747925,0.0,"{""acceptCount"": ""694"", ""allowBackslash"": ""FALSE"", ""compression"": ""force"", ""compressionMinSize"": ""8235"", ""connectionTimeout"": ""88251"", ""connectionUploadTimeout"": ""525036"", ""disableUploadTimeout"": ""TRUE"", ""executorTerminationTimeoutMillis"": ""129112"", ""keepAliveTimeout"": ""350401"", ""maxConnections"": ""13622"", ""maxHeaderCount"": ""902"", ""maxHttpHeaderSize"": ""10423"", ""maxHttpRequestHeaderSize"": ""21159"", ""maxHttpResponseHeaderSize"": ""41989"", ""maxKeepAliveRequests"": ""1925"", ""maxParameterCount"": ""30444"", ""maxSwallowSize"": ""12082792"", ""maxThreads"": ""306"", ""minSpareThreads"": ""987"", ""processorCache"": ""371"", ""tcpNoDelay"": ""FALSE"", ""threadPriority"": ""5"", ""threadsMaxIdleTime"": ""553694"", ""throughput__2"": ""1428.95"", ""useAsyncIO"": ""TRUE"", ""useVirtualThreads"": ""FALSE""}"
tomcat,tpe,3305,plain,false,82,1306.52,48.24,1306.52,10.109043598175049,"[8, 50, 10, False]",0.0,10.10895562171936,0.0,"{""acceptCount"": ""626"", ""allowBackslash"": ""FALSE"", ""compression"": ""force"", ""compressionMinSize"": ""4536"", ""connectionTimeout"": ""12038"", ""connectionUploadTimeout"": ""91299"", ""disableUploadTimeout"": ""TRUE"", ""executorTerminationTimeoutMillis"": ""368317"", ""keepAliveTimeout"": ""158143"", ""maxConnections"": ""2431"", ""maxHeaderCount"": ""897"", ""maxHttpHeaderSize"": ""52698"", ""maxHttpRequestHeaderSize"": ""2805"", ""maxHttpResponseHeaderSize"": ""40957"", ""maxKeepAliveRequests"": ""2522"", ""maxParameterCount"": ""39181"", ""maxSwallowSize"": ""5492312"", ""maxThreads"": ""276"", ""minSpareThreads"": ""1000"", ""processorCache"": ""46"", ""tcpNoDelay"": ""FALSE"", ""threadPriority"": ""3"", ""threadsMaxIdleTime"": ""543460"", ""throughput__2"": ""1306.52"", ""useAsyncIO"": ""TRUE"", ""useVirtualThreads"": ""FALSE""}"
tomcat,tpe,3305,plain,false,83,1291.88,38.01,1291.88,10.034115076065063,"[8, 50, 10, False]",0.0,10.033999919891357,0.0,"{""acceptCount"": ""487"", ""allowBackslash"": ""TRUE"", ""compression"": ""on"", ""compressionMinSize"": ""753"", ""connectionTimeout"": ""63261"", ""connectionUploadTimeout"": ""23982"", ""disableUploadTimeout"": ""FALSE"", ""executorTerminationTimeoutMillis"": ""593209"", ""keepAliveTimeout"": ""385384"", ""maxConnections"": ""7272"", ""maxHeaderCount"": ""736"", ""maxHttpHeaderSize"": ""8590"", ""maxHttpRequestHeaderSize"": ""2945"", ""maxHttpResponseHeaderSize"": ""48943"", ""maxKeepAliveRequests"": ""3935"", ""maxParameterCount"": ""98209"", ""maxSwallowSize"": ""16216169"", ""maxThreads"": ""348"", ""minSpareThreads"": ""586"", ""processorCache"": ""33"", ""tcpNoDelay"": ""FALSE"", ""threadPriority"": ""4"", ""threadsMaxIdleTime"": ""364456"", ""throughput__2"": ""1291.88"", ""useAsyncIO"": ""FALSE"", ""useVirtualThreads"": ""TRUE""}"
tomcat,tpe,3305,plain,false,84,1379.27,41.05,1379.27,10.049111366271973,"[8, 50, 10, False]",0.0,10.049030542373657,0.0,"{""acceptCount"": ""555"", ""allowBackslash"": ""FALSE"", ""compression"": ""force"", ""compressionMinSize"": ""4924"", ""connectionTimeout"": ""578157"", ""connectionUploadTimeout"": ""178959"", ""disableUploadTimeout"": ""TRUE"", ""executorTerminationTimeoutMillis"": ""194081"", ""keepAliveTimeout"": ""552993"", ""maxConnections"": ""14436"", ""maxHeaderCount"": ""145"", ""maxHttpHeaderSize"": ""2844"", ""maxHttpRequestHeaderSize"": ""27544"", ""maxHttpResponseHeaderSize"": ""2351"", ""maxKeepAliveRequests"": ""2931"", ""maxParameterCount"": ""30862"", ""maxSwallowSize"": ""16051674"", ""maxThreads"": ""353"", ""minSpareThreads"": ""694"", ""processorCache"": ""265"", ""tcpNoDelay"": ""TRUE"", ""threadPriority"": ""7"", ""threadsMaxIdleTime"": ""422601"", ""throughput__2"": ""1379.27"", ""useAsyncIO"": ""TRUE"", ""useVirtualThreads"": ""FALSE""}"
tomcat,tpe,3305,plain,false,85,1327.85,46.69,1327.85,10.028659582138062,"[8, 50, 10, False]",0.0,10.02856969833374,0.0,"{""acceptCount"": ""831"", ""allowBackslash"": ""TRUE"", ""compression"": ""on"", ""compressionMinSize"": ""460"", ""connectionTimeout"": ""111115"", ""connectionUploadTimeout"": ""233637"", ""disableUploadTimeout"": ""TRUE"", ""executorTerminationTimeoutMillis"": ""324459"", ""keepAliveTimeout"": ""477578"", ""maxConnections"": ""4993"", ""maxHeaderCount"": ""94"", ""maxHttpHeaderSize"": ""8491"", ""maxHttpRequestHeaderSize"": ""28494"", ""maxHttpResponseHeaderSize"": ""59252"", ""maxKeepAliveRequests"": ""1098"", ""maxParameterCount"": ""87365"", ""maxSwallowSize"": ""108486"", ""maxThreads"": ""119"", ""minSpareThreads"": ""575"", ""processorCache"": ""66"", ""tcpNoDelay"": ""FALSE"", ""threadPriority"": ""1"", ""threadsMaxIdleTime"": ""414497"", ""throughput__2"": ""1327.85"", ""useAsyncIO"": ""TRUE"", ""useVirtualThreads"": ""FALSE""}"
tomcat,tpe,3305,plain,false,86,1343.79,44.85,1343.79,10.023188352584839,"[8, 50, 10, False]",0.0,10.02310824394226,0.0,"{""acceptCount"": ""789"", ""allowBackslash"": ""FALSE"", ""compression"": ""on"", ""compressionMinSize"": ""3872"", ""connectionTimeout"": ""98682"", ""connectionUploadTimeout"": ""592522"", ""disableUploadTimeout"": ""TRUE"", ""executorTerminationTimeoutMillis"": ""418226"", ""keepAliveTimeout"": ""299882"", ""maxConnections"": ""6998"", ""maxHeaderCount"": ""894"", ""maxHttpHeaderSize"": ""1509"", ""maxHttpRequestHeaderSize"": ""56893"", ""maxHttpResponseHeaderSize"": ""32287"", ""maxKeepAliveRequests"": ""4472"", ""maxParameterCount"": ""12238"", ""maxSwallowSize"": ""15626122"", ""maxThreads"": ""101"", ""minSpareThreads"": ""911"", ""processorCache"": ""266"", ""tcpNoDelay"": ""FALSE"", ""threadPriority"": ""7"", ""threadsMaxIdleTime"": ""563886"", ""throughput__2"": ""1343.79"", ""useAsyncIO"": ""FALSE"", ""useVirtualThreads"": ""FALSE""}"
tomcat,tpe,3305,plain,false,87,1470.45,37.35,1470.45,10.024962425231934,"[8, 50, 10, False]",0.0,10.024882316589355,0.0,"{""acceptCount"": ""883"", ""allowBackslash"": ""FALSE"", ""compression"": ""on"", ""compressionMinSize"": ""5172"", ""connectionTimeout"": ""196579"", ""connectionUploadTimeout"": ""449620"", ""disableUploadTimeout"": ""TRUE"", ""executorTerminationTimeoutMillis"": ""204137"", ""keepAliveTimeout"": ""75148"", ""maxConnections"": ""19967"", ""maxHeaderCount"": ""926"", ""maxHttpHeaderSize"": ""46639"", ""maxHttpRequestHeaderSize"": ""33258"", ""maxHttpResponseHeaderSize"": ""63622"", ""maxKeepAliveRequests"": ""4262"", ""maxParameterCount"": ""41736"", ""maxSwallowSize"": ""4217669"", ""maxThreads"": ""254"", ""minSpareThreads"": ""759"", ""processorCache"": ""337"", ""tcpNoDelay"": ""FALSE"", ""threadPriority"": ""9"", ""threadsMaxIdleTime"": ""236724"", ""throughput__2"": ""1470.45"", ""useAsyncIO"": ""TRUE"", ""useVirtualThreads"": ""FALSE""}"
tomcat,tpe,3305,plain,false,88,1450.0,37.29,1450.0,10.023873329162598,"[8, 50, 10, False]",0.0,10.023791313171387,0.0,"{""acceptCount"": ""591"", ""allowBackslash"": ""FALSE"", ""compression"": ""on"", ""compressionMinSize"": ""8168"", ""connectionTimeout"": ""422678"", ""connectionUploadTimeout"": ""363789"", ""disableUploadTimeout"": ""TRUE"", ""executorTerminationTimeoutMillis"": ""467692"", ""keepAliveTimeout"": ""34202"", ""maxConnections"": ""19901"", ""maxHeaderCount"": ""874"", ""maxHttpHeaderSize"": ""63539"", ""maxHttpRequestHeaderSize"": ""5483"", ""maxHttpResponseHeaderSize"": ""35275"", ""maxKeepAliveRequests"": ""3828"", ""maxParameterCount"": ""88899"", ""maxSwallowSize"": ""8566140"", ""maxThreads"": ""29"", ""minSpareThreads"": ""807"", ""processorCache"": ""175"", ""tcpNoDelay"": ""FALSE"", ""threadPriority"": ""8"", ""threadsMaxIdleTime"": ""514059"", ""throughput__2"": ""1450.0"", ""useAsyncIO"": ""TRUE"", ""useVirtualThreads"": ""FALSE""}"
tomcat,tpe,3305,plain,false,89,1351.39,36.84,1351.39,10.018038511276245,"[8, 50, 10, False]",0.0,10.017958164215088,0.0,"{""acceptCount"": ""87"", ""allowBackslash"": ""TRUE"", ""compression"": ""on"", ""compressionMinSize"": ""6905"", ""connectionTimeout"": ""435743"", ""connectionUploadTimeout"": ""231081"", ""disableUploadTimeout"": ""TRUE"", ""executorTerminationTimeoutMillis"": ""367534"", ""keepAliveTimeout"": ""586993"", ""maxConnections"": ""363"", ""maxHeaderCount"": ""770"", ""maxHttpHeaderSize"": ""27587"", ""maxHttpRequestHeaderSize"": ""14094"", ""maxHttpResponseHeaderSize"": ""38848"", ""maxKeepAliveRequests"": ""815"", ""maxParameterCount"": ""44588"", ""maxSwallowSize"": ""185477"", ""maxThreads"": ""6"", ""minSpareThreads"": ""217"", ""processorCache"": ""303"", ""tcpNoDelay"": ""FALSE"", ""threadPriority"": ""6"", ""threadsMaxIdleTime"": ""274897"", ""throughput__2"": ""1351.39"", ""useAsyncIO"": ""TRUE"", ""useVirtualThreads"": ""TRUE""}"
tomcat,tpe,3305,plain,false,90,1249.27,86.4,1249.27,10.160749912261963,"[8, 50, 10, False]",0.0,10.160663843154907,0.0,"{""acceptCount"": ""290"", ""allowBackslash"": ""FALSE"", ""compression"": ""force"", ""compressionMinSize"": ""1823"", ""connectionTimeout"": ""318897"", ""connectionUploadTimeout"": ""553660"", ""disableUploadTimeout"": ""TRUE"", ""executorTerminationTimeoutMillis"": ""240943"", ""keepAliveTimeout"": ""337516"", ""maxConnections"": ""3689"", ""maxHeaderCount"": ""272"", ""maxHttpHeaderSize"": ""21960"", ""maxHttpRequestHeaderSize"": ""43557"", ""maxHttpResponseHeaderSize"": ""21168"", ""maxKeepAliveRequests"": ""1921"", ""maxParameterCount"": ""49057"", ""maxSwallowSize"": ""17796348"", ""maxThreads"": ""208"", ""minSpareThreads"": ""120"", ""processorCache"": ""188"", ""tcpNoDelay"": ""FALSE"", ""threadPriority"": ""3"", ""threadsMaxIdleTime"": ""561695"", ""throughput__2"": ""1249.27"", ""useAsyncIO"": ""TRUE"", ""useVirtualThreads"": ""FALSE""}"
tomcat,tpe,3305,plain,false,91,1299.99,37.54,1299.99,10.018279314041138,"[8, 50, 10, False]",0.0,10.018187046051025,0.0,"{""acceptCount"": ""44"", ""allowBackslash"": ""FALSE"", ""compression"": ""on"", ""compressionMinSize"": ""723"", ""connectionTimeout"": ""569839"", ""connectionUploadTimeout"": ""50394"", ""disableUploadTimeout"": ""TRUE"", ""executorTerminationTimeoutMillis"": ""90943"", ""keepAliveTimeout"": ""165579"", ""maxConnections"": ""4731"", ""maxHeaderCount"": ""843"", ""maxHttpHeaderSize"": ""16595"", ""maxHttpRequestHeaderSize"": ""40019"", ""maxHttpResponseHeaderSize"": ""4983"", ""maxKeepAliveRequests"": ""3451"", ""maxParameterCount"": ""76701"", ""maxSwallowSize"": ""13389487"", ""maxThreads"": ""234"", ""minSpareThreads"": ""569"", ""processorCache"": ""99"", ""tcpNoDelay"": ""FALSE"", ""threadPriority"": ""8"", ""threadsMaxIdleTime"": ""312430"", ""throughput__2"": ""1299.99"", ""useAsyncIO"": ""TRUE"", ""useVirtualThreads"": ""TRUE""}"
tomcat,tpe,3305,plain,false,92,1333.68,36.88,1333.68,10.042037725448608,"[8, 50, 10, False]",0.0,10.041957139968872,0.0,"{""acceptCount"": ""346"", ""allowBackslash"": ""FALSE"", ""compression"": ""on"", ""compressionMinSize"": ""7738"", ""connectionTimeout"": ""171049"", ""connectionUploadTimeout"": ""147515"", ""disableUploadTimeout"": ""TRUE"", ""executorTerminationTimeoutMillis"": ""398865"", ""keepAliveTimeout"": ""553083"", ""maxConnections"": ""12993"", ""maxHeaderCount"": ""728"", ""maxHttpHeaderSize"": ""53771"", ""maxHttpRequestHeaderSize"": ""14033"", ""maxHttpResponseHeaderSize"": ""59642"", ""maxKeepAliveRequests"": ""4131"", ""maxParameterCount"": ""34863"", ""maxSwallowSize"": ""1807525"", ""maxThreads"": ""280"", ""minSpareThreads"": ""825"", ""processorCache"": ""81"", ""tcpNoDelay"": ""FALSE"", ""threadPriority"": ""6"", ""threadsMaxIdleTime"": ""482716"", ""throughput__2"": ""1333.68"", ""useAsyncIO"": ""FALSE"", ""useVirtualThreads"": ""TRUE""}"
tomcat,tpe,3305,plain,false,93,1288.94,38.29,1288.94,10.043627262115479,"[8, 50, 10, False]",0.0,10.043540716171265,0.0,"{""acceptCount"": ""240"", ""allowBackslash"": ""FALSE"", ""compression"": ""off"", ""compressionMinSize"": ""9229"", ""connectionTimeout"": ""159365"", ""connectionUploadTimeout"": ""149315"", ""disableUploadTimeout"": ""TRUE"", ""executorTerminationTimeoutMillis"": ""311017"", ""keepAliveTimeout"": ""595516"", ""maxConnections"": ""2657"", ""maxHeaderCount"": ""95"", ""maxHttpHeaderSize"": ""3369"", ""maxHttpRequestHeaderSize"": ""16978"", ""maxHttpResponseHeaderSize"": ""64251"", ""maxKeepAliveRequests"": ""2714"", ""maxParameterCount"": ""36185"", ""maxSwallowSize"": ""1335947"", ""maxThreads"": ""341"", ""minSpareThreads"": ""546"", ""processorCache"": ""369"", ""tcpNoDelay"": ""FALSE"", ""threadPriority"": ""10"", ""threadsMaxIdleTime"": ""17801"", ""throughput__2"": ""1288.94"", ""useAsyncIO"": ""TRUE"", ""useVirtualThreads"": ""TRUE""}"
tomcat,tpe,3305,plain,false,94,1424.79,35.79,1424.79,10.029991865158081,"[8, 50, 10, False]",0.0,10.02990460395813,0.0,"{""acceptCount"": ""968"", ""allowBackslash"": ""FALSE"", ""compression"": ""on"", ""compressionMinSize"": ""3183"", ""connectionTimeout"": ""64302"", ""connectionUploadTimeout"": ""599189"", ""disableUploadTimeout"": ""TRUE"", ""executorTerminationTimeoutMillis"": ""290198"", ""keepAliveTimeout"": ""10575"", ""maxConnections"": ""6571"", ""maxHeaderCount"": ""927"", ""maxHttpHeaderSize"": ""35538"", ""maxHttpRequestHeaderSize"": ""36629"", ""maxHttpResponseHeaderSize"": ""43754"", ""maxKeepAliveRequests"": ""2620"", ""maxParameterCount"": ""22694"", ""maxSwallowSize"": ""772986"", ""maxThreads"": ""22"", ""minSpareThreads"": ""349"", ""processorCache"": ""339"", ""tcpNoDelay"": ""FALSE"", ""threadPriority"": ""7"", ""threadsMaxIdleTime"": ""273233"", ""throughput__2"": ""1424.79"", ""useAsyncIO"": ""TRUE"", ""useVirtualThreads"": ""FALSE""}"
tomcat,tpe,3305,plain,false,95,1349.96,46.57,1349.96,10.071624994277954,"[8, 50, 10, False]",0.0,10.071537017822266,0.0,"{""acceptCount"": ""827"", ""allowBackslash"": ""TRUE"", ""compression"": ""on"", ""compressionMinSize"": ""6735"", ""connectionTimeout"": ""299166"", ""connectionUploadTimeout"": ""114833"", ""disableUploadTimeout"": ""TRUE"", ""executorTerminationTimeoutMillis"": ""26192"", ""keepAliveTimeout"": ""178077"", ""maxConnections"": ""12407"", ""maxHeaderCount"": ""731"", ""maxHttpHeaderSize"": ""32280"", ""maxHttpRequestHeaderSize"": ""46438"", ""maxHttpResponseHeaderSize"": ""48842"", ""maxKeepAliveRequests"": ""1665"", ""maxParameterCount"": ""83204"", ""maxSwallowSize"": ""9209395"", ""maxThreads"": ""187"", ""minSpareThreads"": ""899"", ""processorCache"": ""386"", ""tcpNoDelay"": ""FALSE"", ""threadPriority"": ""3"", ""threadsMaxIdleTime"": ""451082"", ""throughput__2"": ""1349.96"", ""useAsyncIO"": ""TRUE"", ""useVirtualThreads"": ""FALSE""}"
tomcat,tpe,3305,plain,false,96,1472.28,39.97,1472.28,10.018592596054077,"[8, 50, 10, False]",0.0,10.018503189086914,0.0,"{""acceptCount"": ""184"", ""allowBackslash"": ""TRUE"", ""compression"": ""on"", ""compressionMinSize"": ""8351"", ""connectionTimeout"": ""230822"", ""connectionUploadTimeout"": ""458260"", ""disableUploadTimeout"": ""TRUE"", ""executorTerminationTimeoutMillis"": ""393788"", ""keepAliveTimeout"": ""460554"", ""maxConnections"": ""8250"", ""maxHeaderCount"": ""369"", ""maxHttpHeaderSize"": ""41263"", ""maxHttpRequestHeaderSize"": ""2186"", ""maxHttpResponseHeaderSize"": ""23500"", ""maxKeepAliveRequests"": ""690"", ""maxParameterCount"": ""49807"", ""maxSwallowSize"": ""2960780"", ""maxThreads"": ""223"", ""minSpareThreads"": ""851"", ""processorCache"": ""359"", ""tcpNoDelay"": ""FALSE"", ""threadPriority"": ""2"", ""threadsMaxIdleTime"": ""369018"", ""throughput__2"": ""1472.28"", ""useAsyncIO"": ""TRUE"", ""useVirtualThreads"": ""FALSE""}"
tomcat,tpe,3305,plain,false,97,1420.55,48.53,1420.55,10.208052635192871,"[8, 50, 10, False]",0.0,10.207930564880371,0.0,"{""acceptCount"": ""116"", ""allowBackslash"": ""FALSE"", ""compression"": ""off"", ""compressionMinSize"": ""1253"", ""connectionTimeout"": ""346971"", ""connectionUploadTimeout"": ""153650"", ""disableUploadTimeout"": ""TRUE"", ""executorTerminationTimeoutMillis"": ""222945"", ""keepAliveTimeout"": ""465485"", ""maxConnections"": ""1776"", ""maxHeaderCount"": ""344"", ""maxHttpHeaderSize"": ""63061"", ""maxHttpRequestHeaderSize"": ""30214"", ""maxHttpResponseHeaderSize"": ""27256"", ""maxKeepAliveRequests"": ""3193"", ""maxParameterCount"": ""8976"", ""maxSwallowSize"": ""8728852"", ""maxThreads"": ""305"", ""minSpareThreads"": ""659"", ""processorCache"": ""248"", ""tcpNoDelay"": ""FALSE"", ""threadPriority"": ""8"", ""threadsMaxIdleTime"": ""291627"", ""throughput__2"": ""1420.55"", ""useAsyncIO"": ""TRUE"", ""useVirtualThreads"": ""FALSE""}"
tomcat,tpe,3305,plain,false,98,1326.87,37.08,1326.87,10.01623010635376,"[8, 50, 10, False]",0.0,10.016136646270752,0.0,"{""acceptCount"": ""477"", ""allowBackslash"": ""TRUE"", ""compression"": ""off"", ""compressionMinSize"": ""8174"", ""connectionTimeout"": ""440296"", ""connectionUploadTimeout"": ""567480"", ""disableUploadTimeout"": ""FALSE"", ""executorTerminationTimeoutMillis"": ""112595"", ""keepAliveTimeout"": ""437044"", ""maxConnections"": ""10811"", ""maxHeaderCount"": ""755"", ""maxHttpHeaderSize"": ""14295"", ""maxHttpRequestHeaderSize"": ""9127"", ""maxHttpResponseHeaderSize"": ""4848"", ""maxKeepAliveRequests"": ""4485"", ""maxParameterCount"": ""77178"", ""maxSwallowSize"": ""15200436"", ""maxThreads"": ""338"", ""minSpareThreads"": ""889"", ""processorCache"": ""392"", ""tcpNoDelay"": ""FALSE"", ""threadPriority"": ""4"", ""threadsMaxIdleTime"": ""311888"", ""throughput__2"": ""1326.87"", ""useAsyncIO"": ""FALSE"", ""useVirtualThreads"": ""TRUE""}"
tomcat,tpe,3305,plain,false,99,1358.1,36.0,1358.1,10.014860153198242,"[8, 50, 10, False]",0.0,10.014774799346924,0.0,"{""acceptCount"": ""691"", ""allowBackslash"": ""FALSE"", ""compression"": ""on"", ""compressionMinSize"": ""3824"", ""connectionTimeout"": ""484611"", ""connectionUploadTimeout"": ""116695"", ""disableUploadTimeout"": ""TRUE"", ""executorTerminationTimeoutMillis"": ""517172"", ""keepAliveTimeout"": ""2"", ""maxConnections"": ""16215"", ""maxHeaderCount"": ""723"", ""maxHttpHeaderSize"": ""51509"", ""maxHttpRequestHeaderSize"": ""37165"", ""maxHttpResponseHeaderSize"": ""48638"", ""maxKeepAliveRequests"": ""4013"", ""maxParameterCount"": ""88288"", ""maxSwallowSize"": ""9206553"", ""maxThreads"": ""41"", ""minSpareThreads"": ""494"", ""processorCache"": ""366"", ""tcpNoDelay"": ""FALSE"", ""threadPriority"": ""3"", ""threadsMaxIdleTime"": ""133889"", ""throughput__2"": ""1358.1"", ""useAsyncIO"": ""TRUE"", ""useVirtualThreads"": ""TRUE""}"
tomcat,tpe,3305,plain,false,100,1207.56,48.7,1207.56,10.057974576950073,"[8, 50, 10, False]",0.0,10.057881116867065,0.0,"{""acceptCount"": ""246"", ""allowBackslash"": ""FALSE"", ""compression"": ""on"", ""compressionMinSize"": ""8068"", ""connectionTimeout"": ""305299"", ""connectionUploadTimeout"": ""388490"", ""disableUploadTimeout"": ""TRUE"", ""executorTerminationTimeoutMillis"": ""218018"", ""keepAliveTimeout"": ""163444"", ""maxConnections"": ""12658"", ""maxHeaderCount"": ""196"", ""maxHttpHeaderSize"": ""57578"", ""maxHttpRequestHeaderSize"": ""9837"", ""maxHttpResponseHeaderSize"": ""39325"", ""maxKeepAliveRequests"": ""18"", ""maxParameterCount"": ""15096"", ""maxSwallowSize"": ""12848737"", ""maxThreads"": ""244"", ""minSpareThreads"": ""454"", ""processorCache"": ""384"", ""tcpNoDelay"": ""FALSE"", ""threadPriority"": ""3"", ""threadsMaxIdleTime"": ""48573"", ""throughput__2"": ""1207.56"", ""useAsyncIO"": ""FALSE"", ""useVirtualThreads"": ""FALSE""}"
tomcat,tpe,3305,plain,false,101,1324.9,44.61,1324.9,10.098313570022583,"[8, 50, 10, False]",0.0,10.098234176635742,0.0,"{""acceptCount"": ""762"", ""allowBackslash"": ""FALSE"", ""compression"": ""off"", ""compressionMinSize"": ""7655"", ""connectionTimeout"": ""253286"", ""connectionUploadTimeout"": ""273381"", ""disableUploadTimeout"": ""TRUE"", ""executorTerminationTimeoutMillis"": ""450520"", ""keepAliveTimeout"": ""477768"", ""maxConnections"": ""11334"", ""maxHeaderCount"": ""31"", ""maxHttpHeaderSize"": ""44421"", ""maxHttpRequestHeaderSize"": ""64516"", ""maxHttpResponseHeaderSize"": ""12304"", ""maxKeepAliveRequests"": ""1668"", ""maxParameterCount"": ""103"", ""maxSwallowSize"": ""20878743"", ""maxThreads"": ""140"", ""minSpareThreads"": ""877"", ""processorCache"": ""349"", ""tcpNoDelay"": ""FALSE"", ""threadPriority"": ""8"", ""threadsMaxIdleTime"": ""310075"", ""throughput__2"": ""1324.9"", ""useAsyncIO"": ""TRUE"", ""useVirtualThreads"": ""TRUE""}"
tomcat,tpe,3305,plain,false,102,1308.1,52.75,1308.1,10.081833124160767,"[8, 50, 10, False]",0.0,10.081748247146606,0.0,"{""acceptCount"": ""745"", ""allowBackslash"": ""TRUE"", ""compression"": ""on"", ""compressionMinSize"": ""9235"", ""connectionTimeout"": ""19044"", ""connectionUploadTimeout"": ""308360"", ""disableUploadTimeout"": ""TRUE"", ""executorTerminationTimeoutMillis"": ""335284"", ""keepAliveTimeout"": ""138917"", ""maxConnections"": ""3097"", ""maxHeaderCount"": ""174"", ""maxHttpHeaderSize"": ""780"", ""maxHttpRequestHeaderSize"": ""3483"", ""maxHttpResponseHeaderSize"": ""6578"", ""maxKeepAliveRequests"": ""4527"", ""maxParameterCount"": ""35828"", ""maxSwallowSize"": ""13970528"", ""maxThreads"": ""121"", ""minSpareThreads"": ""746"", ""processorCache"": ""398"", ""tcpNoDelay"": ""FALSE"", ""threadPriority"": ""6"", ""threadsMaxIdleTime"": ""194044"", ""throughput__2"": ""1308.1"", ""useAsyncIO"": ""TRUE"", ""useVirtualThreads"": ""FALSE""}"
tomcat,tpe,3305,plain,false,103,1446.74,38.73,1446.74,10.014528274536133,"[8, 50, 10, False]",0.0,10.014448642730713,0.0,"{""acceptCount"": ""28"", ""allowBackslash"": ""FALSE"", ""compression"": ""on"", ""compressionMinSize"": ""5195"", ""connectionTimeout"": ""586757"", ""connectionUploadTimeout"": ""575500"", ""disableUploadTimeout"": ""TRUE"", ""executorTerminationTimeoutMillis"": ""505316"", ""keepAliveTimeout"": ""146666"", ""maxConnections"": ""4390"", ""maxHeaderCount"": ""716"", ""maxHttpHeaderSize"": ""61897"", ""maxHttpRequestHeaderSize"": ""3658"", ""maxHttpResponseHeaderSize"": ""53855"", ""maxKeepAliveRequests"": ""391"", ""maxParameterCount"": ""9625"", ""maxSwallowSize"": ""2094103"", ""maxThreads"": ""134"", ""minSpareThreads"": ""297"", ""processorCache"": ""225"", ""tcpNoDelay"": ""FALSE"", ""threadPriority"": ""5"", ""threadsMaxIdleTime"": ""94685"", ""throughput__2"": ""1446.74"", ""useAsyncIO"": ""TRUE"", ""useVirtualThreads"": ""FALSE""}"
tomcat,tpe,3305,plain,false,104,1396.92,74.89,1396.92,10.108827829360962,"[8, 50, 10, False]",0.0,10.108747005462646,0.0,"{""acceptCount"": ""891"", ""allowBackslash"": ""TRUE"", ""compression"": ""force"", ""compressionMinSize"": ""8174"", ""connectionTimeout"": ""162932"", ""connectionUploadTimeout"": ""127035"", ""disableUploadTimeout"": ""FALSE"", ""executorTerminationTimeoutMillis"": ""178535"", ""keepAliveTimeout"": ""28870"", ""maxConnections"": ""1452"", ""maxHeaderCount"": ""952"", ""maxHttpHeaderSize"": ""65529"", ""maxHttpRequestHeaderSize"": ""15104"", ""maxHttpResponseHeaderSize"": ""28542"", ""maxKeepAliveRequests"": ""4444"", ""maxParameterCount"": ""48479"", ""maxSwallowSize"": ""5294236"", ""maxThreads"": ""8"", ""minSpareThreads"": ""216"", ""processorCache"": ""27"", ""tcpNoDelay"": ""FALSE"", ""threadPriority"": ""3"", ""threadsMaxIdleTime"": ""454360"", ""throughput__2"": ""1396.92"", ""useAsyncIO"": ""TRUE"", ""useVirtualThreads"": ""FALSE""}"
tomcat,tpe,3305,plain,false,105,1522.86,37.88,1522.86,10.026822805404663,"[8, 50, 10, False]",0.0,10.02674126625061,0.0,"{""acceptCount"": ""796"", ""allowBackslash"": ""FALSE"", ""compression"": ""force"", ""compressionMinSize"": ""8398"", ""connectionTimeout"": ""519691"", ""connectionUploadTimeout"": ""87293"", ""disableUploadTimeout"": ""TRUE"", ""executorTerminationTimeoutMillis"": ""403397"", ""keepAliveTimeout"": ""62619"", ""maxConnections"": ""10096"", ""maxHeaderCount"": ""636"", ""maxHttpHeaderSize"": ""3833"", ""maxHttpRequestHeaderSize"": ""2716"", ""maxHttpResponseHeaderSize"": ""54486"", ""maxKeepAliveRequests"": ""3237"", ""maxParameterCount"": ""32491"", ""maxSwallowSize"": ""1897925"", ""maxThreads"": ""349"", ""minSpareThreads"": ""705"", ""processorCache"": ""328"", ""tcpNoDelay"": ""FALSE"", ""threadPriority"": ""7"", ""threadsMaxIdleTime"": ""171467"", ""throughput__2"": ""1522.86"", ""useAsyncIO"": ""TRUE"", ""useVirtualThreads"": ""FALSE""}"
tomcat,tpe,3305,plain,false,106,1424.99,43.47,1424.99,10.583600521087646,"[8, 50, 10, False]",0.0,10.583525896072388,0.0,"{""acceptCount"": ""680"", ""allowBackslash"": ""FALSE"", ""compression"": ""on"", ""compressionMinSize"": ""6360"", ""connectionTimeout"": ""551507"", ""connectionUploadTimeout"": ""545340"", ""disableUploadTimeout"": ""TRUE"", ""executorTerminationTimeoutMillis"": ""355869"", ""keepAliveTimeout"": ""88995"", ""maxConnections"": ""18475"", ""maxHeaderCount"": ""530"", ""maxHttpHeaderSize"": ""46647"", ""maxHttpRequestHeaderSize"": ""22446"", ""maxHttpResponseHeaderSize"": ""56904"", ""maxKeepAliveRequests"": ""484"", ""maxParameterCount"": ""27380"", ""maxSwallowSize"": ""18944429"", ""maxThreads"": ""92"", ""minSpareThreads"": ""581"", ""processorCache"": ""6"", ""tcpNoDelay"": ""TRUE"", ""threadPriority"": ""8"", ""threadsMaxIdleTime"": ""447420"", ""throughput__2"": ""1424.99"", ""useAsyncIO"": ""TRUE"", ""useVirtualThreads"": ""FALSE""}"
tomcat,tpe,3305,plain,false,107,1465.68,41.31,1465.68,10.02869987487793,"[8, 50, 10, False]",0.0,10.028587818145752,0.0,"{""acceptCount"": ""332"", ""allowBackslash"": ""TRUE"", ""compression"": ""force"", ""compressionMinSize"": ""8471"", ""connectionTimeout"": ""376415"", ""connectionUploadTimeout"": ""503672"", ""disableUploadTimeout"": ""TRUE"", ""executorTerminationTimeoutMillis"": ""125359"", ""keepAliveTimeout"": ""576633"", ""maxConnections"": ""9456"", ""maxHeaderCount"": ""518"", ""maxHttpHeaderSize"": ""38111"", ""maxHttpRequestHeaderSize"": ""53133"", ""maxHttpResponseHeaderSize"": ""53846"", ""maxKeepAliveRequests"": ""622"", ""maxParameterCount"": ""13371"", ""maxSwallowSize"": ""915360"", ""maxThreads"": ""395"", ""minSpareThreads"": ""850"", ""processorCache"": ""140"", ""tcpNoDelay"": ""FALSE"", ""threadPriority"": ""1"", ""threadsMaxIdleTime"": ""270879"", ""throughput__2"": ""1465.68"", ""useAsyncIO"": ""TRUE"", ""useVirtualThreads"": ""FALSE""}"
tomcat,tpe,3305,plain,false,108,1416.08,46.4,1416.08,10.019017457962036,"[8, 50, 10, False]",0.0,10.018937349319458,0.0,"{""acceptCount"": ""505"", ""allowBackslash"": ""FALSE"", ""compression"": ""off"", ""compressionMinSize"": ""63"", ""connectionTimeout"": ""526215"", ""connectionUploadTimeout"": ""208612"", ""disableUploadTimeout"": ""FALSE"", ""executorTerminationTimeoutMillis"": ""22054"", ""keepAliveTimeout"": ""347432"", ""maxConnections"": ""16843"", ""maxHeaderCount"": ""223"", ""maxHttpHeaderSize"": ""27016"", ""maxHttpRequestHeaderSize"": ""16678"", ""maxHttpResponseHeaderSize"": ""57124"", ""maxKeepAliveRequests"": ""374"", ""maxParameterCount"": ""87728"", ""maxSwallowSize"": ""13041017"", ""maxThreads"": ""269"", ""minSpareThreads"": ""584"", ""processorCache"": ""148"", ""tcpNoDelay"": ""FALSE"", ""threadPriority"": ""5"", ""threadsMaxIdleTime"": ""554173"", ""throughput__2"": ""1416.08"", ""useAsyncIO"": ""TRUE"", ""useVirtualThreads"": ""FALSE""}"
tomcat,tpe,3305,plain,false,109,1230.56,40.28,1230.56,10.051153898239136,"[8, 50, 10, False]",0.0,10.051069736480713,0.0,"{""acceptCount"": ""527"", ""allowBackslash"": ""TRUE"", ""compression"": ""on"", ""compressionMinSize"": ""6816"", ""connectionTimeout"": ""233461"", ""connectionUploadTimeout"": ""114649"", ""disableUploadTimeout"": ""FALSE"", ""executorTerminationTimeoutMillis"": ""168586"", ""keepAliveTimeout"": ""467800"", ""maxConnections"": ""9986"", ""maxHeaderCount"": ""937"", ""maxHttpHeaderSize"": ""33125"", ""maxHttpRequestHeaderSize"": ""46229"", ""maxHttpResponseHeaderSize"": ""14294"", ""maxKeepAliveRequests"": ""4642"", ""maxParameterCount"": ""10557"", ""maxSwallowSize"": ""12512251"", ""maxThreads"": ""219"", ""minSpareThreads"": ""70"", ""processorCache"": ""239"", ""tcpNoDelay"": ""FALSE"", ""threadPriority"": ""5"", ""threadsMaxIdleTime"": ""475983"", ""throughput__2"": ""1230.56"", ""useAsyncIO"": ""TRUE"", ""useVirtualThreads"": ""TRUE""}"
tomcat,tpe,3305,plain,false,110,1415.5,45.18,1415.5,10.025000810623169,"[8, 50, 10, False]",0.0,10.024919033050537,0.0,"{""acceptCount"": ""388"", ""allowBackslash"": ""FALSE"", ""compression"": ""on"", ""compressionMinSize"": ""6521"", ""connectionTimeout"": ""201599"", ""connectionUploadTimeout"": ""432638"", ""disableUploadTimeout"": ""TRUE"", ""executorTerminationTimeoutMillis"": ""101803"", ""keepAliveTimeout"": ""306904"", ""maxConnections"": ""6405"", ""maxHeaderCount"": ""580"", ""maxHttpHeaderSize"": ""33939"", ""maxHttpRequestHeaderSize"": ""58063"", ""maxHttpResponseHeaderSize"": ""33856"", ""maxKeepAliveRequests"": ""2675"", ""maxParameterCount"": ""2409"", ""maxSwallowSize"": ""12853297"", ""maxThreads"": ""314"", ""minSpareThreads"": ""259"", ""processorCache"": ""133"", ""tcpNoDelay"": ""FALSE"", ""threadPriority"": ""8"", ""threadsMaxIdleTime"": ""8246"", ""throughput__2"": ""1415.5"", ""useAsyncIO"": ""TRUE"", ""useVirtualThreads"": ""FALSE""}"
tomcat,tpe,3305,plain,false,111,1363.16,48.73,1363.16,10.043083190917969,"[8, 50, 10, False]",0.0,10.043001174926758,0.0,"{""acceptCount"": ""915"", ""allowBackslash"": ""TRUE"", ""compression"": ""force"", ""compressionMinSize"": ""3056"", ""connectionTimeout"": ""175160"", ""connectionUploadTimeout"": ""583335"", ""disableUploadTimeout"": ""FALSE"", ""executorTerminationTimeoutMillis"": ""588071"", ""keepAliveTimeout"": ""236174"", ""maxConnections"": ""5311"", ""maxHeaderCount"": ""898"", ""maxHttpHeaderSize"": ""16761"", ""maxHttpRequestHeaderSize"": ""56212"", ""maxHttpResponseHeaderSize"": ""52870"", ""maxKeepAliveRequests"": ""3700"", ""maxParameterCount"": ""38869"", ""maxSwallowSize"": ""1232625"", ""maxThreads"": ""385"", ""minSpareThreads"": ""145"", ""processorCache"": ""125"", ""tcpNoDelay"": ""FALSE"", ""threadPriority"": ""4"", ""threadsMaxIdleTime"": ""267670"", ""throughput__2"": ""1363.16"", ""useAsyncIO"": ""FALSE"", ""useVirtualThreads"": ""FALSE""}"
tomcat,tpe,3305,plain,false,112,1439.87,41.2,1439.87,10.02989387512207,"[8, 50, 10, False]",0.0,10.02981448173523,0.0,"{""acceptCount"": ""903"", ""allowBackslash"": ""TRUE"", ""compression"": ""off"", ""compressionMinSize"": ""8343"", ""connectionTimeout"": ""378795"", ""connectionUploadTimeout"": ""317332"", ""disableUploadTimeout"": ""TRUE"", ""executorTerminationTimeoutMillis"": ""218252"", ""keepAliveTimeout"": ""343750"", ""maxConnections"": ""1245"", ""maxHeaderCount"": ""180"", ""maxHttpHeaderSize"": ""44536"", ""maxHttpRequestHeaderSize"": ""34286"", ""maxHttpResponseHeaderSize"": ""25121"", ""maxKeepAliveRequests"": ""3258"", ""maxParameterCount"": ""62959"", ""maxSwallowSize"": ""6540699"", ""maxThreads"": ""201"", ""minSpareThreads"": ""585"", ""processorCache"": ""96"", ""tcpNoDelay"": ""FALSE"", ""threadPriority"": ""3"", ""threadsMaxIdleTime"": ""241301"", ""throughput__2"": ""1439.87"", ""useAsyncIO"": ""TRUE"", ""useVirtualThreads"": ""FALSE""}"
tomcat,tpe,3305,plain,false,113,1351.71,48.27,1351.71,10.0722496509552,"[8, 50, 10, False]",0.0,10.072169542312622,0.0,"{""acceptCount"": ""883"", ""allowBackslash"": ""TRUE"", ""compression"": ""off"", ""compressionMinSize"": ""10026"", ""connectionTimeout"": ""110282"", ""connectionUploadTimeout"": ""180899"", ""disableUploadTimeout"": ""TRUE"", ""executorTerminationTimeoutMillis"": ""121360"", ""keepAliveTimeout"": ""401439"", ""maxConnections"": ""13250"", ""maxHeaderCount"": ""771"", ""maxHttpHeaderSize"": ""41073"", ""maxHttpRequestHeaderSize"": ""4704"", ""maxHttpResponseHeaderSize"": ""7875"", ""maxKeepAliveRequests"": ""4997"", ""maxParameterCount"": ""54769"", ""maxSwallowSize"": ""3932400"", ""maxThreads"": ""68"", ""minSpareThreads"": ""916"", ""processorCache"": ""333"", ""tcpNoDelay"": ""FALSE"", ""threadPriority"": ""5"", ""threadsMaxIdleTime"": ""392979"", ""throughput__2"": ""1351.71"", ""useAsyncIO"": ""TRUE"", ""useVirtualThreads"": ""FALSE""}"
tomcat,tpe,3305,plain,false,114,1371.85,46.94,1371.85,10.069854736328125,"[8, 50, 10, False]",0.0,10.069776058197021,0.0,"{""acceptCount"": ""837"", ""allowBackslash"": ""TRUE"", ""compression"": ""force"", ""compressionMinSize"": ""6011"", ""connectionTimeout"": ""527558"", ""connectionUploadTimeout"": ""224037"", ""disableUploadTimeout"": ""TRUE"", ""executorTerminationTimeoutMillis"": ""493183"", ""keepAliveTimeout"": ""371505"", ""maxConnections"": ""6500"", ""maxHeaderCount"": ""21"", ""maxHttpHeaderSize"": ""64760"", ""maxHttpRequestHeaderSize"": ""56605"", ""maxHttpResponseHeaderSize"": ""31984"", ""maxKeepAliveRequests"": ""204"", ""maxParameterCount"": ""60598"", ""maxSwallowSize"": ""11986813"", ""maxThreads"": ""178"", ""minSpareThreads"": ""211"", ""processorCache"": ""36"", ""tcpNoDelay"": ""FALSE"", ""threadPriority"": ""1"", ""threadsMaxIdleTime"": ""536804"", ""throughput__2"": ""1371.85"", ""useAsyncIO"": ""FALSE"", ""useVirtualThreads"": ""FALSE""}"
tomcat,tpe,3305,plain,false,115,1500.03,36.49,1500.03,10.044403791427612,"[8, 50, 10, False]",0.0,10.044246435165405,0.0,"{""acceptCount"": ""651"", ""allowBackslash"": ""TRUE"", ""compression"": ""force"", ""compressionMinSize"": ""2891"", ""connectionTimeout"": ""583992"", ""connectionUploadTimeout"": ""24009"", ""disableUploadTimeout"": ""TRUE"", ""executorTerminationTimeoutMillis"": ""449365"", ""keepAliveTimeout"": ""621"", ""maxConnections"": ""1931"", ""maxHeaderCount"": ""141"", ""maxHttpHeaderSize"": ""63132"", ""maxHttpRequestHeaderSize"": ""44249"", ""maxHttpResponseHeaderSize"": ""51441"", ""maxKeepAliveRequests"": ""3845"", ""maxParameterCount"": ""99147"", ""maxSwallowSize"": ""5570010"", ""maxThreads"": ""212"", ""minSpareThreads"": ""921"", ""processorCache"": ""35"", ""tcpNoDelay"": ""FALSE"", ""threadPriority"": ""6"", ""threadsMaxIdleTime"": ""530801"", ""throughput__2"": ""1500.03"", ""useAsyncIO"": ""TRUE"", ""useVirtualThreads"": ""FALSE""}"
tomcat,tpe,3305,plain,false,116,1396.03,52.79,1396.03,10.105652332305908,"[8, 50, 10, False]",0.0,10.105572700500488,0.0,"{""acceptCount"": ""28"", ""allowBackslash"": ""TRUE"", ""compression"": ""off"", ""compressionMinSize"": ""8968"", ""connectionTimeout"": ""416430"", ""connectionUploadTimeout"": ""102339"", ""disableUploadTimeout"": ""TRUE"", ""executorTerminationTimeoutMillis"": ""347714"", ""keepAliveTimeout"": ""525321"", ""maxConnections"": ""2194"", ""maxHeaderCount"": ""109"", ""maxHttpHeaderSize"": ""53374"", ""maxHttpRequestHeaderSize"": ""12705"", ""maxHttpResponseHeaderSize"": ""4373"", ""maxKeepAliveRequests"": ""3695"", ""maxParameterCount"": ""58411"", ""maxSwallowSize"": ""139226"", ""maxThreads"": ""257"", ""minSpareThreads"": ""923"", ""processorCache"": ""131"", ""tcpNoDelay"": ""TRUE"", ""threadPriority"": ""5"", ""threadsMaxIdleTime"": ""83110"", ""throughput__2"": ""1396.03"", ""useAsyncIO"": ""TRUE"", ""useVirtualThreads"": ""FALSE""}"
tomcat,tpe,3305,plain,false,117,1286.71,57.52,1286.71,10.438599586486816,"[8, 50, 10, False]",0.0,10.438515186309814,0.0,"{""acceptCount"": ""819"", ""allowBackslash"": ""TRUE"", ""compression"": ""off"", ""compressionMinSize"": ""8748"", ""connectionTimeout"": ""58747"", ""connectionUploadTimeout"": ""418255"", ""disableUploadTimeout"": ""TRUE"", ""executorTerminationTimeoutMillis"": ""281529"", ""keepAliveTimeout"": ""152206"", ""maxConnections"": ""8686"", ""maxHeaderCount"": ""147"", ""maxHttpHeaderSize"": ""33597"", ""maxHttpRequestHeaderSize"": ""48170"", ""maxHttpResponseHeaderSize"": ""14066"", ""maxKeepAliveRequests"": ""4153"", ""maxParameterCount"": ""9110"", ""maxSwallowSize"": ""9925344"", ""maxThreads"": ""117"", ""minSpareThreads"": ""622"", ""processorCache"": ""80"", ""tcpNoDelay"": ""TRUE"", ""threadPriority"": ""1"", ""threadsMaxIdleTime"": ""455490"", ""throughput__2"": ""1286.71"", ""useAsyncIO"": ""TRUE"", ""useVirtualThreads"": ""FALSE""}"
tomcat,tpe,3305,plain,false,118,1429.58,41.18,1429.58,10.046102523803711,"[8, 50, 10, False]",0.0,10.04602575302124,0.0,"{""acceptCount"": ""993"", ""allowBackslash"": ""TRUE"", ""compression"": ""off"", ""compressionMinSize"": ""10094"", ""connectionTimeout"": ""483475"", ""connectionUploadTimeout"": ""164936"", ""disableUploadTimeout"": ""TRUE"", ""executorTerminationTimeoutMillis"": ""438312"", ""keepAliveTimeout"": ""285530"", ""maxConnections"": ""4433"", ""maxHeaderCount"": ""994"", ""maxHttpHeaderSize"": ""17574"", ""maxHttpRequestHeaderSize"": ""36874"", ""maxHttpResponseHeaderSize"": ""29555"", ""maxKeepAliveRequests"": ""4942"", ""maxParameterCount"": ""75455"", ""maxSwallowSize"": ""20791327"", ""maxThreads"": ""62"", ""minSpareThreads"": ""273"", ""processorCache"": ""242"", ""tcpNoDelay"": ""FALSE"", ""threadPriority"": ""3"", ""threadsMaxIdleTime"": ""144358"", ""throughput__2"": ""1429.58"", ""useAsyncIO"": ""TRUE"", ""useVirtualThreads"": ""FALSE""}"
tomcat,tpe,3305,plain,false,119,1414.25,42.94,1414.25,10.046158075332642,"[8, 50, 10, False]",0.0,10.04607343673706,0.0,"{""acceptCount"": ""921"", ""allowBackslash"": ""TRUE"", ""compression"": ""off"", ""compressionMinSize"": ""4675"", ""connectionTimeout"": ""314418"", ""connectionUploadTimeout"": ""253457"", ""disableUploadTimeout"": ""FALSE"", ""executorTerminationTimeoutMillis"": ""49541"", ""keepAliveTimeout"": ""414822"", ""maxConnections"": ""5803"", ""maxHeaderCount"": ""40"", ""maxHttpHeaderSize"": ""9603"", ""maxHttpRequestHeaderSize"": ""18222"", ""maxHttpResponseHeaderSize"": ""27062"", ""maxKeepAliveRequests"": ""3540"", ""maxParameterCount"": ""55726"", ""maxSwallowSize"": ""8574380"", ""maxThreads"": ""170"", ""minSpareThreads"": ""436"", ""processorCache"": ""101"", ""tcpNoDelay"": ""FALSE"", ""threadPriority"": ""1"", ""threadsMaxIdleTime"": ""355675"", ""throughput__2"": ""1414.25"", ""useAsyncIO"": ""TRUE"", ""useVirtualThreads"": ""FALSE""}"
tomcat,tpe,3305,plain,false,120,1293.68,47.58,1293.68,10.204400539398193,"[8, 50, 10, False]",0.0,10.204320907592773,0.0,"{""acceptCount"": ""928"", ""allowBackslash"": ""FALSE"", ""compression"": ""force"", ""compressionMinSize"": ""8720"", ""connectionTimeout"": ""10175"", ""connectionUploadTimeout"": ""189572"", ""disableUploadTimeout"": ""TRUE"", ""executorTerminationTimeoutMillis"": ""100588"", ""keepAliveTimeout"": ""119098"", ""maxConnections"": ""16374"", ""maxHeaderCount"": ""918"", ""maxHttpHeaderSize"": ""53283"", ""maxHttpRequestHeaderSize"": ""14631"", ""maxHttpResponseHeaderSize"": ""62227"", ""maxKeepAliveRequests"": ""1007"", ""maxParameterCount"": ""16739"", ""maxSwallowSize"": ""2540503"", ""maxThreads"": ""355"", ""minSpareThreads"": ""594"", ""processorCache"": ""190"", ""tcpNoDelay"": ""FALSE"", ""threadPriority"": ""9"", ""threadsMaxIdleTime"": ""163968"", ""throughput__2"": ""1293.68"", ""useAsyncIO"": ""TRUE"", ""useVirtualThreads"": ""TRUE""}"
tomcat,tpe,3305,plain,false,121,1410.32,38.78,1410.32,10.023029565811157,"[8, 50, 10, False]",0.0,10.022948503494263,0.0,"{""acceptCount"": ""246"", ""allowBackslash"": ""FALSE"", ""compression"": ""force"", ""compressionMinSize"": ""4638"", ""connectionTimeout"": ""373426"", ""connectionUploadTimeout"": ""598532"", ""disableUploadTimeout"": ""TRUE"", ""executorTerminationTimeoutMillis"": ""33250"", ""keepAliveTimeout"": ""314631"", ""maxConnections"": ""18042"", ""maxHeaderCount"": ""112"", ""maxHttpHeaderSize"": ""24593"", ""maxHttpRequestHeaderSize"": ""55363"", ""maxHttpResponseHeaderSize"": ""26738"", ""maxKeepAliveRequests"": ""3879"", ""maxParameterCount"": ""7390"", ""maxSwallowSize"": ""9792181"", ""maxThreads"": ""27"", ""minSpareThreads"": ""876"", ""processorCache"": ""200"", ""tcpNoDelay"": ""FALSE"", ""threadPriority"": ""10"", ""threadsMaxIdleTime"": ""409108"", ""throughput__2"": ""1410.32"", ""useAsyncIO"": ""TRUE"", ""useVirtualThreads"": ""FALSE""}"
tomcat,tpe,3305,plain,false,122,1418.7,43.39,1418.7,10.051247358322144,"[8, 50, 10, False]",0.0,10.051170110702515,0.0,"{""acceptCount"": ""288"", ""allowBackslash"": ""TRUE"", ""compression"": ""force"", ""compressionMinSize"": ""8052"", ""connectionTimeout"": ""168921"", ""connectionUploadTimeout"": ""500967"", ""disableUploadTimeout"": ""FALSE"", ""executorTerminationTimeoutMillis"": ""393521"", ""keepAliveTimeout"": ""373376"", ""maxConnections"": ""1045"", ""maxHeaderCount"": ""32"", ""maxHttpHeaderSize"": ""22499"", ""maxHttpRequestHeaderSize"": ""41682"", ""maxHttpResponseHeaderSize"": ""52932"", ""maxKeepAliveRequests"": ""4558"", ""maxParameterCount"": ""23297"", ""maxSwallowSize"": ""14047344"", ""maxThreads"": ""318"", ""minSpareThreads"": ""186"", ""processorCache"": ""300"", ""tcpNoDelay"": ""FALSE"", ""threadPriority"": ""1"", ""threadsMaxIdleTime"": ""382448"", ""throughput__2"": ""1418.7"", ""useAsyncIO"": ""FALSE"", ""useVirtualThreads"": ""FALSE""}"
tomcat,tpe,3305,plain,false,123,1404.91,38.27,1404.91,10.020661115646362,"[8, 50, 10, False]",0.0,10.02058720588684,0.0,"{""acceptCount"": ""715"", ""allowBackslash"": ""TRUE"", ""compression"": ""on"", ""compressionMinSize"": ""4069"", ""connectionTimeout"": ""508235"", ""connectionUploadTimeout"": ""209151"", ""disableUploadTimeout"": ""TRUE"", ""executorTerminationTimeoutMillis"": ""573657"", ""keepAliveTimeout"": ""217423"", ""maxConnections"": ""4703"", ""maxHeaderCount"": ""864"", ""maxHttpHeaderSize"": ""37054"", ""maxHttpRequestHeaderSize"": ""45945"", ""maxHttpResponseHeaderSize"": ""59557"", ""maxKeepAliveRequests"": ""1114"", ""maxParameterCount"": ""82632"", ""maxSwallowSize"": ""16845812"", ""maxThreads"": ""170"", ""minSpareThreads"": ""565"", ""processorCache"": ""31"", ""tcpNoDelay"": ""FALSE"", ""threadPriority"": ""9"", ""threadsMaxIdleTime"": ""483442"", ""throughput__2"": ""1404.91"", ""useAsyncIO"": ""TRUE"", ""useVirtualThreads"": ""FALSE""}"
tomcat,tpe,3305,plain,false,124,1385.54,44.42,1385.54,10.05695629119873,"[8, 50, 10, False]",0.0,10.056873083114624,0.0,"{""acceptCount"": ""319"", ""allowBackslash"": ""FALSE"", ""compression"": ""force"", ""compressionMinSize"": ""3971"", ""connectionTimeout"": ""53901"", ""connectionUploadTimeout"": ""308602"", ""disableUploadTimeout"": ""FALSE"", ""executorTerminationTimeoutMillis"": ""407357"", ""keepAliveTimeout"": ""37081"", ""maxConnections"": ""11851"", ""maxHeaderCount"": ""443"", ""maxHttpHeaderSize"": ""23257"", ""maxHttpRequestHeaderSize"": ""46616"", ""maxHttpResponseHeaderSize"": ""55848"", ""maxKeepAliveRequests"": ""4847"", ""maxParameterCount"": ""89737"", ""maxSwallowSize"": ""5948684"", ""maxThreads"": ""249"", ""minSpareThreads"": ""75"", ""processorCache"": ""228"", ""tcpNoDelay"": ""FALSE"", ""threadPriority"": ""10"", ""threadsMaxIdleTime"": ""441910"", ""throughput__2"": ""1385.54"", ""useAsyncIO"": ""TRUE"", ""useVirtualThreads"": ""FALSE""}"
tomcat,tpe,3305,plain,false,125,1430.13,38.71,1430.13,10.085808277130127,"[8, 50, 10, False]",0.0,10.08573031425476,0.0,"{""acceptCount"": ""841"", ""allowBackslash"": ""FALSE"", ""compression"": ""force"", ""compressionMinSize"": ""2805"", ""connectionTimeout"": ""442868"", ""connectionUploadTimeout"": ""325861"", ""disableUploadTimeout"": ""TRUE"", ""executorTerminationTimeoutMillis"": ""28064"", ""keepAliveTimeout"": ""327449"", ""maxConnections"": ""6337"", ""maxHeaderCount"": ""451"", ""maxHttpHeaderSize"": ""57449"", ""maxHttpRequestHeaderSize"": ""50294"", ""maxHttpResponseHeaderSize"": ""63437"", ""maxKeepAliveRequests"": ""434"", ""maxParameterCount"": ""53828"", ""maxSwallowSize"": ""6002949"", ""maxThreads"": ""37"", ""minSpareThreads"": ""228"", ""processorCache"": ""239"", ""tcpNoDelay"": ""FALSE"", ""threadPriority"": ""1"", ""threadsMaxIdleTime"": ""119071"", ""throughput__2"": ""1430.13"", ""useAsyncIO"": ""TRUE"", ""useVirtualThreads"": ""FALSE""}"
tomcat,tpe,3305,plain,false,126,1342.9,60.0,1342.9,10.399052619934082,"[8, 50, 10, False]",0.0,10.398977756500244,0.0,"{""acceptCount"": ""242"", ""allowBackslash"": ""FALSE"", ""compression"": ""force"", ""compressionMinSize"": ""7018"", ""connectionTimeout"": ""98537"", ""connectionUploadTimeout"": ""163297"", ""disableUploadTimeout"": ""TRUE"", ""executorTerminationTimeoutMillis"": ""578288"", ""keepAliveTimeout"": ""482032"", ""maxConnections"": ""4985"", ""maxHeaderCount"": ""422"", ""maxHttpHeaderSize"": ""15181"", ""maxHttpRequestHeaderSize"": ""30013"", ""maxHttpResponseHeaderSize"": ""23837"", ""maxKeepAliveRequests"": ""4730"", ""maxParameterCount"": ""24335"", ""maxSwallowSize"": ""19610047"", ""maxThreads"": ""265"", ""minSpareThreads"": ""698"", ""processorCache"": ""210"", ""tcpNoDelay"": ""FALSE"", ""threadPriority"": ""5"", ""threadsMaxIdleTime"": ""442604"", ""throughput__2"": ""1342.9"", ""useAsyncIO"": ""TRUE"", ""useVirtualThreads"": ""FALSE""}"
tomcat,tpe,3305,plain,false,127,1424.69,39.94,1424.69,10.03339433670044,"[8, 50, 10, False]",0.0,10.03331208229065,0.0,"{""acceptCount"": ""484"", ""allowBackslash"": ""TRUE"", ""compression"": ""off"", ""compressionMinSize"": ""9075"", ""connectionTimeout"": ""155879"", ""connectionUploadTimeout"": ""417256"", ""disableUploadTimeout"": ""TRUE"", ""executorTerminationTimeoutMillis"": ""45388"", ""keepAliveTimeout"": ""554585"", ""maxConnections"": ""2452"", ""maxHeaderCount"": ""41"", ""maxHttpHeaderSize"": ""52378"", ""maxHttpRequestHeaderSize"": ""40283"", ""maxHttpResponseHeaderSize"": ""58666"", ""maxKeepAliveRequests"": ""533"", ""maxParameterCount"": ""35858"", ""maxSwallowSize"": ""20821209"", ""maxThreads"": ""200"", ""minSpareThreads"": ""848"", ""processorCache"": ""151"", ""tcpNoDelay"": ""FALSE"", ""threadPriority"": ""6"", ""threadsMaxIdleTime"": ""209170"", ""throughput__2"": ""1424.69"", ""useAsyncIO"": ""TRUE"", ""useVirtualThreads"": ""FALSE""}"
tomcat,tpe,3305,plain,false,128,1371.34,57.81,1371.34,11.023260593414307,"[8, 50, 10, False]",0.0,11.023123025894165,0.0,"{""acceptCount"": ""19"", ""allowBackslash"": ""TRUE"", ""compression"": ""on"", ""compressionMinSize"": ""1891"", ""connectionTimeout"": ""134748"", ""connectionUploadTimeout"": ""87666"", ""disableUploadTimeout"": ""TRUE"", ""executorTerminationTimeoutMillis"": ""592139"", ""keepAliveTimeout"": ""444182"", ""maxConnections"": ""3028"", ""maxHeaderCount"": ""566"", ""maxHttpHeaderSize"": ""38284"", ""maxHttpRequestHeaderSize"": ""7616"", ""maxHttpResponseHeaderSize"": ""20966"", ""maxKeepAliveRequests"": ""3795"", ""maxParameterCount"": ""64216"", ""maxSwallowSize"": ""6742906"", ""maxThreads"": ""271"", ""minSpareThreads"": ""816"", ""processorCache"": ""216"", ""tcpNoDelay"": ""TRUE"", ""threadPriority"": ""1"", ""threadsMaxIdleTime"": ""403466"", ""throughput__2"": ""1371.34"", ""useAsyncIO"": ""TRUE"", ""useVirtualThreads"": ""FALSE""}"
tomcat,tpe,3305,plain,false,129,1413.87,42.16,1413.87,10.023512125015259,"[8, 50, 10, False]",0.0,10.023433446884155,0.0,"{""acceptCount"": ""155"", ""allowBackslash"": ""TRUE"", ""compression"": ""force"", ""compressionMinSize"": ""6114"", ""connectionTimeout"": ""489592"", ""connectionUploadTimeout"": ""279607"", ""disableUploadTimeout"": ""TRUE"", ""executorTerminationTimeoutMillis"": ""466835"", ""keepAliveTimeout"": ""226889"", ""maxConnections"": ""10090"", ""maxHeaderCount"": ""160"", ""maxHttpHeaderSize"": ""37420"", ""maxHttpRequestHeaderSize"": ""50074"", ""maxHttpResponseHeaderSize"": ""19982"", ""maxKeepAliveRequests"": ""2543"", ""maxParameterCount"": ""72177"", ""maxSwallowSize"": ""1682496"", ""maxThreads"": ""103"", ""minSpareThreads"": ""472"", ""processorCache"": ""266"", ""tcpNoDelay"": ""FALSE"", ""threadPriority"": ""4"", ""threadsMaxIdleTime"": ""87136"", ""throughput__2"": ""1413.87"", ""useAsyncIO"": ""TRUE"", ""useVirtualThreads"": ""FALSE""}"
tomcat,tpe,3305,plain,false,130,1352.56,47.11,1352.56,10.04426121711731,"[8, 50, 10, False]",0.0,10.044148683547974,0.0,"{""acceptCount"": ""600"", ""allowBackslash"": ""FALSE"", ""compression"": ""off"", ""compressionMinSize"": ""8016"", ""connectionTimeout"": ""561256"", ""connectionUploadTimeout"": ""296505"", ""disableUploadTimeout"": ""TRUE"", ""executorTerminationTimeoutMillis"": ""256991"", ""keepAliveTimeout"": ""80345"", ""maxConnections"": ""12776"", ""maxHeaderCount"": ""880"", ""maxHttpHeaderSize"": ""2180"", ""maxHttpRequestHeaderSize"": ""11671"", ""maxHttpResponseHeaderSize"": ""35219"", ""maxKeepAliveRequests"": ""1430"", ""maxParameterCount"": ""84017"", ""maxSwallowSize"": ""4048264"", ""maxThreads"": ""231"", ""minSpareThreads"": ""473"", ""processorCache"": ""16"", ""tcpNoDelay"": ""FALSE"", ""threadPriority"": ""3"", ""threadsMaxIdleTime"": ""47594"", ""throughput__2"": ""1352.56"", ""useAsyncIO"": ""TRUE"", ""useVirtualThreads"": ""FALSE""}"
tomcat,tpe,3305,plain,false,131,1419.57,40.09,1419.57,10.02135944366455,"[8, 50, 10, False]",0.0,10.021282434463501,0.0,"{""acceptCount"": ""968"", ""allowBackslash"": ""TRUE"", ""compression"": ""off"", ""compressionMinSize"": ""2562"", ""connectionTimeout"": ""495014"", ""connectionUploadTimeout"": ""234167"", ""disableUploadTimeout"": ""TRUE"", ""executorTerminationTimeoutMillis"": ""393625"", ""keepAliveTimeout"": ""382227"", ""maxConnections"": ""9114"", ""maxHeaderCount"": ""189"", ""maxHttpHeaderSize"": ""39074"", ""maxHttpRequestHeaderSize"": ""31816"", ""maxHttpResponseHeaderSize"": ""63135"", ""maxKeepAliveRequests"": ""4438"", ""maxParameterCount"": ""70571"", ""maxSwallowSize"": ""20098282"", ""maxThreads"": ""120"", ""minSpareThreads"": ""849"", ""processorCache"": ""14"", ""tcpNoDelay"": ""FALSE"", ""threadPriority"": ""3"", ""threadsMaxIdleTime"": ""247821"", ""throughput__2"": ""1419.57"", ""useAsyncIO"": ""TRUE"", ""useVirtualThreads"": ""FALSE""}"
tomcat,tpe,3305,plain,false,132,1447.8,44.49,1447.8,10.01912260055542,"[8, 50, 10, False]",0.0,10.019036769866943,0.0,"{""acceptCount"": ""831"", ""allowBackslash"": ""FALSE"", ""compression"": ""force"", ""compressionMinSize"": ""4261"", ""connectionTimeout"": ""557988"", ""connectionUploadTimeout"": ""571474"", ""disableUploadTimeout"": ""TRUE"", ""executorTerminationTimeoutMillis"": ""96964"", ""keepAliveTimeout"": ""73452"", ""maxConnections"": ""4589"", ""maxHeaderCount"": ""328"", ""maxHttpHeaderSize"": ""62553"", ""maxHttpRequestHeaderSize"": ""9175"", ""maxHttpResponseHeaderSize"": ""26904"", ""maxKeepAliveRequests"": ""81"", ""maxParameterCount"": ""84544"", ""maxSwallowSize"": ""5452832"", ""maxThreads"": ""86"", ""minSpareThreads"": ""103"", ""processorCache"": ""96"", ""tcpNoDelay"": ""FALSE"", ""threadPriority"": ""7"", ""threadsMaxIdleTime"": ""174377"", ""throughput__2"": ""1447.8"", ""useAsyncIO"": ""TRUE"", ""useVirtualThreads"": ""FALSE""}"
tomcat,tpe,3305,plain,false,133,1403.69,38.03,1403.69,10.113933324813843,"[8, 50, 10, False]",0.0,10.113852500915527,0.0,"{""acceptCount"": ""293"", ""allowBackslash"": ""TRUE"", ""compression"": ""on"", ""compressionMinSize"": ""8475"", ""connectionTimeout"": ""420118"", ""connectionUploadTimeout"": ""295990"", ""disableUploadTimeout"": ""FALSE"", ""executorTerminationTimeoutMillis"": ""242847"", ""keepAliveTimeout"": ""434054"", ""maxConnections"": ""943"", ""maxHeaderCount"": ""667"", ""maxHttpHeaderSize"": ""8177"", ""maxHttpRequestHeaderSize"": ""15110"", ""maxHttpResponseHeaderSize"": ""1482"", ""maxKeepAliveRequests"": ""47"", ""maxParameterCount"": ""9686"", ""maxSwallowSize"": ""9041362"", ""maxThreads"": ""30"", ""minSpareThreads"": ""672"", ""processorCache"": ""215"", ""tcpNoDelay"": ""TRUE"", ""threadPriority"": ""1"", ""threadsMaxIdleTime"": ""425048"", ""throughput__2"": ""1403.69"", ""useAsyncIO"": ""TRUE"", ""useVirtualThreads"": ""FALSE""}"
tomcat,tpe,3305,plain,false,134,1434.47,40.25,1434.47,10.036186456680298,"[8, 50, 10, False]",0.0,10.036099910736084,0.0,"{""acceptCount"": ""360"", ""allowBackslash"": ""TRUE"", ""compression"": ""on"", ""compressionMinSize"": ""7121"", ""connectionTimeout"": ""296107"", ""connectionUploadTimeout"": ""171701"", ""disableUploadTimeout"": ""TRUE"", ""executorTerminationTimeoutMillis"": ""419551"", ""keepAliveTimeout"": ""437673"", ""maxConnections"": ""9753"", ""maxHeaderCount"": ""173"", ""maxHttpHeaderSize"": ""34364"", ""maxHttpRequestHeaderSize"": ""5595"", ""maxHttpResponseHeaderSize"": ""21209"", ""maxKeepAliveRequests"": ""1324"", ""maxParameterCount"": ""3507"", ""maxSwallowSize"": ""2191002"", ""maxThreads"": ""121"", ""minSpareThreads"": ""202"", ""processorCache"": ""213"", ""tcpNoDelay"": ""FALSE"", ""threadPriority"": ""4"", ""threadsMaxIdleTime"": ""596431"", ""throughput__2"": ""1434.47"", ""useAsyncIO"": ""TRUE"", ""useVirtualThreads"": ""FALSE""}"
tomcat,tpe,3305,plain,false,135,1347.3,37.45,1347.3,10.087228298187256,"[8, 50, 10, False]",0.0,10.087146520614624,0.0,"{""acceptCount"": ""550"", ""allowBackslash"": ""FALSE"", ""compression"": ""on"", ""compressionMinSize"": ""8163"", ""connectionTimeout"": ""9395"", ""connectionUploadTimeout"": ""500556"", ""disableUploadTimeout"": ""TRUE"", ""executorTerminationTimeoutMillis"": ""541651"", ""keepAliveTimeout"": ""107633"", ""maxConnections"": ""12063"", ""maxHeaderCount"": ""154"", ""maxHttpHeaderSize"": ""43816"", ""maxHttpRequestHeaderSize"": ""6302"", ""maxHttpResponseHeaderSize"": ""9856"", ""maxKeepAliveRequests"": ""579"", ""maxParameterCount"": ""71028"", ""maxSwallowSize"": ""17967242"", ""maxThreads"": ""20"", ""minSpareThreads"": ""439"", ""processorCache"": ""291"", ""tcpNoDelay"": ""FALSE"", ""threadPriority"": ""5"", ""threadsMaxIdleTime"": ""516813"", ""throughput__2"": ""1347.3"", ""useAsyncIO"": ""TRUE"", ""useVirtualThreads"": ""FALSE""}"
tomcat,tpe,3305,plain,false,136,1401.02,41.55,1401.02,10.039333581924438,"[8, 50, 10, False]",0.0,10.039255857467651,0.0,"{""acceptCount"": ""398"", ""allowBackslash"": ""TRUE"", ""compression"": ""on"", ""compressionMinSize"": ""861"", ""connectionTimeout"": ""165587"", ""connectionUploadTimeout"": ""84102"", ""disableUploadTimeout"": ""FALSE"", ""executorTerminationTimeoutMillis"": ""272824"", ""keepAliveTimeout"": ""124403"", ""maxConnections"": ""11284"", ""maxHeaderCount"": ""253"", ""maxHttpHeaderSize"": ""56075"", ""maxHttpRequestHeaderSize"": ""42787"", ""maxHttpResponseHeaderSize"": ""11466"", ""maxKeepAliveRequests"": ""4056"", ""maxParameterCount"": ""33738"", ""maxSwallowSize"": ""19963357"", ""maxThreads"": ""210"", ""minSpareThreads"": ""673"", ""processorCache"": ""377"", ""tcpNoDelay"": ""FALSE"", ""threadPriority"": ""2"", ""threadsMaxIdleTime"": ""227614"", ""throughput__2"": ""1401.02"", ""useAsyncIO"": ""FALSE"", ""useVirtualThreads"": ""FALSE""}"
tomcat,tpe,3305,plain,false,137,1327.39,37.07,1327.39,10.042944431304932,"[8, 50, 10, False]",0.0,10.042861223220825,0.0,"{""acceptCount"": ""594"", ""allowBackslash"": ""TRUE"", ""compression"": ""on"", ""compressionMinSize"": ""4143"", ""connectionTimeout"": ""4120"", ""connectionUploadTimeout"": ""236552"", ""disableUploadTimeout"": ""TRUE"", ""executorTerminationTimeoutMillis"": ""421786"", ""keepAliveTimeout"": ""462871"", ""maxConnections"": ""15257"", ""maxHeaderCount"": ""145"", ""maxHttpHeaderSize"": ""33907"", ""maxHttpRequestHeaderSize"": ""9065"", ""maxHttpResponseHeaderSize"": ""38781"", ""maxKeepAliveRequests"": ""2751"", ""maxParameterCount"": ""49734"", ""maxSwallowSize"": ""5613486"", ""maxThreads"": ""323"", ""minSpareThreads"": ""554"", ""processorCache"": ""330"", ""tcpNoDelay"": ""FALSE"", ""threadPriority"": ""1"", ""threadsMaxIdleTime"": ""71400"", ""throughput__2"": ""1327.39"", ""useAsyncIO"": ""TRUE"", ""useVirtualThreads"": ""TRUE""}"
tomcat,tpe,3305,plain,false,138,1330.96,43.21,1330.96,10.082409858703613,"[8, 50, 10, False]",0.0,10.08233094215393,0.0,"{""acceptCount"": ""414"", ""allowBackslash"": ""TRUE"", ""compression"": ""force"", ""compressionMinSize"": ""3403"", ""connectionTimeout"": ""7508"", ""connectionUploadTimeout"": ""174628"", ""disableUploadTimeout"": ""FALSE"", ""executorTerminationTimeoutMillis"": ""584496"", ""keepAliveTimeout"": ""526606"", ""maxConnections"": ""16444"", ""maxHeaderCount"": ""926"", ""maxHttpHeaderSize"": ""54750"", ""maxHttpRequestHeaderSize"": ""19062"", ""maxHttpResponseHeaderSize"": ""29120"", ""maxKeepAliveRequests"": ""2764"", ""maxParameterCount"": ""43977"", ""maxSwallowSize"": ""7255423"", ""maxThreads"": ""347"", ""minSpareThreads"": ""599"", ""processorCache"": ""255"", ""tcpNoDelay"": ""FALSE"", ""threadPriority"": ""1"", ""threadsMaxIdleTime"": ""333383"", ""throughput__2"": ""1330.96"", ""useAsyncIO"": ""FALSE"", ""useVirtualThreads"": ""FALSE""}"
tomcat,tpe,3305,plain,false,139,1405.11,43.33,1405.11,10.091104745864868,"[8, 50, 10, False]",0.0,10.091028213500977,0.0,"{""acceptCount"": ""813"", ""allowBackslash"": ""FALSE"", ""compression"": ""off"", ""compressionMinSize"": ""1920"", ""connectionTimeout"": ""143063"", ""connectionUploadTimeout"": ""208141"", ""disableUploadTimeout"": ""FALSE"", ""executorTerminationTimeoutMillis"": ""2948"", ""keepAliveTimeout"": ""406900"", ""maxConnections"": ""4921"", ""maxHeaderCount"": ""258"", ""maxHttpHeaderSize"": ""44268"", ""maxHttpRequestHeaderSize"": ""33096"", ""maxHttpResponseHeaderSize"": ""40201"", ""maxKeepAliveRequests"": ""3146"", ""maxParameterCount"": ""48000"", ""maxSwallowSize"": ""19935968"", ""maxThreads"": ""321"", ""minSpareThreads"": ""84"", ""processorCache"": ""109"", ""tcpNoDelay"": ""FALSE"", ""threadPriority"": ""8"", ""threadsMaxIdleTime"": ""372006"", ""throughput__2"": ""1405.11"", ""useAsyncIO"": ""FALSE"", ""useVirtualThreads"": ""FALSE""}"
tomcat,tpe,3305,plain,false,140,1459.38,34.0,1459.38,10.034142255783081,"[8, 50, 10, False]",0.0,10.034061431884766,0.0,"{""acceptCount"": ""836"", ""allowBackslash"": ""FALSE"", ""compression"": ""force"", ""compressionMinSize"": ""1330"", ""connectionTimeout"": ""323176"", ""connectionUploadTimeout"": ""160914"", ""disableUploadTimeout"": ""TRUE"", ""executorTerminationTimeoutMillis"": ""76235"", ""keepAliveTimeout"": ""332171"", ""maxConnections"": ""1181"", ""maxHeaderCount"": ""327"", ""maxHttpHeaderSize"": ""15313"", ""maxHttpRequestHeaderSize"": ""62444"", ""maxHttpResponseHeaderSize"": ""33242"", ""maxKeepAliveRequests"": ""1858"", ""maxParameterCount"": ""46805"", ""maxSwallowSize"": ""6097261"", ""maxThreads"": ""16"", ""minSpareThreads"": ""172"", ""processorCache"": ""191"", ""tcpNoDelay"": ""FALSE"", ""threadPriority"": ""1"", ""threadsMaxIdleTime"": ""8116"", ""throughput__2"": ""1459.38"", ""useAsyncIO"": ""TRUE"", ""useVirtualThreads"": ""FALSE""}"
tomcat,tpe,3305,plain,false,141,1428.76,42.39,1428.76,10.052031517028809,"[8, 50, 10, False]",0.0,10.051947832107544,0.0,"{""acceptCount"": ""894"", ""allowBackslash"": ""TRUE"", ""compression"": ""force"", ""compressionMinSize"": ""7366"", ""connectionTimeout"": ""291800"", ""connectionUploadTimeout"": ""509835"", ""disableUploadTimeout"": ""TRUE"", ""executorTerminationTimeoutMillis"": ""198626"", ""keepAliveTimeout"": ""411307"", ""maxConnections"": ""6597"", ""maxHeaderCount"": ""664"", ""maxHttpHeaderSize"": ""14149"", ""maxHttpRequestHeaderSize"": ""34135"", ""maxHttpResponseHeaderSize"": ""47590"", ""maxKeepAliveRequests"": ""4971"", ""maxParameterCount"": ""9049"", ""maxSwallowSize"": ""5357764"", ""maxThreads"": ""272"", ""minSpareThreads"": ""595"", ""processorCache"": ""397"", ""tcpNoDelay"": ""FALSE"", ""threadPriority"": ""4"", ""threadsMaxIdleTime"": ""402663"", ""throughput__2"": ""1428.76"", ""useAsyncIO"": ""TRUE"", ""useVirtualThreads"": ""FALSE""}"
tomcat,tpe,3305,plain,false,142,1371.32,38.94,1371.32,10.03142237663269,"[8, 50, 10, False]",0.0,10.031340837478638,0.0,"{""acceptCount"": ""697"", ""allowBackslash"": ""TRUE"", ""compression"": ""on"", ""compressionMinSize"": ""5681"", ""connectionTimeout"": ""124070"", ""connectionUploadTimeout"": ""455964"", ""disableUploadTimeout"": ""FALSE"", ""executorTerminationTimeoutMillis"": ""352056"", ""keepAliveTimeout"": ""543521"", ""maxConnections"": ""9846"", ""maxHeaderCount"": ""246"", ""maxHttpHeaderSize"": ""39223"", ""maxHttpRequestHeaderSize"": ""37644"", ""maxHttpResponseHeaderSize"": ""30842"", ""maxKeepAliveRequests"": ""1086"", ""maxParameterCount"": ""42150"", ""maxSwallowSize"": ""15537611"", ""maxThreads"": ""331"", ""minSpareThreads"": ""833"", ""processorCache"": ""91"", ""tcpNoDelay"": ""FALSE"", ""threadPriority"": ""4"", ""threadsMaxIdleTime"": ""15211"", ""throughput__2"": ""1371.32"", ""useAsyncIO"": ""FALSE"", ""useVirtualThreads"": ""FALSE""}"
tomcat,tpe,3305,plain,false,143,1446.22,42.19,1446.22,10.029245138168335,"[8, 50, 10, False]",0.0,10.029159545898438,0.0,"{""acceptCount"": ""124"", ""allowBackslash"": ""FALSE"", ""compression"": ""off"", ""compressionMinSize"": ""4875"", ""connectionTimeout"": ""466959"", ""connectionUploadTimeout"": ""65562"", ""disableUploadTimeout"": ""TRUE"", ""executorTerminationTimeoutMillis"": ""538154"", ""keepAliveTimeout"": ""464716"", ""maxConnections"": ""5043"", ""maxHeaderCount"": ""118"", ""maxHttpHeaderSize"": ""2276"", ""maxHttpRequestHeaderSize"": ""30647"", ""maxHttpResponseHeaderSize"": ""46277"", ""maxKeepAliveRequests"": ""1614"", ""maxParameterCount"": ""13288"", ""maxSwallowSize"": ""10413213"", ""maxThreads"": ""281"", ""minSpareThreads"": ""253"", ""processorCache"": ""366"", ""tcpNoDelay"": ""FALSE"", ""threadPriority"": ""4"", ""threadsMaxIdleTime"": ""480079"", ""throughput__2"": ""1446.22"", ""useAsyncIO"": ""FALSE"", ""useVirtualThreads"": ""FALSE""}"
tomcat,tpe,3305,plain,false,144,1410.18,40.54,1410.18,10.028177499771118,"[8, 50, 10, False]",0.0,10.028095722198486,0.0,"{""acceptCount"": ""827"", ""allowBackslash"": ""TRUE"", ""compression"": ""off"", ""compressionMinSize"": ""9733"", ""connectionTimeout"": ""16685"", ""connectionUploadTimeout"": ""509692"", ""disableUploadTimeout"": ""TRUE"", ""executorTerminationTimeoutMillis"": ""445243"", ""keepAliveTimeout"": ""102033"", ""maxConnections"": ""19563"", ""maxHeaderCount"": ""630"", ""maxHttpHeaderSize"": ""23474"", ""maxHttpRequestHeaderSize"": ""48049"", ""maxHttpResponseHeaderSize"": ""59371"", ""maxKeepAliveRequests"": ""2180"", ""maxParameterCount"": ""66624"", ""maxSwallowSize"": ""1754723"", ""maxThreads"": ""33"", ""minSpareThreads"": ""983"", ""processorCache"": ""303"", ""tcpNoDelay"": ""FALSE"", ""threadPriority"": ""5"", ""threadsMaxIdleTime"": ""543686"", ""throughput__2"": ""1410.18"", ""useAsyncIO"": ""TRUE"", ""useVirtualThreads"": ""FALSE""}"
tomcat,tpe,3305,plain,false,145,1377.58,40.95,1377.58,10.05115008354187,"[8, 50, 10, False]",0.0,10.051068305969238,0.0,"{""acceptCount"": ""793"", ""allowBackslash"": ""FALSE"", ""compression"": ""off"", ""compressionMinSize"": ""5058"", ""connectionTimeout"": ""468895"", ""connectionUploadTimeout"": ""222754"", ""disableUploadTimeout"": ""TRUE"", ""executorTerminationTimeoutMillis"": ""552934"", ""keepAliveTimeout"": ""237117"", ""maxConnections"": ""11343"", ""maxHeaderCount"": ""221"", ""maxHttpHeaderSize"": ""10856"", ""maxHttpRequestHeaderSize"": ""57092"", ""maxHttpResponseHeaderSize"": ""14361"", ""maxKeepAliveRequests"": ""1223"", ""maxParameterCount"": ""52032"", ""maxSwallowSize"": ""2567862"", ""maxThreads"": ""317"", ""minSpareThreads"": ""868"", ""processorCache"": ""290"", ""tcpNoDelay"": ""FALSE"", ""threadPriority"": ""10"", ""threadsMaxIdleTime"": ""36203"", ""throughput__2"": ""1377.58"", ""useAsyncIO"": ""TRUE"", ""useVirtualThreads"": ""FALSE""}"
tomcat,tpe,3305,plain,false,146,1490.98,41.0,1490.98,10.097652673721313,"[8, 50, 10, False]",0.0,10.097513198852539,0.0,"{""acceptCount"": ""577"", ""allowBackslash"": ""FALSE"", ""compression"": ""off"", ""compressionMinSize"": ""8119"", ""connectionTimeout"": ""376504"", ""connectionUploadTimeout"": ""343938"", ""disableUploadTimeout"": ""TRUE"", ""executorTerminationTimeoutMillis"": ""561632"", ""keepAliveTimeout"": ""385824"", ""maxConnections"": ""3871"", ""maxHeaderCount"": ""227"", ""maxHttpHeaderSize"": ""19633"", ""maxHttpRequestHeaderSize"": ""8623"", ""maxHttpResponseHeaderSize"": ""57603"", ""maxKeepAliveRequests"": ""594"", ""maxParameterCount"": ""19740"", ""maxSwallowSize"": ""16858402"", ""maxThreads"": ""339"", ""minSpareThreads"": ""961"", ""processorCache"": ""161"", ""tcpNoDelay"": ""FALSE"", ""threadPriority"": ""4"", ""threadsMaxIdleTime"": ""180842"", ""throughput__2"": ""1490.98"", ""useAsyncIO"": ""FALSE"", ""useVirtualThreads"": ""FALSE""}"
tomcat,tpe,3305,plain,false,147,1437.88,43.89,1437.88,10.292151927947998,"[8, 50, 10, False]",0.0,10.292070388793945,0.0,"{""acceptCount"": ""534"", ""allowBackslash"": ""TRUE"", ""compression"": ""off"", ""compressionMinSize"": ""734"", ""connectionTimeout"": ""348248"", ""connectionUploadTimeout"": ""533657"", ""disableUploadTimeout"": ""TRUE"", ""executorTerminationTimeoutMillis"": ""96932"", ""keepAliveTimeout"": ""140602"", ""maxConnections"": ""615"", ""maxHeaderCount"": ""283"", ""maxHttpHeaderSize"": ""46108"", ""maxHttpRequestHeaderSize"": ""51227"", ""maxHttpResponseHeaderSize"": ""2804"", ""maxKeepAliveRequests"": ""2463"", ""maxParameterCount"": ""99996"", ""maxSwallowSize"": ""8743585"", ""maxThreads"": ""329"", ""minSpareThreads"": ""652"", ""processorCache"": ""5"", ""tcpNoDelay"": ""FALSE"", ""threadPriority"": ""2"", ""threadsMaxIdleTime"": ""580396"", ""throughput__2"": ""1437.88"", ""useAsyncIO"": ""TRUE"", ""useVirtualThreads"": ""FALSE""}"
tomcat,tpe,3305,plain,false,148,1410.41,42.27,1410.41,10.021053791046143,"[8, 50, 10, False]",0.0,10.020977020263672,0.0,"{""acceptCount"": ""971"", ""allowBackslash"": ""TRUE"", ""compression"": ""off"", ""compressionMinSize"": ""6197"", ""connectionTimeout"": ""39098"", ""connectionUploadTimeout"": ""97582"", ""disableUploadTimeout"": ""TRUE"", ""executorTerminationTimeoutMillis"": ""155602"", ""keepAliveTimeout"": ""524672"", ""maxConnections"": ""15644"", ""maxHeaderCount"": ""413"", ""maxHttpHeaderSize"": ""65416"", ""maxHttpRequestHeaderSize"": ""37960"", ""maxHttpResponseHeaderSize"": ""57985"", ""maxKeepAliveRequests"": ""3932"", ""maxParameterCount"": ""72688"", ""maxSwallowSize"": ""3198487"", ""maxThreads"": ""244"", ""minSpareThreads"": ""405"", ""processorCache"": ""94"", ""tcpNoDelay"": ""FALSE"", ""threadPriority"": ""5"", ""threadsMaxIdleTime"": ""65713"", ""throughput__2"": ""1410.41"", ""useAsyncIO"": ""FALSE"", ""useVirtualThreads"": ""FALSE""}"
tomcat,tpe,3305,plain,false,149,1421.03,40.24,1421.03,10.070677757263184,"[8, 50, 10, False]",0.0,10.070594072341919,0.0,"{""acceptCount"": ""266"", ""allowBackslash"": ""FALSE"", ""compression"": ""off"", ""compressionMinSize"": ""9763"", ""connectionTimeout"": ""300659"", ""connectionUploadTimeout"": ""81858"", ""disableUploadTimeout"": ""FALSE"", ""executorTerminationTimeoutMillis"": ""8390"", ""keepAliveTimeout"": ""435005"", ""maxConnections"": ""19702"", ""maxHeaderCount"": ""887"", ""maxHttpHeaderSize"": ""52660"", ""maxHttpRequestHeaderSize"": ""34715"", ""maxHttpResponseHeaderSize"": ""58050"", ""maxKeepAliveRequests"": ""1905"", ""maxParameterCount"": ""14069"", ""maxSwallowSize"": ""1221269"", ""maxThreads"": ""318"", ""minSpareThreads"": ""136"", ""processorCache"": ""242"", ""tcpNoDelay"": ""FALSE"", ""threadPriority"": ""9"", ""threadsMaxIdleTime"": ""358787"", ""throughput__2"": ""1421.03"", ""useAsyncIO"": ""TRUE"", ""useVirtualThreads"": ""FALSE""}"
tomcat,tpe,3305,plain,false,150,1447.01,41.57,1447.01,10.027905225753784,"[8, 50, 10, False]",0.0,10.027821779251099,0.0,"{""acceptCount"": ""612"", ""allowBackslash"": ""FALSE"", ""compression"": ""on"", ""compressionMinSize"": ""8197"", ""connectionTimeout"": ""297132"", ""connectionUploadTimeout"": ""84818"", ""disableUploadTimeout"": ""TRUE"", ""executorTerminationTimeoutMillis"": ""574323"", ""keepAliveTimeout"": ""18779"", ""maxConnections"": ""12994"", ""maxHeaderCount"": ""816"", ""maxHttpHeaderSize"": ""31021"", ""maxHttpRequestHeaderSize"": ""2313"", ""maxHttpResponseHeaderSize"": ""57762"", ""maxKeepAliveRequests"": ""3953"", ""maxParameterCount"": ""94686"", ""maxSwallowSize"": ""1826797"", ""maxThreads"": ""142"", ""minSpareThreads"": ""134"", ""processorCache"": ""329"", ""tcpNoDelay"": ""FALSE"", ""threadPriority"": ""7"", ""threadsMaxIdleTime"": ""361138"", ""throughput__2"": ""1447.01"", ""useAsyncIO"": ""TRUE"", ""useVirtualThreads"": ""FALSE""}"
tomcat,tpe,3305,plain,false,151,1450.62,53.8,1450.62,10.129822969436646,"[8, 50, 10, False]",0.0,10.12973928451538,0.0,"{""acceptCount"": ""18"", ""allowBackslash"": ""TRUE"", ""compression"": ""on"", ""compressionMinSize"": ""6170"", ""connectionTimeout"": ""424415"", ""connectionUploadTimeout"": ""383522"", ""disableUploadTimeout"": ""FALSE"", ""executorTerminationTimeoutMillis"": ""215086"", ""keepAliveTimeout"": ""325615"", ""maxConnections"": ""18429"", ""maxHeaderCount"": ""256"", ""maxHttpHeaderSize"": ""57312"", ""maxHttpRequestHeaderSize"": ""25372"", ""maxHttpResponseHeaderSize"": ""46923"", ""maxKeepAliveRequests"": ""1793"", ""maxParameterCount"": ""40257"", ""maxSwallowSize"": ""4699336"", ""maxThreads"": ""34"", ""minSpareThreads"": ""160"", ""processorCache"": ""191"", ""tcpNoDelay"": ""FALSE"", ""threadPriority"": ""5"", ""threadsMaxIdleTime"": ""592135"", ""throughput__2"": ""1450.62"", ""useAsyncIO"": ""TRUE"", ""useVirtualThreads"": ""FALSE""}"
tomcat,tpe,3305,plain,false,152,1409.52,41.16,1409.52,10.101179599761963,"[8, 50, 10, False]",0.0,10.10110068321228,0.0,"{""acceptCount"": ""162"", ""allowBackslash"": ""FALSE"", ""compression"": ""off"", ""compressionMinSize"": ""7030"", ""connectionTimeout"": ""485278"", ""connectionUploadTimeout"": ""83786"", ""disableUploadTimeout"": ""TRUE"", ""executorTerminationTimeoutMillis"": ""341192"", ""keepAliveTimeout"": ""419805"", ""maxConnections"": ""13536"", ""maxHeaderCount"": ""152"", ""maxHttpHeaderSize"": ""54929"", ""maxHttpRequestHeaderSize"": ""24724"", ""maxHttpResponseHeaderSize"": ""64348"", ""maxKeepAliveRequests"": ""673"", ""maxParameterCount"": ""20985"", ""maxSwallowSize"": ""9146875"", ""maxThreads"": ""116"", ""minSpareThreads"": ""293"", ""processorCache"": ""305"", ""tcpNoDelay"": ""TRUE"", ""threadPriority"": ""3"", ""threadsMaxIdleTime"": ""505960"", ""throughput__2"": ""1409.52"", ""useAsyncIO"": ""FALSE"", ""useVirtualThreads"": ""FALSE""}"
tomcat,tpe,3305,plain,false,153,1400.35,43.59,1400.35,10.121916770935059,"[8, 50, 10, False]",0.0,10.12183666229248,0.0,"{""acceptCount"": ""961"", ""allowBackslash"": ""TRUE"", ""compression"": ""off"", ""compressionMinSize"": ""3069"", ""connectionTimeout"": ""181918"", ""connectionUploadTimeout"": ""156018"", ""disableUploadTimeout"": ""TRUE"", ""executorTerminationTimeoutMillis"": ""925"", ""keepAliveTimeout"": ""307574"", ""maxConnections"": ""3785"", ""maxHeaderCount"": ""626"", ""maxHttpHeaderSize"": ""46425"", ""maxHttpRequestHeaderSize"": ""55745"", ""maxHttpResponseHeaderSize"": ""14544"", ""maxKeepAliveRequests"": ""263"", ""maxParameterCount"": ""80285"", ""maxSwallowSize"": ""5502718"", ""maxThreads"": ""119"", ""minSpareThreads"": ""978"", ""processorCache"": ""90"", ""tcpNoDelay"": ""FALSE"", ""threadPriority"": ""2"", ""threadsMaxIdleTime"": ""594799"", ""throughput__2"": ""1400.35"", ""useAsyncIO"": ""TRUE"", ""useVirtualThreads"": ""FALSE""}"
tomcat,tpe,3305,plain,false,154,1295.1,38.41,1295.1,10.654162645339966,"[8, 50, 10, False]",0.0,10.654081106185913,0.0,"{""acceptCount"": ""967"", ""allowBackslash"": ""TRUE"", ""compression"": ""off"", ""compressionMinSize"": ""9819"", ""connectionTimeout"": ""576466"", ""connectionUploadTimeout"": ""453681"", ""disableUploadTimeout"": ""TRUE"", ""executorTerminationTimeoutMillis"": ""438506"", ""keepAliveTimeout"": ""62803"", ""maxConnections"": ""2652"", ""maxHeaderCount"": ""272"", ""maxHttpHeaderSize"": ""15535"", ""maxHttpRequestHeaderSize"": ""60343"", ""maxHttpResponseHeaderSize"": ""30471"", ""maxKeepAliveRequests"": ""971"", ""maxParameterCount"": ""12146"", ""maxSwallowSize"": ""1052567"", ""maxThreads"": ""294"", ""minSpareThreads"": ""363"", ""processorCache"": ""195"", ""tcpNoDelay"": ""FALSE"", ""threadPriority"": ""7"", ""threadsMaxIdleTime"": ""543692"", ""throughput__2"": ""1295.1"", ""useAsyncIO"": ""TRUE"", ""useVirtualThreads"": ""TRUE""}"
tomcat,tpe,3305,plain,false,155,1450.77,41.13,1450.77,10.027592658996582,"[8, 50, 10, False]",0.0,10.027509927749634,0.0,"{""acceptCount"": ""966"", ""allowBackslash"": ""TRUE"", ""compression"": ""force"", ""compressionMinSize"": ""4724"", ""connectionTimeout"": ""390155"", ""connectionUploadTimeout"": ""50511"", ""disableUploadTimeout"": ""FALSE"", ""executorTerminationTimeoutMillis"": ""467834"", ""keepAliveTimeout"": ""104249"", ""maxConnections"": ""16384"", ""maxHeaderCount"": ""166"", ""maxHttpHeaderSize"": ""54440"", ""maxHttpRequestHeaderSize"": ""15322"", ""maxHttpResponseHeaderSize"": ""19597"", ""maxKeepAliveRequests"": ""3278"", ""maxParameterCount"": ""99958"", ""maxSwallowSize"": ""18997020"", ""maxThreads"": ""235"", ""minSpareThreads"": ""559"", ""processorCache"": ""275"", ""tcpNoDelay"": ""FALSE"", ""threadPriority"": ""8"", ""threadsMaxIdleTime"": ""38501"", ""throughput__2"": ""1450.77"", ""useAsyncIO"": ""TRUE"", ""useVirtualThreads"": ""FALSE""}"
tomcat,tpe,3305,plain,false,156,1375.07,50.93,1375.07,10.05480432510376,"[8, 50, 10, False]",0.0,10.054725885391235,0.0,"{""acceptCount"": ""785"", ""allowBackslash"": ""TRUE"", ""compression"": ""force"", ""compressionMinSize"": ""3723"", ""connectionTimeout"": ""251208"", ""connectionUploadTimeout"": ""386596"", ""disableUploadTimeout"": ""TRUE"", ""executorTerminationTimeoutMillis"": ""374900"", ""keepAliveTimeout"": ""95660"", ""maxConnections"": ""15690"", ""maxHeaderCount"": ""233"", ""maxHttpHeaderSize"": ""8472"", ""maxHttpRequestHeaderSize"": ""15064"", ""maxHttpResponseHeaderSize"": ""7345"", ""maxKeepAliveRequests"": ""2421"", ""maxParameterCount"": ""95615"", ""maxSwallowSize"": ""20229288"", ""maxThreads"": ""367"", ""minSpareThreads"": ""339"", ""processorCache"": ""147"", ""tcpNoDelay"": ""FALSE"", ""threadPriority"": ""7"", ""threadsMaxIdleTime"": ""34365"", ""throughput__2"": ""1375.07"", ""useAsyncIO"": ""TRUE"", ""useVirtualThreads"": ""FALSE""}"
tomcat,tpe,3305,plain,false,157,1421.24,47.37,1421.24,10.148775577545166,"[8, 50, 10, False]",0.0,10.148695945739746,0.0,"{""acceptCount"": ""719"", ""allowBackslash"": ""FALSE"", ""compression"": ""on"", ""compressionMinSize"": ""6768"", ""connectionTimeout"": ""233513"", ""connectionUploadTimeout"": ""124938"", ""disableUploadTimeout"": ""TRUE"", ""executorTerminationTimeoutMillis"": ""39637"", ""keepAliveTimeout"": ""66452"", ""maxConnections"": ""11219"", ""maxHeaderCount"": ""542"", ""maxHttpHeaderSize"": ""8099"", ""maxHttpRequestHeaderSize"": ""62350"", ""maxHttpResponseHeaderSize"": ""34424"", ""maxKeepAliveRequests"": ""4559"", ""maxParameterCount"": ""94692"", ""maxSwallowSize"": ""13632081"", ""maxThreads"": ""57"", ""minSpareThreads"": ""334"", ""processorCache"": ""245"", ""tcpNoDelay"": ""FALSE"", ""threadPriority"": ""2"", ""threadsMaxIdleTime"": ""112682"", ""throughput__2"": ""1421.24"", ""useAsyncIO"": ""TRUE"", ""useVirtualThreads"": ""FALSE""}"
tomcat,tpe,3305,plain,false,158,1424.13,42.77,1424.13,10.031635761260986,"[8, 50, 10, False]",0.0,10.031559467315674,0.0,"{""acceptCount"": ""925"", ""allowBackslash"": ""FALSE"", ""compression"": ""off"", ""compressionMinSize"": ""89"", ""connectionTimeout"": ""366434"", ""connectionUploadTimeout"": ""130241"", ""disableUploadTimeout"": ""TRUE"", ""executorTerminationTimeoutMillis"": ""454389"", ""keepAliveTimeout"": ""78205"", ""maxConnections"": ""2829"", ""maxHeaderCount"": ""304"", ""maxHttpHeaderSize"": ""6410"", ""maxHttpRequestHeaderSize"": ""64055"", ""maxHttpResponseHeaderSize"": ""39191"", ""maxKeepAliveRequests"": ""3933"", ""maxParameterCount"": ""79642"", ""maxSwallowSize"": ""6401557"", ""maxThreads"": ""56"", ""minSpareThreads"": ""855"", ""processorCache"": ""163"", ""tcpNoDelay"": ""FALSE"", ""threadPriority"": ""1"", ""threadsMaxIdleTime"": ""468900"", ""throughput__2"": ""1424.13"", ""useAsyncIO"": ""TRUE"", ""useVirtualThreads"": ""FALSE""}"
tomcat,tpe,3305,plain,false,159,1419.62,43.08,1419.62,10.099560022354126,"[8, 50, 10, False]",0.0,10.099478244781494,0.0,"{""acceptCount"": ""379"", ""allowBackslash"": ""TRUE"", ""compression"": ""force"", ""compressionMinSize"": ""1110"", ""connectionTimeout"": ""496387"", ""connectionUploadTimeout"": ""214996"", ""disableUploadTimeout"": ""TRUE"", ""executorTerminationTimeoutMillis"": ""88199"", ""keepAliveTimeout"": ""53483"", ""maxConnections"": ""277"", ""maxHeaderCount"": ""201"", ""maxHttpHeaderSize"": ""61190"", ""maxHttpRequestHeaderSize"": ""38201"", ""maxHttpResponseHeaderSize"": ""40618"", ""maxKeepAliveRequests"": ""2325"", ""maxParameterCount"": ""45380"", ""maxSwallowSize"": ""3640029"", ""maxThreads"": ""353"", ""minSpareThreads"": ""976"", ""processorCache"": ""183"", ""tcpNoDelay"": ""FALSE"", ""threadPriority"": ""1"", ""threadsMaxIdleTime"": ""420205"", ""throughput__2"": ""1419.62"", ""useAsyncIO"": ""TRUE"", ""useVirtualThreads"": ""FALSE""}"
tomcat,tpe,3305,plain,false,160,1431.9,51.89,1431.9,10.151123285293579,"[8, 50, 10, False]",0.0,10.151043891906738,0.0,"{""acceptCount"": ""626"", ""allowBackslash"": ""FALSE"", ""compression"": ""off"", ""compressionMinSize"": ""5857"", ""connectionTimeout"": ""252435"", ""connectionUploadTimeout"": ""122969"", ""disableUploadTimeout"": ""TRUE"", ""executorTerminationTimeoutMillis"": ""411986"", ""keepAliveTimeout"": ""404207"", ""maxConnections"": ""4615"", ""maxHeaderCount"": ""945"", ""maxHttpHeaderSize"": ""722"", ""maxHttpRequestHeaderSize"": ""27068"", ""maxHttpResponseHeaderSize"": ""59400"", ""maxKeepAliveRequests"": ""496"", ""maxParameterCount"": ""27555"", ""maxSwallowSize"": ""5357186"", ""maxThreads"": ""240"", ""minSpareThreads"": ""250"", ""processorCache"": ""356"", ""tcpNoDelay"": ""FALSE"", ""threadPriority"": ""7"", ""threadsMaxIdleTime"": ""446958"", ""throughput__2"": ""1431.9"", ""useAsyncIO"": ""FALSE"", ""useVirtualThreads"": ""FALSE""}"
tomcat,tpe,3305,plain,false,161,1455.06,39.67,1455.06,10.022332906723022,"[8, 50, 10, False]",0.0,10.022242546081543,0.0,"{""acceptCount"": ""301"", ""allowBackslash"": ""FALSE"", ""compression"": ""on"", ""compressionMinSize"": ""7494"", ""connectionTimeout"": ""409929"", ""connectionUploadTimeout"": ""8753"", ""disableUploadTimeout"": ""TRUE"", ""executorTerminationTimeoutMillis"": ""426429"", ""keepAliveTimeout"": ""74987"", ""maxConnections"": ""2578"", ""maxHeaderCount"": ""989"", ""maxHttpHeaderSize"": ""22727"", ""maxHttpRequestHeaderSize"": ""16317"", ""maxHttpResponseHeaderSize"": ""52280"", ""maxKeepAliveRequests"": ""285"", ""maxParameterCount"": ""59896"", ""maxSwallowSize"": ""6087141"", ""maxThreads"": ""157"", ""minSpareThreads"": ""384"", ""processorCache"": ""216"", ""tcpNoDelay"": ""FALSE"", ""threadPriority"": ""10"", ""threadsMaxIdleTime"": ""257834"", ""throughput__2"": ""1455.06"", ""useAsyncIO"": ""TRUE"", ""useVirtualThreads"": ""FALSE""}"
tomcat,tpe,3305,plain,false,162,1423.35,74.05,1423.35,10.124152660369873,"[8, 50, 10, False]",0.0,10.1240713596344,0.0,"{""acceptCount"": ""140"", ""allowBackslash"": ""FALSE"", ""compression"": ""force"", ""compressionMinSize"": ""788"", ""connectionTimeout"": ""329086"", ""connectionUploadTimeout"": ""75006"", ""disableUploadTimeout"": ""TRUE"", ""executorTerminationTimeoutMillis"": ""259844"", ""keepAliveTimeout"": ""206189"", ""maxConnections"": ""3115"", ""maxHeaderCount"": ""481"", ""maxHttpHeaderSize"": ""5758"", ""maxHttpRequestHeaderSize"": ""16004"", ""maxHttpResponseHeaderSize"": ""24426"", ""maxKeepAliveRequests"": ""2576"", ""maxParameterCount"": ""62592"", ""maxSwallowSize"": ""13965589"", ""maxThreads"": ""100"", ""minSpareThreads"": ""927"", ""processorCache"": ""108"", ""tcpNoDelay"": ""FALSE"", ""threadPriority"": ""6"", ""threadsMaxIdleTime"": ""277924"", ""throughput__2"": ""1423.35"", ""useAsyncIO"": ""FALSE"", ""useVirtualThreads"": ""FALSE""}"
tomcat,tpe,3305,plain,false,163,1515.83,39.32,1515.83,10.041008234024048,"[8, 50, 10, False]",0.0,10.040921211242676,0.0,"{""acceptCount"": ""436"", ""allowBackslash"": ""TRUE"", ""compression"": ""on"", ""compressionMinSize"": ""5958"", ""connectionTimeout"": ""500958"", ""connectionUploadTimeout"": ""166219"", ""disableUploadTimeout"": ""TRUE"", ""executorTerminationTimeoutMillis"": ""342921"", ""keepAliveTimeout"": ""375665"", ""maxConnections"": ""8356"", ""maxHeaderCount"": ""354"", ""maxHttpHeaderSize"": ""18454"", ""maxHttpRequestHeaderSize"": ""9439"", ""maxHttpResponseHeaderSize"": ""43916"", ""maxKeepAliveRequests"": ""399"", ""maxParameterCount"": ""31881"", ""maxSwallowSize"": ""13898390"", ""maxThreads"": ""319"", ""minSpareThreads"": ""12"", ""processorCache"": ""269"", ""tcpNoDelay"": ""FALSE"", ""threadPriority"": ""6"", ""threadsMaxIdleTime"": ""332285"", ""throughput__2"": ""1515.83"", ""useAsyncIO"": ""TRUE"", ""useVirtualThreads"": ""FALSE""}"
tomcat,tpe,3305,plain,false,164,1343.33,51.52,1343.33,10.137790441513062,"[8, 50, 10, False]",0.0,10.137710332870483,0.0,"{""acceptCount"": ""881"", ""allowBackslash"": ""FALSE"", ""compression"": ""force"", ""compressionMinSize"": ""4938"", ""connectionTimeout"": ""84388"", ""connectionUploadTimeout"": ""407845"", ""disableUploadTimeout"": ""TRUE"", ""executorTerminationTimeoutMillis"": ""582943"", ""keepAliveTimeout"": ""453910"", ""maxConnections"": ""14983"", ""maxHeaderCount"": ""401"", ""maxHttpHeaderSize"": ""10583"", ""maxHttpRequestHeaderSize"": ""7396"", ""maxHttpResponseHeaderSize"": ""63504"", ""maxKeepAliveRequests"": ""1253"", ""maxParameterCount"": ""50201"", ""maxSwallowSize"": ""20468463"", ""maxThreads"": ""313"", ""minSpareThreads"": ""666"", ""processorCache"": ""7"", ""tcpNoDelay"": ""FALSE"", ""threadPriority"": ""2"", ""threadsMaxIdleTime"": ""233923"", ""throughput__2"": ""1343.33"", ""useAsyncIO"": ""FALSE"", ""useVirtualThreads"": ""FALSE""}"
tomcat,tpe,3305,plain,false,165,1419.3,41.7,1419.3,10.022402286529541,"[8, 50, 10, False]",0.0,10.022322416305542,0.0,"{""acceptCount"": ""148"", ""allowBackslash"": ""TRUE"", ""compression"": ""force"", ""compressionMinSize"": ""3201"", ""connectionTimeout"": ""561603"", ""connectionUploadTimeout"": ""433091"", ""disableUploadTimeout"": ""TRUE"", ""executorTerminationTimeoutMillis"": ""434012"", ""keepAliveTimeout"": ""463487"", ""maxConnections"": ""10401"", ""maxHeaderCount"": ""313"", ""maxHttpHeaderSize"": ""46245"", ""maxHttpRequestHeaderSize"": ""62647"", ""maxHttpResponseHeaderSize"": ""51449"", ""maxKeepAliveRequests"": ""1157"", ""maxParameterCount"": ""3328"", ""maxSwallowSize"": ""6188257"", ""maxThreads"": ""346"", ""minSpareThreads"": ""953"", ""processorCache"": ""175"", ""tcpNoDelay"": ""FALSE"", ""threadPriority"": ""4"", ""threadsMaxIdleTime"": ""424167"", ""throughput__2"": ""1419.3"", ""useAsyncIO"": ""TRUE"", ""useVirtualThreads"": ""FALSE""}"
tomcat,tpe,3305,plain,false,166,1335.76,36.76,1335.76,10.069733381271362,"[8, 50, 10, False]",0.0,10.06965184211731,0.0,"{""acceptCount"": ""919"", ""allowBackslash"": ""TRUE"", ""compression"": ""force"", ""compressionMinSize"": ""4573"", ""connectionTimeout"": ""378885"", ""connectionUploadTimeout"": ""45465"", ""disableUploadTimeout"": ""FALSE"", ""executorTerminationTimeoutMillis"": ""505834"", ""keepAliveTimeout"": ""196562"", ""maxConnections"": ""16609"", ""maxHeaderCount"": ""420"", ""maxHttpHeaderSize"": ""64040"", ""maxHttpRequestHeaderSize"": ""8029"", ""maxHttpResponseHeaderSize"": ""13271"", ""maxKeepAliveRequests"": ""4523"", ""maxParameterCount"": ""76423"", ""maxSwallowSize"": ""13293211"", ""maxThreads"": ""37"", ""minSpareThreads"": ""575"", ""processorCache"": ""92"", ""tcpNoDelay"": ""FALSE"", ""threadPriority"": ""8"", ""threadsMaxIdleTime"": ""426193"", ""throughput__2"": ""1335.76"", ""useAsyncIO"": ""TRUE"", ""useVirtualThreads"": ""TRUE""}"
tomcat,tpe,3305,plain,false,167,1320.48,37.41,1320.48,10.04749846458435,"[8, 50, 10, False]",0.0,10.047418355941772,0.0,"{""acceptCount"": ""907"", ""allowBackslash"": ""TRUE"", ""compression"": ""on"", ""compressionMinSize"": ""1224"", ""connectionTimeout"": ""487024"", ""connectionUploadTimeout"": ""119896"", ""disableUploadTimeout"": ""TRUE"", ""executorTerminationTimeoutMillis"": ""386573"", ""keepAliveTimeout"": ""20688"", ""maxConnections"": ""12113"", ""maxHeaderCount"": ""365"", ""maxHttpHeaderSize"": ""19650"", ""maxHttpRequestHeaderSize"": ""27833"", ""maxHttpResponseHeaderSize"": ""14179"", ""maxKeepAliveRequests"": ""1120"", ""maxParameterCount"": ""23934"", ""maxSwallowSize"": ""13455562"", ""maxThreads"": ""155"", ""minSpareThreads"": ""164"", ""processorCache"": ""393"", ""tcpNoDelay"": ""FALSE"", ""threadPriority"": ""8"", ""threadsMaxIdleTime"": ""271851"", ""throughput__2"": ""1320.48"", ""useAsyncIO"": ""TRUE"", ""useVirtualThreads"": ""TRUE""}"
tomcat,tpe,3305,plain,false,168,1453.37,40.08,1453.37,10.022602796554565,"[8, 50, 10, False]",0.0,10.022521018981934,0.0,"{""acceptCount"": ""99"", ""allowBackslash"": ""TRUE"", ""compression"": ""on"", ""compressionMinSize"": ""1091"", ""connectionTimeout"": ""541028"", ""connectionUploadTimeout"": ""250061"", ""disableUploadTimeout"": ""FALSE"", ""executorTerminationTimeoutMillis"": ""177371"", ""keepAliveTimeout"": ""112964"", ""maxConnections"": ""15010"", ""maxHeaderCount"": ""23"", ""maxHttpHeaderSize"": ""54596"", ""maxHttpRequestHeaderSize"": ""60265"", ""maxHttpResponseHeaderSize"": ""49168"", ""maxKeepAliveRequests"": ""1368"", ""maxParameterCount"": ""57290"", ""maxSwallowSize"": ""425206"", ""maxThreads"": ""195"", ""minSpareThreads"": ""201"", ""processorCache"": ""352"", ""tcpNoDelay"": ""FALSE"", ""threadPriority"": ""9"", ""threadsMaxIdleTime"": ""524697"", ""throughput__2"": ""1453.37"", ""useAsyncIO"": ""TRUE"", ""useVirtualThreads"": ""FALSE""}"
tomcat,tpe,3305,plain,false,169,1370.74,56.18,1370.74,10.169778823852539,"[8, 50, 10, False]",0.0,10.169695615768433,0.0,"{""acceptCount"": ""329"", ""allowBackslash"": ""FALSE"", ""compression"": ""off"", ""compressionMinSize"": ""8602"", ""connectionTimeout"": ""329239"", ""connectionUploadTimeout"": ""562161"", ""disableUploadTimeout"": ""TRUE"", ""executorTerminationTimeoutMillis"": ""523378"", ""keepAliveTimeout"": ""476289"", ""maxConnections"": ""16852"", ""maxHeaderCount"": ""177"", ""maxHttpHeaderSize"": ""38764"", ""maxHttpRequestHeaderSize"": ""23943"", ""maxHttpResponseHeaderSize"": ""54912"", ""maxKeepAliveRequests"": ""197"", ""maxParameterCount"": ""17292"", ""maxSwallowSize"": ""5765276"", ""maxThreads"": ""170"", ""minSpareThreads"": ""622"", ""processorCache"": ""274"", ""tcpNoDelay"": ""FALSE"", ""threadPriority"": ""3"", ""threadsMaxIdleTime"": ""116425"", ""throughput__2"": ""1370.74"", ""useAsyncIO"": ""TRUE"", ""useVirtualThreads"": ""FALSE""}"
tomcat,tpe,3305,plain,false,170,1420.02,40.94,1420.02,10.058019876480103,"[8, 50, 10, False]",0.0,10.057939291000366,0.0,"{""acceptCount"": ""668"", ""allowBackslash"": ""TRUE"", ""compression"": ""off"", ""compressionMinSize"": ""8785"", ""connectionTimeout"": ""196631"", ""connectionUploadTimeout"": ""104769"", ""disableUploadTimeout"": ""FALSE"", ""executorTerminationTimeoutMillis"": ""307092"", ""keepAliveTimeout"": ""586835"", ""maxConnections"": ""5693"", ""maxHeaderCount"": ""901"", ""maxHttpHeaderSize"": ""11758"", ""maxHttpRequestHeaderSize"": ""8078"", ""maxHttpResponseHeaderSize"": ""3372"", ""maxKeepAliveRequests"": ""4823"", ""maxParameterCount"": ""84294"", ""maxSwallowSize"": ""6053551"", ""maxThreads"": ""142"", ""minSpareThreads"": ""150"", ""processorCache"": ""79"", ""tcpNoDelay"": ""FALSE"", ""threadPriority"": ""8"", ""threadsMaxIdleTime"": ""226357"", ""throughput__2"": ""1420.02"", ""useAsyncIO"": ""FALSE"", ""useVirtualThreads"": ""FALSE""}"
tomcat,tpe,3305,plain,false,171,1436.32,39.78,1436.32,10.020340204238892,"[8, 50, 10, False]",0.0,10.020257234573364,0.0,"{""acceptCount"": ""892"", ""allowBackslash"": ""FALSE"", ""compression"": ""on"", ""compressionMinSize"": ""1056"", ""connectionTimeout"": ""101368"", ""connectionUploadTimeout"": ""580711"", ""disableUploadTimeout"": ""FALSE"", ""executorTerminationTimeoutMillis"": ""310421"", ""keepAliveTimeout"": ""18334"", ""maxConnections"": ""3564"", ""maxHeaderCount"": ""3"", ""maxHttpHeaderSize"": ""7635"", ""maxHttpRequestHeaderSize"": ""49818"", ""maxHttpResponseHeaderSize"": ""40773"", ""maxKeepAliveRequests"": ""373"", ""maxParameterCount"": ""96270"", ""maxSwallowSize"": ""6519671"", ""maxThreads"": ""363"", ""minSpareThreads"": ""151"", ""processorCache"": ""386"", ""tcpNoDelay"": ""FALSE"", ""threadPriority"": ""1"", ""threadsMaxIdleTime"": ""125783"", ""throughput__2"": ""1436.32"", ""useAsyncIO"": ""FALSE"", ""useVirtualThreads"": ""FALSE""}"
tomcat,tpe,3305,plain,false,172,1418.1,47.12,1418.1,10.108739852905273,"[8, 50, 10, False]",0.0,10.108659267425537,0.0,"{""acceptCount"": ""467"", ""allowBackslash"": ""FALSE"", ""compression"": ""on"", ""compressionMinSize"": ""2553"", ""connectionTimeout"": ""164284"", ""connectionUploadTimeout"": ""116554"", ""disableUploadTimeout"": ""TRUE"", ""executorTerminationTimeoutMillis"": ""479418"", ""keepAliveTimeout"": ""311074"", ""maxConnections"": ""18863"", ""maxHeaderCount"": ""794"", ""maxHttpHeaderSize"": ""42668"", ""maxHttpRequestHeaderSize"": ""39545"", ""maxHttpResponseHeaderSize"": ""64525"", ""maxKeepAliveRequests"": ""2905"", ""maxParameterCount"": ""21111"", ""maxSwallowSize"": ""1259525"", ""maxThreads"": ""109"", ""minSpareThreads"": ""470"", ""processorCache"": ""93"", ""tcpNoDelay"": ""FALSE"", ""threadPriority"": ""8"", ""threadsMaxIdleTime"": ""590476"", ""throughput__2"": ""1418.1"", ""useAsyncIO"": ""TRUE"", ""useVirtualThreads"": ""FALSE""}"
tomcat,tpe,3305,plain,false,173,1441.27,38.65,1441.27,10.115688800811768,"[8, 50, 10, False]",0.0,10.115607023239136,0.0,"{""acceptCount"": ""106"", ""allowBackslash"": ""TRUE"", ""compression"": ""force"", ""compressionMinSize"": ""6224"", ""connectionTimeout"": ""268237"", ""connectionUploadTimeout"": ""551719"", ""disableUploadTimeout"": ""FALSE"", ""executorTerminationTimeoutMillis"": ""541958"", ""keepAliveTimeout"": ""500105"", ""maxConnections"": ""303"", ""maxHeaderCount"": ""869"", ""maxHttpHeaderSize"": ""43835"", ""maxHttpRequestHeaderSize"": ""16369"", ""maxHttpResponseHeaderSize"": ""33979"", ""maxKeepAliveRequests"": ""2525"", ""maxParameterCount"": ""92832"", ""maxSwallowSize"": ""9830133"", ""maxThreads"": ""300"", ""minSpareThreads"": ""707"", ""processorCache"": ""293"", ""tcpNoDelay"": ""FALSE"", ""threadPriority"": ""1"", ""threadsMaxIdleTime"": ""258331"", ""throughput__2"": ""1441.27"", ""useAsyncIO"": ""FALSE"", ""useVirtualThreads"": ""FALSE""}"
tomcat,tpe,3305,plain,false,174,1378.84,41.31,1378.84,10.015345811843872,"[8, 50, 10, False]",0.0,10.015267610549927,0.0,"{""acceptCount"": ""544"", ""allowBackslash"": ""TRUE"", ""compression"": ""force"", ""compressionMinSize"": ""3373"", ""connectionTimeout"": ""322559"", ""connectionUploadTimeout"": ""134929"", ""disableUploadTimeout"": ""FALSE"", ""executorTerminationTimeoutMillis"": ""503742"", ""keepAliveTimeout"": ""145429"", ""maxConnections"": ""8336"", ""maxHeaderCount"": ""61"", ""maxHttpHeaderSize"": ""35185"", ""maxHttpRequestHeaderSize"": ""55412"", ""maxHttpResponseHeaderSize"": ""17076"", ""maxKeepAliveRequests"": ""1835"", ""maxParameterCount"": ""74627"", ""maxSwallowSize"": ""18138835"", ""maxThreads"": ""217"", ""minSpareThreads"": ""78"", ""processorCache"": ""394"", ""tcpNoDelay"": ""TRUE"", ""threadPriority"": ""10"", ""threadsMaxIdleTime"": ""131362"", ""throughput__2"": ""1378.84"", ""useAsyncIO"": ""TRUE"", ""useVirtualThreads"": ""FALSE""}"
tomcat,tpe,3305,plain,false,175,1371.81,45.38,1371.81,10.26590871810913,"[8, 50, 10, False]",0.0,10.265827178955078,0.0,"{""acceptCount"": ""811"", ""allowBackslash"": ""TRUE"", ""compression"": ""on"", ""compressionMinSize"": ""9769"", ""connectionTimeout"": ""524964"", ""connectionUploadTimeout"": ""204221"", ""disableUploadTimeout"": ""TRUE"", ""executorTerminationTimeoutMillis"": ""532478"", ""keepAliveTimeout"": ""528872"", ""maxConnections"": ""11435"", ""maxHeaderCount"": ""232"", ""maxHttpHeaderSize"": ""13522"", ""maxHttpRequestHeaderSize"": ""59115"", ""maxHttpResponseHeaderSize"": ""18812"", ""maxKeepAliveRequests"": ""162"", ""maxParameterCount"": ""27141"", ""maxSwallowSize"": ""18251771"", ""maxThreads"": ""360"", ""minSpareThreads"": ""581"", ""processorCache"": ""86"", ""tcpNoDelay"": ""FALSE"", ""threadPriority"": ""7"", ""threadsMaxIdleTime"": ""530413"", ""throughput__2"": ""1371.81"", ""useAsyncIO"": ""TRUE"", ""useVirtualThreads"": ""FALSE""}"
tomcat,tpe,3305,plain,false,176,1472.57,40.11,1472.57,10.019586324691772,"[8, 50, 10, False]",0.0,10.019508361816406,0.0,"{""acceptCount"": ""745"", ""allowBackslash"": ""FALSE"", ""compression"": ""on"", ""compressionMinSize"": ""5016"", ""connectionTimeout"": ""309261"", ""connectionUploadTimeout"": ""315737"", ""disableUploadTimeout"": ""TRUE"", ""executorTerminationTimeoutMillis"": ""454964"", ""keepAliveTimeout"": ""156739"", ""maxConnections"": ""13347"", ""maxHeaderCount"": ""619"", ""maxHttpHeaderSize"": ""61864"", ""maxHttpRequestHeaderSize"": ""15260"", ""maxHttpResponseHeaderSize"": ""1981"", ""maxKeepAliveRequests"": ""4713"", ""maxParameterCount"": ""52850"", ""maxSwallowSize"": ""10043537"", ""maxThreads"": ""306"", ""minSpareThreads"": ""162"", ""processorCache"": ""46"", ""tcpNoDelay"": ""FALSE"", ""threadPriority"": ""6"", ""threadsMaxIdleTime"": ""358693"", ""throughput__2"": ""1472.57"", ""useAsyncIO"": ""FALSE"", ""useVirtualThreads"": ""FALSE""}"
tomcat,tpe,3305,plain,false,177,1454.06,41.47,1454.06,10.11070966720581,"[8, 50, 10, False]",0.0,10.110629796981812,0.0,"{""acceptCount"": ""820"", ""allowBackslash"": ""TRUE"", ""compression"": ""on"", ""compressionMinSize"": ""1224"", ""connectionTimeout"": ""275213"", ""connectionUploadTimeout"": ""1872"", ""disableUploadTimeout"": ""FALSE"", ""executorTerminationTimeoutMillis"": ""111951"", ""keepAliveTimeout"": ""475089"", ""maxConnections"": ""16353"", ""maxHeaderCount"": ""355"", ""maxHttpHeaderSize"": ""46847"", ""maxHttpRequestHeaderSize"": ""62718"", ""maxHttpResponseHeaderSize"": ""1311"", ""maxKeepAliveRequests"": ""1011"", ""maxParameterCount"": ""36190"", ""maxSwallowSize"": ""5254108"", ""maxThreads"": ""68"", ""minSpareThreads"": ""771"", ""processorCache"": ""284"", ""tcpNoDelay"": ""FALSE"", ""threadPriority"": ""9"", ""threadsMaxIdleTime"": ""298267"", ""throughput__2"": ""1454.06"", ""useAsyncIO"": ""TRUE"", ""useVirtualThreads"": ""FALSE""}"
tomcat,tpe,3305,plain,false,178,1433.98,48.88,1433.98,10.117435693740845,"[8, 50, 10, False]",0.0,10.11735200881958,0.0,"{""acceptCount"": ""67"", ""allowBackslash"": ""TRUE"", ""compression"": ""force"", ""compressionMinSize"": ""6193"", ""connectionTimeout"": ""551936"", ""connectionUploadTimeout"": ""359634"", ""disableUploadTimeout"": ""FALSE"", ""executorTerminationTimeoutMillis"": ""471104"", ""keepAliveTimeout"": ""205615"", ""maxConnections"": ""12879"", ""maxHeaderCount"": ""624"", ""maxHttpHeaderSize"": ""31746"", ""maxHttpRequestHeaderSize"": ""4515"", ""maxHttpResponseHeaderSize"": ""51968"", ""maxKeepAliveRequests"": ""432"", ""maxParameterCount"": ""13964"", ""maxSwallowSize"": ""12653088"", ""maxThreads"": ""289"", ""minSpareThreads"": ""53"", ""processorCache"": ""219"", ""tcpNoDelay"": ""FALSE"", ""threadPriority"": ""2"", ""threadsMaxIdleTime"": ""254161"", ""throughput__2"": ""1433.98"", ""useAsyncIO"": ""TRUE"", ""useVirtualThreads"": ""FALSE""}"
tomcat,tpe,3305,plain,false,179,1431.04,45.26,1431.04,10.023102283477783,"[8, 50, 10, False]",0.0,10.023015975952148,0.0,"{""acceptCount"": ""546"", ""allowBackslash"": ""FALSE"", ""compression"": ""force"", ""compressionMinSize"": ""1765"", ""connectionTimeout"": ""239372"", ""connectionUploadTimeout"": ""410637"", ""disableUploadTimeout"": ""FALSE"", ""executorTerminationTimeoutMillis"": ""127165"", ""keepAliveTimeout"": ""299608"", ""maxConnections"": ""13713"", ""maxHeaderCount"": ""3"", ""maxHttpHeaderSize"": ""61003"", ""maxHttpRequestHeaderSize"": ""42264"", ""maxHttpResponseHeaderSize"": ""53598"", ""maxKeepAliveRequests"": ""2103"", ""maxParameterCount"": ""89509"", ""maxSwallowSize"": ""18658026"", ""maxThreads"": ""368"", ""minSpareThreads"": ""19"", ""processorCache"": ""10"", ""tcpNoDelay"": ""FALSE"", ""threadPriority"": ""4"", ""threadsMaxIdleTime"": ""187369"", ""throughput__2"": ""1431.04"", ""useAsyncIO"": ""TRUE"", ""useVirtualThreads"": ""FALSE""}"
tomcat,tpe,3305,plain,false,180,1386.92,47.72,1386.92,10.107154846191406,"[8, 50, 10, False]",0.0,10.107075452804565,0.0,"{""acceptCount"": ""621"", ""allowBackslash"": ""FALSE"", ""compression"": ""off"", ""compressionMinSize"": ""5505"", ""connectionTimeout"": ""591422"", ""connectionUploadTimeout"": ""160946"", ""disableUploadTimeout"": ""FALSE"", ""executorTerminationTimeoutMillis"": ""404924"", ""keepAliveTimeout"": ""446632"", ""maxConnections"": ""3810"", ""maxHeaderCount"": ""519"", ""maxHttpHeaderSize"": ""34343"", ""maxHttpRequestHeaderSize"": ""8986"", ""maxHttpResponseHeaderSize"": ""53446"", ""maxKeepAliveRequests"": ""1313"", ""maxParameterCount"": ""38474"", ""maxSwallowSize"": ""12148760"", ""maxThreads"": ""204"", ""minSpareThreads"": ""656"", ""processorCache"": ""263"", ""tcpNoDelay"": ""FALSE"", ""threadPriority"": ""1"", ""threadsMaxIdleTime"": ""182773"", ""throughput__2"": ""1386.92"", ""useAsyncIO"": ""FALSE"", ""useVirtualThreads"": ""FALSE""}"
tomcat,tpe,3305,plain,false,181,1425.86,44.43,1425.86,10.024593591690063,"[8, 50, 10, False]",0.0,10.024506568908691,0.0,"{""acceptCount"": ""397"", ""allowBackslash"": ""FALSE"", ""compression"": ""off"", ""compressionMinSize"": ""9424"", ""connectionTimeout"": ""554920"", ""connectionUploadTimeout"": ""27596"", ""disableUploadTimeout"": ""TRUE"", ""executorTerminationTimeoutMillis"": ""307045"", ""keepAliveTimeout"": ""9050"", ""maxConnections"": ""19548"", ""maxHeaderCount"": ""652"", ""maxHttpHeaderSize"": ""31568"", ""maxHttpRequestHeaderSize"": ""28827"", ""maxHttpResponseHeaderSize"": ""43843"", ""maxKeepAliveRequests"": ""4535"", ""maxParameterCount"": ""34321"", ""maxSwallowSize"": ""18000810"", ""maxThreads"": ""347"", ""minSpareThreads"": ""253"", ""processorCache"": ""374"", ""tcpNoDelay"": ""FALSE"", ""threadPriority"": ""1"", ""threadsMaxIdleTime"": ""434072"", ""throughput__2"": ""1425.86"", ""useAsyncIO"": ""FALSE"", ""useVirtualThreads"": ""FALSE""}"
tomcat,tpe,3305,plain,false,182,1440.8,42.02,1440.8,10.10970950126648,"[8, 50, 10, False]",0.0,10.109631061553955,0.0,"{""acceptCount"": ""848"", ""allowBackslash"": ""TRUE"", ""compression"": ""on"", ""compressionMinSize"": ""6720"", ""connectionTimeout"": ""589675"", ""connectionUploadTimeout"": ""450787"", ""disableUploadTimeout"": ""TRUE"", ""executorTerminationTimeoutMillis"": ""512587"", ""keepAliveTimeout"": ""395831"", ""maxConnections"": ""5533"", ""maxHeaderCount"": ""391"", ""maxHttpHeaderSize"": ""37036"", ""maxHttpRequestHeaderSize"": ""11230"", ""maxHttpResponseHeaderSize"": ""19637"", ""maxKeepAliveRequests"": ""4520"", ""maxParameterCount"": ""38056"", ""maxSwallowSize"": ""17957418"", ""maxThreads"": ""322"", ""minSpareThreads"": ""101"", ""processorCache"": ""70"", ""tcpNoDelay"": ""TRUE"", ""threadPriority"": ""10"", ""threadsMaxIdleTime"": ""313243"", ""throughput__2"": ""1440.8"", ""useAsyncIO"": ""TRUE"", ""useVirtualThreads"": ""FALSE""}"
tomcat,tpe,3305,plain,false,183,1339.69,36.5,1339.69,10.03585171699524,"[8, 50, 10, False]",0.0,10.035770177841187,0.0,"{""acceptCount"": ""57"", ""allowBackslash"": ""FALSE"", ""compression"": ""on"", ""compressionMinSize"": ""4920"", ""connectionTimeout"": ""566034"", ""connectionUploadTimeout"": ""327589"", ""disableUploadTimeout"": ""TRUE"", ""executorTerminationTimeoutMillis"": ""228118"", ""keepAliveTimeout"": ""266493"", ""maxConnections"": ""18065"", ""maxHeaderCount"": ""274"", ""maxHttpHeaderSize"": ""58746"", ""maxHttpRequestHeaderSize"": ""64043"", ""maxHttpResponseHeaderSize"": ""7648"", ""maxKeepAliveRequests"": ""1088"", ""maxParameterCount"": ""14992"", ""maxSwallowSize"": ""8264892"", ""maxThreads"": ""367"", ""minSpareThreads"": ""278"", ""processorCache"": ""205"", ""tcpNoDelay"": ""FALSE"", ""threadPriority"": ""3"", ""threadsMaxIdleTime"": ""242544"", ""throughput__2"": ""1339.69"", ""useAsyncIO"": ""TRUE"", ""useVirtualThreads"": ""TRUE""}"
tomcat,tpe,3305,plain,false,184,1373.12,42.94,1373.12,10.098163604736328,"[8, 50, 10, False]",0.0,10.098079919815063,0.0,"{""acceptCount"": ""391"", ""allowBackslash"": ""TRUE"", ""compression"": ""on"", ""compressionMinSize"": ""6091"", ""connectionTimeout"": ""225184"", ""connectionUploadTimeout"": ""351311"", ""disableUploadTimeout"": ""TRUE"", ""executorTerminationTimeoutMillis"": ""383739"", ""keepAliveTimeout"": ""72356"", ""maxConnections"": ""13336"", ""maxHeaderCount"": ""629"", ""maxHttpHeaderSize"": ""44306"", ""maxHttpRequestHeaderSize"": ""5678"", ""maxHttpResponseHeaderSize"": ""37078"", ""maxKeepAliveRequests"": ""4861"", ""maxParameterCount"": ""77890"", ""maxSwallowSize"": ""13514197"", ""maxThreads"": ""212"", ""minSpareThreads"": ""125"", ""processorCache"": ""136"", ""tcpNoDelay"": ""TRUE"", ""threadPriority"": ""8"", ""threadsMaxIdleTime"": ""270432"", ""throughput__2"": ""1373.12"", ""useAsyncIO"": ""TRUE"", ""useVirtualThreads"": ""FALSE""}"
tomcat,tpe,3305,plain,false,185,1393.91,73.8,1393.91,10.1057870388031,"[8, 50, 10, False]",0.0,10.105705738067627,0.0,"{""acceptCount"": ""780"", ""allowBackslash"": ""TRUE"", ""compression"": ""off"", ""compressionMinSize"": ""4820"", ""connectionTimeout"": ""237273"", ""connectionUploadTimeout"": ""16187"", ""disableUploadTimeout"": ""TRUE"", ""executorTerminationTimeoutMillis"": ""134915"", ""keepAliveTimeout"": ""54016"", ""maxConnections"": ""10195"", ""maxHeaderCount"": ""1"", ""maxHttpHeaderSize"": ""38049"", ""maxHttpRequestHeaderSize"": ""56757"", ""maxHttpResponseHeaderSize"": ""21714"", ""maxKeepAliveRequests"": ""4581"", ""maxParameterCount"": ""65972"", ""maxSwallowSize"": ""11791481"", ""maxThreads"": ""319"", ""minSpareThreads"": ""320"", ""processorCache"": ""20"", ""tcpNoDelay"": ""FALSE"", ""threadPriority"": ""4"", ""threadsMaxIdleTime"": ""343396"", ""throughput__2"": ""1393.91"", ""useAsyncIO"": ""TRUE"", ""useVirtualThreads"": ""FALSE""}"
tomcat,tpe,3305,plain,false,186,1350.43,44.86,1350.43,10.034179449081421,"[8, 50, 10, False]",0.0,10.034098863601685,0.0,"{""acceptCount"": ""418"", ""allowBackslash"": ""FALSE"", ""compression"": ""on"", ""compressionMinSize"": ""3885"", ""connectionTimeout"": ""519865"", ""connectionUploadTimeout"": ""20299"", ""disableUploadTimeout"": ""TRUE"", ""executorTerminationTimeoutMillis"": ""474139"", ""keepAliveTimeout"": ""248554"", ""maxConnections"": ""5309"", ""maxHeaderCount"": ""505"", ""maxHttpHeaderSize"": ""28176"", ""maxHttpRequestHeaderSize"": ""7338"", ""maxHttpResponseHeaderSize"": ""61932"", ""maxKeepAliveRequests"": ""1336"", ""maxParameterCount"": ""65454"", ""maxSwallowSize"": ""13824765"", ""maxThreads"": ""244"", ""minSpareThreads"": ""796"", ""processorCache"": ""239"", ""tcpNoDelay"": ""FALSE"", ""threadPriority"": ""8"", ""threadsMaxIdleTime"": ""269963"", ""throughput__2"": ""1350.43"", ""useAsyncIO"": ""TRUE"", ""useVirtualThreads"": ""FALSE""}"
tomcat,tpe,3305,plain,false,187,1427.43,44.91,1427.43,10.054516315460205,"[8, 50, 10, False]",0.0,10.054432392120361,0.0,"{""acceptCount"": ""304"", ""allowBackslash"": ""FALSE"", ""compression"": ""on"", ""compressionMinSize"": ""6859"", ""connectionTimeout"": ""552329"", ""connectionUploadTimeout"": ""485713"", ""disableUploadTimeout"": ""TRUE"", ""executorTerminationTimeoutMillis"": ""333364"", ""keepAliveTimeout"": ""292501"", ""maxConnections"": ""16865"", ""maxHeaderCount"": ""825"", ""maxHttpHeaderSize"": ""27175"", ""maxHttpRequestHeaderSize"": ""39792"", ""maxHttpResponseHeaderSize"": ""3343"", ""maxKeepAliveRequests"": ""4319"", ""maxParameterCount"": ""25640"", ""maxSwallowSize"": ""1135813"", ""maxThreads"": ""331"", ""minSpareThreads"": ""428"", ""processorCache"": ""30"", ""tcpNoDelay"": ""FALSE"", ""threadPriority"": ""8"", ""threadsMaxIdleTime"": ""406513"", ""throughput__2"": ""1427.43"", ""useAsyncIO"": ""FALSE"", ""useVirtualThreads"": ""FALSE""}"
tomcat,tpe,3305,plain,false,188,1389.51,42.93,1389.51,10.042448043823242,"[8, 50, 10, False]",0.0,10.042370796203613,0.0,"{""acceptCount"": ""767"", ""allowBackslash"": ""FALSE"", ""compression"": ""force"", ""compressionMinSize"": ""9018"", ""connectionTimeout"": ""562199"", ""connectionUploadTimeout"": ""509613"", ""disableUploadTimeout"": ""TRUE"", ""executorTerminationTimeoutMillis"": ""230497"", ""keepAliveTimeout"": ""520378"", ""maxConnections"": ""7720"", ""maxHeaderCount"": ""319"", ""maxHttpHeaderSize"": ""14488"", ""maxHttpRequestHeaderSize"": ""62745"", ""maxHttpResponseHeaderSize"": ""1701"", ""maxKeepAliveRequests"": ""4161"", ""maxParameterCount"": ""36725"", ""maxSwallowSize"": ""8405408"", ""maxThreads"": ""296"", ""minSpareThreads"": ""172"", ""processorCache"": ""19"", ""tcpNoDelay"": ""FALSE"", ""threadPriority"": ""5"", ""threadsMaxIdleTime"": ""395666"", ""throughput__2"": ""1389.51"", ""useAsyncIO"": ""TRUE"", ""useVirtualThreads"": ""FALSE""}"
tomcat,tpe,3305,plain,false,189,1457.09,40.37,1457.09,10.022599220275879,"[8, 50, 10, False]",0.0,10.02251935005188,0.0,"{""acceptCount"": ""721"", ""allowBackslash"": ""FALSE"", ""compression"": ""off"", ""compressionMinSize"": ""4007"", ""connectionTimeout"": ""196278"", ""connectionUploadTimeout"": ""51384"", ""disableUploadTimeout"": ""FALSE"", ""executorTerminationTimeoutMillis"": ""549920"", ""keepAliveTimeout"": ""309236"", ""maxConnections"": ""5556"", ""maxHeaderCount"": ""320"", ""maxHttpHeaderSize"": ""56663"", ""maxHttpRequestHeaderSize"": ""64242"", ""maxHttpResponseHeaderSize"": ""27178"", ""maxKeepAliveRequests"": ""4709"", ""maxParameterCount"": ""37442"", ""maxSwallowSize"": ""19276525"", ""maxThreads"": ""59"", ""minSpareThreads"": ""608"", ""processorCache"": ""245"", ""tcpNoDelay"": ""FALSE"", ""threadPriority"": ""5"", ""threadsMaxIdleTime"": ""11724"", ""throughput__2"": ""1457.09"", ""useAsyncIO"": ""TRUE"", ""useVirtualThreads"": ""FALSE""}"
tomcat,tpe,3305,plain,false,190,1435.71,38.63,1435.71,10.095580577850342,"[8, 50, 10, False]",0.0,10.095486402511597,0.0,"{""acceptCount"": ""343"", ""allowBackslash"": ""TRUE"", ""compression"": ""force"", ""compressionMinSize"": ""2144"", ""connectionTimeout"": ""526143"", ""connectionUploadTimeout"": ""394361"", ""disableUploadTimeout"": ""FALSE"", ""executorTerminationTimeoutMillis"": ""440246"", ""keepAliveTimeout"": ""143596"", ""maxConnections"": ""10404"", ""maxHeaderCount"": ""189"", ""maxHttpHeaderSize"": ""32460"", ""maxHttpRequestHeaderSize"": ""14732"", ""maxHttpResponseHeaderSize"": ""55799"", ""maxKeepAliveRequests"": ""4764"", ""maxParameterCount"": ""94435"", ""maxSwallowSize"": ""11037383"", ""maxThreads"": ""202"", ""minSpareThreads"": ""660"", ""processorCache"": ""95"", ""tcpNoDelay"": ""FALSE"", ""threadPriority"": ""6"", ""threadsMaxIdleTime"": ""49247"", ""throughput__2"": ""1435.71"", ""useAsyncIO"": ""TRUE"", ""useVirtualThreads"": ""FALSE""}"
tomcat,tpe,3305,plain,false,191,1398.56,44.22,1398.56,10.045901775360107,"[8, 50, 10, False]",0.0,10.045821189880371,0.0,"{""acceptCount"": ""663"", ""allowBackslash"": ""TRUE"", ""compression"": ""on"", ""compressionMinSize"": ""209"", ""connectionTimeout"": ""518695"", ""connectionUploadTimeout"": ""305145"", ""disableUploadTimeout"": ""TRUE"", ""executorTerminationTimeoutMillis"": ""329166"", ""keepAliveTimeout"": ""596575"", ""maxConnections"": ""15293"", ""maxHeaderCount"": ""823"", ""maxHttpHeaderSize"": ""16023"", ""maxHttpRequestHeaderSize"": ""31055"", ""maxHttpResponseHeaderSize"": ""30079"", ""maxKeepAliveRequests"": ""4282"", ""maxParameterCount"": ""27387"", ""maxSwallowSize"": ""14266467"", ""maxThreads"": ""383"", ""minSpareThreads"": ""17"", ""processorCache"": ""237"", ""tcpNoDelay"": ""FALSE"", ""threadPriority"": ""4"", ""threadsMaxIdleTime"": ""132777"", ""throughput__2"": ""1398.56"", ""useAsyncIO"": ""TRUE"", ""useVirtualThreads"": ""FALSE""}"
tomcat,tpe,3305,plain,false,192,1405.38,45.33,1405.38,10.055357456207275,"[8, 50, 10, False]",0.0,10.055279731750488,0.0,"{""acceptCount"": ""438"", ""allowBackslash"": ""TRUE"", ""compression"": ""on"", ""compressionMinSize"": ""10149"", ""connectionTimeout"": ""557374"", ""connectionUploadTimeout"": ""565761"", ""disableUploadTimeout"": ""TRUE"", ""executorTerminationTimeoutMillis"": ""292558"", ""keepAliveTimeout"": ""485675"", ""maxConnections"": ""15719"", ""maxHeaderCount"": ""665"", ""maxHttpHeaderSize"": ""16662"", ""maxHttpRequestHeaderSize"": ""38344"", ""maxHttpResponseHeaderSize"": ""25398"", ""maxKeepAliveRequests"": ""3164"", ""maxParameterCount"": ""4619"", ""maxSwallowSize"": ""18479146"", ""maxThreads"": ""390"", ""minSpareThreads"": ""907"", ""processorCache"": ""172"", ""tcpNoDelay"": ""TRUE"", ""threadPriority"": ""9"", ""threadsMaxIdleTime"": ""98458"", ""throughput__2"": ""1405.38"", ""useAsyncIO"": ""TRUE"", ""useVirtualThreads"": ""FALSE""}"
tomcat,tpe,3305,plain,false,193,1449.96,38.76,1449.96,10.053159236907959,"[8, 50, 10, False]",0.0,10.053077697753906,0.0,"{""acceptCount"": ""196"", ""allowBackslash"": ""FALSE"", ""compression"": ""off"", ""compressionMinSize"": ""9612"", ""connectionTimeout"": ""352580"", ""connectionUploadTimeout"": ""376060"", ""disableUploadTimeout"": ""FALSE"", ""executorTerminationTimeoutMillis"": ""415670"", ""keepAliveTimeout"": ""449487"", ""maxConnections"": ""13205"", ""maxHeaderCount"": ""51"", ""maxHttpHeaderSize"": ""57784"", ""maxHttpRequestHeaderSize"": ""39584"", ""maxHttpResponseHeaderSize"": ""20082"", ""maxKeepAliveRequests"": ""3551"", ""maxParameterCount"": ""53941"", ""maxSwallowSize"": ""15816341"", ""maxThreads"": ""245"", ""minSpareThreads"": ""929"", ""processorCache"": ""208"", ""tcpNoDelay"": ""FALSE"", ""threadPriority"": ""7"", ""threadsMaxIdleTime"": ""5363"", ""throughput__2"": ""1449.96"", ""useAsyncIO"": ""TRUE"", ""useVirtualThreads"": ""FALSE""}"
tomcat,tpe,3305,plain,false,194,1427.1,43.94,1427.1,10.019936084747314,"[8, 50, 10, False]",0.0,10.01984715461731,0.0,"{""acceptCount"": ""62"", ""allowBackslash"": ""FALSE"", ""compression"": ""force"", ""compressionMinSize"": ""5569"", ""connectionTimeout"": ""439449"", ""connectionUploadTimeout"": ""335878"", ""disableUploadTimeout"": ""TRUE"", ""executorTerminationTimeoutMillis"": ""422927"", ""keepAliveTimeout"": ""366470"", ""maxConnections"": ""4790"", ""maxHeaderCount"": ""65"", ""maxHttpHeaderSize"": ""523"", ""maxHttpRequestHeaderSize"": ""27335"", ""maxHttpResponseHeaderSize"": ""63797"", ""maxKeepAliveRequests"": ""257"", ""maxParameterCount"": ""4877"", ""maxSwallowSize"": ""5731560"", ""maxThreads"": ""325"", ""minSpareThreads"": ""124"", ""processorCache"": ""95"", ""tcpNoDelay"": ""FALSE"", ""threadPriority"": ""6"", ""threadsMaxIdleTime"": ""73337"", ""throughput__2"": ""1427.1"", ""useAsyncIO"": ""TRUE"", ""useVirtualThreads"": ""FALSE""}"
tomcat,tpe,3305,plain,false,195,1416.49,47.92,1416.49,10.122945547103882,"[8, 50, 10, False]",0.0,10.1228666305542,0.0,"{""acceptCount"": ""555"", ""allowBackslash"": ""TRUE"", ""compression"": ""force"", ""compressionMinSize"": ""454"", ""connectionTimeout"": ""531264"", ""connectionUploadTimeout"": ""544321"", ""disableUploadTimeout"": ""FALSE"", ""executorTerminationTimeoutMillis"": ""341872"", ""keepAliveTimeout"": ""481327"", ""maxConnections"": ""5142"", ""maxHeaderCount"": ""887"", ""maxHttpHeaderSize"": ""34801"", ""maxHttpRequestHeaderSize"": ""52563"", ""maxHttpResponseHeaderSize"": ""20999"", ""maxKeepAliveRequests"": ""1709"", ""maxParameterCount"": ""85936"", ""maxSwallowSize"": ""15923671"", ""maxThreads"": ""198"", ""minSpareThreads"": ""668"", ""processorCache"": ""343"", ""tcpNoDelay"": ""FALSE"", ""threadPriority"": ""4"", ""threadsMaxIdleTime"": ""272293"", ""throughput__2"": ""1416.49"", ""useAsyncIO"": ""FALSE"", ""useVirtualThreads"": ""FALSE""}"
tomcat,tpe,3305,plain,false,196,1417.19,39.52,1417.19,10.027286291122437,"[8, 50, 10, False]",0.0,10.027203798294067,0.0,"{""acceptCount"": ""180"", ""allowBackslash"": ""TRUE"", ""compression"": ""force"", ""compressionMinSize"": ""6046"", ""connectionTimeout"": ""200277"", ""connectionUploadTimeout"": ""316064"", ""disableUploadTimeout"": ""FALSE"", ""executorTerminationTimeoutMillis"": ""371136"", ""keepAliveTimeout"": ""23515"", ""maxConnections"": ""3070"", ""maxHeaderCount"": ""869"", ""maxHttpHeaderSize"": ""55290"", ""maxHttpRequestHeaderSize"": ""14289"", ""maxHttpResponseHeaderSize"": ""41261"", ""maxKeepAliveRequests"": ""1749"", ""maxParameterCount"": ""85925"", ""maxSwallowSize"": ""12191718"", ""maxThreads"": ""274"", ""minSpareThreads"": ""222"", ""processorCache"": ""214"", ""tcpNoDelay"": ""FALSE"", ""threadPriority"": ""6"", ""threadsMaxIdleTime"": ""204002"", ""throughput__2"": ""1417.19"", ""useAsyncIO"": ""FALSE"", ""useVirtualThreads"": ""FALSE""}"
tomcat,tpe,3305,plain,false,197,1379.64,47.17,1379.64,10.086016416549683,"[8, 50, 10, False]",0.0,10.08593463897705,0.0,"{""acceptCount"": ""457"", ""allowBackslash"": ""FALSE"", ""compression"": ""force"", ""compressionMinSize"": ""10007"", ""connectionTimeout"": ""60961"", ""connectionUploadTimeout"": ""81721"", ""disableUploadTimeout"": ""FALSE"", ""executorTerminationTimeoutMillis"": ""550354"", ""keepAliveTimeout"": ""153418"", ""maxConnections"": ""11179"", ""maxHeaderCount"": ""637"", ""maxHttpHeaderSize"": ""31389"", ""maxHttpRequestHeaderSize"": ""59401"", ""maxHttpResponseHeaderSize"": ""45651"", ""maxKeepAliveRequests"": ""2454"", ""maxParameterCount"": ""20945"", ""maxSwallowSize"": ""17543037"", ""maxThreads"": ""128"", ""minSpareThreads"": ""717"", ""processorCache"": ""346"", ""tcpNoDelay"": ""TRUE"", ""threadPriority"": ""2"", ""threadsMaxIdleTime"": ""119731"", ""throughput__2"": ""1379.64"", ""useAsyncIO"": ""TRUE"", ""useVirtualThreads"": ""FALSE""}"
tomcat,tpe,3305,plain,false,198,1408.03,42.47,1408.03,10.056709289550781,"[8, 50, 10, False]",0.0,10.056625843048096,0.0,"{""acceptCount"": ""526"", ""allowBackslash"": ""FALSE"", ""compression"": ""on"", ""compressionMinSize"": ""9813"", ""connectionTimeout"": ""551583"", ""connectionUploadTimeout"": ""275102"", ""disableUploadTimeout"": ""TRUE"", ""executorTerminationTimeoutMillis"": ""394738"", ""keepAliveTimeout"": ""327317"", ""maxConnections"": ""18854"", ""maxHeaderCount"": ""959"", ""maxHttpHeaderSize"": ""53463"", ""maxHttpRequestHeaderSize"": ""21758"", ""maxHttpResponseHeaderSize"": ""3872"", ""maxKeepAliveRequests"": ""2716"", ""maxParameterCount"": ""91435"", ""maxSwallowSize"": ""7607748"", ""maxThreads"": ""35"", ""minSpareThreads"": ""797"", ""processorCache"": ""27"", ""tcpNoDelay"": ""FALSE"", ""threadPriority"": ""10"", ""threadsMaxIdleTime"": ""109005"", ""throughput__2"": ""1408.03"", ""useAsyncIO"": ""TRUE"", ""useVirtualThreads"": ""FALSE""}"
tomcat,tpe,3305,plain,false,199,1452.53,38.45,1452.53,10.078930616378784,"[8, 50, 10, False]",0.0,10.078852891921997,0.0,"{""acceptCount"": ""374"", ""allowBackslash"": ""TRUE"", ""compression"": ""on"", ""compressionMinSize"": ""6055"", ""connectionTimeout"": ""121007"", ""connectionUploadTimeout"": ""543435"", ""disableUploadTimeout"": ""TRUE"", ""executorTerminationTimeoutMillis"": ""396651"", ""keepAliveTimeout"": ""91838"", ""maxConnections"": ""3798"", ""maxHeaderCount"": ""722"", ""maxHttpHeaderSize"": ""2656"", ""maxHttpRequestHeaderSize"": ""2774"", ""maxHttpResponseHeaderSize"": ""31096"", ""maxKeepAliveRequests"": ""983"", ""maxParameterCount"": ""53485"", ""maxSwallowSize"": ""3546051"", ""maxThreads"": ""145"", ""minSpareThreads"": ""446"", ""processorCache"": ""191"", ""tcpNoDelay"": ""FALSE"", ""threadPriority"": ""1"", ""threadsMaxIdleTime"": ""106040"", ""throughput__2"": ""1452.53"", ""useAsyncIO"": ""TRUE"", ""useVirtualThreads"": ""FALSE""}"
tomcat,tpe,3305,plain,false,200,1381.53,41.52,1381.53,10.063690185546875,"[8, 50, 10, False]",0.0,10.063611030578613,0.0,"{""acceptCount"": ""771"", ""allowBackslash"": ""FALSE"", ""compression"": ""on"", ""compressionMinSize"": ""6212"", ""connectionTimeout"": ""442928"", ""connectionUploadTimeout"": ""364978"", ""disableUploadTimeout"": ""TRUE"", ""executorTerminationTimeoutMillis"": ""482231"", ""keepAliveTimeout"": ""50494"", ""maxConnections"": ""10395"", ""maxHeaderCount"": ""880"", ""maxHttpHeaderSize"": ""44335"", ""maxHttpRequestHeaderSize"": ""868"", ""maxHttpResponseHeaderSize"": ""46013"", ""maxKeepAliveRequests"": ""3209"", ""maxParameterCount"": ""88479"", ""maxSwallowSize"": ""6406525"", ""maxThreads"": ""99"", ""minSpareThreads"": ""270"", ""processorCache"": ""204"", ""tcpNoDelay"": ""FALSE"", ""threadPriority"": ""9"", ""threadsMaxIdleTime"": ""353263"", ""throughput__2"": ""1381.53"", ""useAsyncIO"": ""FALSE"", ""useVirtualThreads"": ""FALSE""}"
